-9505 -7780 -8995
-5200 -8895 -8186
-4940 -8395 -7761
-4940 -8610 -7608
-4235 -8500 -7308
-4065 -8480 -7167
-2970 -8555 -6895
-2970 -8525 -6800
-2970 -8655 -6735
-2970 -8710 -6519
-2945 -8395 -6172
-2945 -8690 -6256
-2945 -8610 -6145
-2945 -8475 -5882
-2945 -8690 -5930
-2910 -8505 -5782
-2485 -8510 -5645
-2485 -8540 -5599
-2485 -8475 -5531
-2485 -8595 -5449
-2485 -8405 -5567
-2485 -8500 -5406
-2485 -8405 -5266
-2485 -8580 -5487
-2485 -8335 -5288
-2485 -8490 -5366
-2485 -8390 -5291
-2485 -8380 -5310
-2485 -8360 -5327
-2485 -8475 -5299
-2330 -8540 -5304
-2330 -8355 -5169
-2330 -8320 -5060
-2330 -8470 -5269
-2330 -8220 -5085
-1905 -8370 -5218
-1905 -8260 -5169
-1905 -8385 -5072
-1905 -8335 -5015
-1905 -8355 -4953
-1905 -8335 -4929
-1905 -8225 -4958
-1905 -8270 -4918
-1905 -8420 -5027
-1905 -8300 -5051
-1905 -8330 -4862
-1905 -8335 -4911
-1905 -8295 -4934
-1905 -8215 -4821
-1905 -8240 -4859
-1905 -8395 -5025
-1905 -8320 -4965
-1905 -8290 -4968
-1905 -8225 -4989
-1905 -8410 -4998
-1905 -8395 -4964
-1905 -8305 -4970
-1905 -8275 -4913
-1905 -8305 -4779
-1905 -8385 -4943
-1905 -8185 -4808
-1905 -8375 -4852
-1905 -8205 -4775
-1905 -8195 -4659
-1905 -8190 -4675
-1905 -8230 -4744
-1905 -8200 -4815
-1905 -8215 -4893
-1905 -8120 -4639
-1905 -8110 -4642
-1905 -8220 -4703
-1905 -8190 -4767
-1905 -8270 -4812
-1905 -8265 -4733
-1905 -8285 -4837
-1905 -8155 -4779
-1905 -8145 -4832
-1905 -8065 -4547
-1905 -8150 -4685
-1905 -8310 -4749
-1905 -8400 -4913
-1905 -8310 -4883
-1500 -8005 -4694
-1500 -8125 -4676
-1500 -8140 -4638
-1500 -8310 -4794
-1500 -8240 -4680
775 -8250 -4630
775 -8280 -4704
775 -8225 -4706
775 -8380 -4784
775 -8275 -4712
775 -8375 -4588
775 -8265 -4647
775 -8260 -4628
775 -8135 -4656
775 -8105 -4567
775 -8210 -4667
775 -8150 -4538
775 -8025 -4472
775 -8195 -4545
775 -8435 -4696
775 -8175 -4484
775 -8190 -4562
775 -8180 -4558
775 -8310 -4764
775 -8115 -4479
775 -8145 -4472
1040 -8240 -4439
1040 -8060 -4541
1040 -8235 -4635
1040 -8195 -4585
1040 -8325 -4460
1040 -8075 -4410
1040 -8300 -4598
1040 -8095 -4449
1040 -8240 -4472
1040 -8020 -4559
1040 -8205 -4410
1040 -8240 -4586
1040 -8270 -4628
1040 -8375 -4703
1040 -8265 -4622
1040 -8135 -4460
1040 -7910 -4311
1040 -8275 -4514
1040 -8275 -4461
1040 -8075 -4411
1040 -8355 -4452
1040 -8135 -4325
1040 -8010 -4422
1040 -8120 -4274
1040 -8035 -4397
1040 -8085 -4374
1040 -8230 -4490
1040 -8205 -4387
1040 -8240 -4484
1040 -8170 -4421
1040 -8135 -4289
1040 -8120 -4223
1040 -8175 -4427
1040 -8195 -4368
1040 -8120 -4477
1040 -8075 -4438
1040 -8115 -4351
1040 -8105 -4354
1040 -8190 -4417
1040 -8450 -4494
1040 -8410 -4567
1040 -8060 -4372
1040 -8225 -4434
1040 -8215 -4444
1040 -8385 -4359
1040 -8210 -4445
1040 -8160 -4243
1040 -8270 -4362
1040 -8140 -4333
1040 -8215 -4339
1040 -8105 -4138
1040 -8020 -4155
1040 -8175 -4159
1040 -8255 -4404
1040 -8310 -4379
1070 -8060 -4161
1070 -8225 -4310
1070 -8345 -4378
1070 -8150 -4202
1070 -8305 -4283
1070 -8100 -4103
1070 -8085 -4164
1070 -8175 -4065
1070 -8365 -4288
1070 -8355 -4318
1370 -8390 -4219
1370 -8150 -4225
1370 -8125 -4020
1370 -8130 -4097
1370 -8205 -4289
1370 -8010 -3948
1370 -8290 -4251
1370 -8320 -4181
1370 -8060 -4083
1370 -8105 -4204
1370 -8270 -4135
1370 -8100 -4023
1370 -8150 -4120
1370 -8175 -4013
1370 -8270 -4061
1370 -8195 -4186
1370 -8210 -3969
1370 -8075 -3939
1370 -8290 -4106
1370 -8375 -3944
1370 -8230 -3967
1370 -8270 -4188
1370 -8155 -3958
1370 -8105 -4108
1370 -8170 -3968
1370 -8120 -3923
1370 -8240 -3957
1370 -8165 -3981
1370 -8255 -3819
1370 -8360 -4058
1370 -8235 -4031
1370 -8300 -4000
1370 -8225 -3838
1370 -8080 -3816
1370 -8145 -3928
1370 -8240 -4014
1370 -8220 -3987
1370 -8170 -4001
1370 -8075 -3847
1370 -8175 -3852
1370 -8340 -4021
1370 -8090 -3754
1370 -8120 -3729
1580 -7935 -3753
1580 -8145 -3657
1580 -8305 -3882
1580 -8320 -3907
1580 -8005 -3624
1580 -8145 -3641
1580 -8070 -3610
1580 -8175 -3759
1580 -8145 -3657
1580 -8095 -3582
1580 -8170 -3815
1580 -8095 -3689
1580 -8175 -3699
1580 -8220 -3635
1580 -8190 -3712
1580 -8145 -3643
1580 -8200 -3639
1580 -8255 -3583
1580 -8105 -3560
1580 -8205 -3573
1580 -8170 -3685
1580 -8145 -3420
1580 -8195 -3564
1580 -8155 -3611
1580 -8315 -3606
1580 -8090 -3575
1580 -8095 -3615
1580 -8120 -3440
1580 -8185 -3450
1580 -8090 -3375
1580 -8250 -3617
1580 -8385 -3617
1580 -8120 -3468
1580 -8250 -3456
1580 -8140 -3533
1580 -8115 -3392
1600 -8065 -3376
1600 -7980 -3496
1600 -8170 -3403
1600 -8075 -3315
1600 -8155 -3304
1600 -8130 -3198
1600 -7960 -3135
1600 -8230 -3284
1600 -8080 -3441
1600 -8055 -3295
1600 -8155 -3156
1600 -8205 -3429
1600 -8010 -3313
1600 -8185 -3380
1600 -8075 -3213
1600 -8160 -3163
1600 -8185 -3240
1600 -7985 -3092
1600 -8095 -3304
1600 -7770 -2980
1600 -8110 -3170
1600 -8085 -3214
1600 -8090 -3124
1600 -7945 -3056
1600 -8040 -3203
1600 -8300 -3178
1600 -8050 -3103
1600 -7950 -3178
1600 -8160 -3112
1600 -8060 -3050
1600 -8040 -3230
1600 -8045 -3211
1600 -8050 -3140
1600 -8005 -3090
1805 -8060 -3088
1805 -7965 -2991
1805 -8165 -3090
1805 -8085 -3126
1805 -8055 -3188
1805 -8005 -3096
1805 -7925 -2863
1805 -7990 -3017
1805 -8105 -3024
1805 -7995 -2944
1805 -8225 -3255
1805 -7980 -2777
1805 -7875 -2685
1805 -7970 -2821
1805 -8230 -3124
1905 -7715 -2442
1905 -8010 -2811
2230 -8065 -2971
2230 -7870 -2781
2230 -7975 -2750
2230 -8070 -2781
2230 -7955 -2813
2230 -7905 -2608
2230 -7920 -2625
2230 -7905 -2631
2230 -7940 -2629
2230 -7910 -2546
2230 -7940 -2507
2230 -7910 -2692
2230 -7990 -2625
2230 -7915 -2700
2230 -8025 -2576
2230 -8045 -2650
2230 -8045 -2723
2230 -7815 -2436
2230 -7680 -2425
2230 -7980 -2564
2230 -7880 -2540
2230 -7840 -2367
2230 -7985 -2479
2230 -8065 -2459
2230 -7840 -2266
2230 -7805 -2561
2230 -8040 -2487
2230 -7940 -2566
2230 -7810 -2456
2230 -7900 -2404
2230 -7975 -2443
2230 -7725 -2400
2230 -8040 -2531
2230 -7885 -2431
2230 -7800 -2345
2230 -7725 -2307
2230 -7930 -2399
2230 -7935 -2413
2230 -7845 -2249
2230 -7910 -2581
2230 -7715 -2243
2230 -7980 -2249
2230 -8065 -2472
2230 -7545 -2231
2230 -7810 -2276
2230 -7520 -2070
2230 -7740 -2199
2230 -7540 -2270
2230 -7720 -2292
2230 -7960 -2420
2230 -7845 -2226
2230 -7695 -1972
2230 -7855 -2144
2230 -7655 -2030
2230 -7800 -2224
2230 -7850 -1938
2230 -7765 -2024
2230 -7765 -1923
2230 -7610 -1851
2230 -7955 -2133
2230 -7760 -1992
2230 -7655 -2016
2230 -7610 -2095
2230 -7850 -2139
2230 -7865 -2065
2230 -7950 -2154
2230 -7750 -2007
2230 -7800 -2061
2230 -7730 -1931
2230 -7775 -2154
2230 -7660 -1868
2230 -7615 -1715
2230 -7570 -1852
2230 -7540 -1673
2235 -7670 -2028
2235 -7630 -1819
2235 -7570 -1767
2235 -7440 -1647
2235 -7710 -1813
2235 -7405 -1526
2235 -7440 -1627
2235 -7605 -1752
2235 -7705 -1891
2235 -7490 -1487
2235 -7735 -1722
2235 -7550 -1836
2235 -7525 -1671
2235 -7425 -1662
2235 -7345 -1752
2235 -7360 -1420
2235 -7435 -1603
2235 -7475 -1478
2235 -7465 -1460
2235 -7475 -1652
2235 -7110 -1535
2235 -7570 -1686
2235 -7405 -1648
2235 -7420 -1409
2235 -7625 -1614
2235 -7460 -1441
2235 -7835 -1824
2235 -7570 -1699
2235 -7505 -1371
2320 -7390 -1438
2320 -7630 -1491
2320 -7565 -1546
2320 -7225 -1506
2320 -7535 -1393
2320 -7405 -1233
2320 -7390 -1494
2320 -7320 -1221
2320 -7440 -1511
2320 -7320 -1176
2320 -7430 -1480
2320 -7100 -1051
2320 -7355 -1414
2320 -7385 -1299
2320 -7230 -1253
2320 -7570 -1551
2320 -7440 -1343
2320 -7585 -1564
2320 -7410 -1315
2320 -7585 -1572
2320 -7405 -1239
2320 -7155 -1118
2320 -7005 -1029
2320 -7395 -1376
2320 -7675 -1370
2320 -7220 -1150
2320 -7030 -881
2320 -7560 -1270
2320 -7395 -1173
2320 -7415 -1300
2320 -7620 -1145
2320 -7005 -1100
2320 -7240 -1055
2320 -7155 -959
2320 -7235 -1023
2320 -7150 -1264
2320 -7135 -1079
2320 -7330 -1028
2320 -7385 -1299
2320 -7215 -922
2320 -7305 -1072
2320 -6900 -1033
2320 -7135 -910
2320 -7305 -1016
2320 -7130 -925
2320 -6855 -973
2510 -6900 -809
2510 -7540 -1290
5740 -7185 -1154
5740 -7265 -956
5740 -7270 -1079
5740 -7330 -1105
5740 -6925 -807
5740 -7130 -806
5740 -6405 -628
5740 -6980 -865
5740 -7200 -838
5740 -7270 -868
5740 -7535 -788
5740 -7035 -651
5740 -7260 -671
5740 -6720 -564
5740 -6660 -548
5740 -6925 -626
5740 -6995 -602
5740 -7040 -350
5740 -6340 -339
5740 -7355 -666
5740 -6925 -445
5740 -7055 -378
5740 -7015 -405
5740 -7365 -588
5740 -6750 -242
5740 -6955 -312
5740 -6555 -227
5740 -6820 -491
5740 -7270 -422
5740 -6200 -110
5740 -6740 -177
5740 -7195 -334
5740 -7245 -486
5740 -6845 -9
5740 -6720 56
5740 -6930 -368
5740 -7410 -376
5740 -7435 -419
5740 -6600 -239
5740 -7195 -380
5740 -6795 -69
5740 -7405 -39
5740 -7030 4
5740 -6615 117
5740 -6145 388
5740 -7260 -40
5740 -6725 261
5740 -7465 7
5740 -6655 74
5740 -7540 -145
5740 -6865 112
5740 -6955 380
5740 -6925 78
5740 -6730 469
5740 -5125 626
5740 -6925 707
5740 -6815 248
5740 -7140 356
5740 -7305 109
5740 -6585 755
5740 -7045 539
5740 -6420 665
5740 -6960 349
5740 -6945 402
5740 -6525 700
5740 -6110 801
5740 -6935 442
5740 -6595 763
5740 -7115 533
5740 -6390 699
5740 -6550 809
5740 -6715 660
5740 -6990 418
5740 -6895 762
5740 -6960 914
5740 -7330 524
5740 -6800 860
5740 -6925 899
5740 -6635 1096
5740 -6415 1290
5740 -5775 1203
5740 -6840 1040
5740 -7195 936
5740 -6810 1052
5740 -6690 1200
5740 -6745 1100
5740 -6950 1052
5740 -6485 1457
5740 -7240 877
5740 -6760 1255
5740 -7035 1342
5740 -7005 1129
5740 -5340 1637
5740 -6230 1521
5740 -7315 1046
5740 -6520 1476
5740 -6705 1162
5740 -6655 1288
5740 -6515 1420
5740 -6950 1480
5740 -6790 1178
5740 -5140 1797
5740 -6455 1522
5740 -6590 1540
5740 -6585 1548
5740 -6815 1190
5740 -7325 1238
5740 -6130 1746
5740 -6520 1458
5740 -7060 1329
5740 -6450 1566
5740 -7025 1587
5740 -6225 1626
5740 -6520 1498
5740 -5775 1577
5740 -7345 1211
5740 -6515 1586
5740 -6495 1427
5740 -5770 1727
5740 -4875 1701
5740 -6225 1700
5740 -6590 1629
5740 -6620 1659
5740 -6740 1362
5740 -6615 1511
5740 -6695 1513
5740 -6585 1581
5740 -5440 1777
5740 -6695 1598
5740 -6515 1543
5740 -6190 1729
5740 -4875 1774
5740 -6195 1607
5740 -4875 1637
5740 -5775 1337
5740 -6925 1436
5740 -6740 1500
5740 -5560 1664
5740 -5585 1714
5740 -6450 1718
5740 -4875 1749
5740 -4875 1700
5740 -5990 1977
5740 -6210 1784
5740 -6210 1759
5740 -5140 1688
5740 -6390 1539
5740 -4930 1595
5740 -4780 1654
5740 -5775 1701
5740 -4645 1875
5740 -6150 1554
5740 -5525 1888
5740 -5305 1935
5740 -5985 1706
5740 -6740 1457
5740 -4780 1735
5740 -4200 1954
5740 -4740 1795
5740 -6495 1645
5740 -4780 1947
5740 -4645 1746
5740 -4780 1815
5740 -6515 1474
5740 -4875 1779
5740 -6330 1796
5740 -6095 1766
5740 -4740 1831
5740 -6950 1559
5740 -5050 1643
5740 -4375 2083
5740 -4255 2096
5740 -4740 1708
5740 -4780 1959
5740 -4510 2033
5740 -5065 2040
5740 -4740 1965
5740 -4875 1728
5740 -6090 1755
5740 -6285 1566
5740 -6425 1613
5740 -4875 1815
5740 -4645 2090
5740 -4875 2036
5740 -4740 1973
5740 -6350 1772
5740 -6180 1750
5740 -6125 1496
5740 -4930 1872
5740 -4930 1918
5740 -4875 1996
5740 -4335 2124
5740 -6085 1786
5740 -4875 1959
5740 -4470 1886
5740 -4740 2060
5740 -4930 1656
5740 -6315 1794
5740 -4740 1865
5740 -4875 1640
5740 -4875 1981
5740 -4065 2262
5740 -4645 2138
5740 -4470 1875
5740 -4065 2175
5740 -4740 2015
5740 -3970 2262
5740 -3935 2073
5740 -4780 1901
5740 -4935 1847
5740 -4645 1807
5740 -4395 1997
5740 -6200 1852
5740 -5990 1592
5740 -5065 1707
5740 -4780 1677
5740 -6630 1630
5740 -5065 1922
5740 -3830 2285
5740 -4335 2276
5740 -4065 2048
5740 -4780 1930
5740 -4645 1989
5740 -4255 1817
5740 -4605 2009
5740 -4470 2255
5740 -4470 2214
5740 -4780 1820
5740 -4780 1926
5740 -5140 1723
5740 -4470 2035
5740 -5065 2101
5740 -4255 1995
5740 -5455 1678
5740 -4470 2072
5740 -3965 2439
5740 -4200 2131
5740 -3885 2316
5740 -4335 2082
5740 -4255 1939
5740 -4335 1990
5740 -4375 1866
5740 -4200 2060
5740 -4875 1854
5740 -4240 2279
5740 -4065 2213
5740 -4335 2048
5740 -4065 2063
5740 -4200 2030
5740 -3925 2521
5740 -4240 2293
5740 -4930 1848
5740 -4060 2113
5740 -4930 1856
5740 -4740 1980
5740 -4255 1980
5740 -4120 2259
5740 -4645 2131
5740 -4605 2141
5740 -4875 2053
5740 -6700 1624
5740 -3920 2117
5740 -3850 2253
5740 -3930 2094
5740 -5640 1707
5740 -4595 2066
5740 -3830 2258
5740 -3820 2322
5740 -3925 2435
5740 -3795 2448
5740 -3930 2234
5740 -3935 2055
5740 -4060 2282
5740 -3715 2259
5740 -3730 2325
5740 -4525 1935
5740 -4200 2142
5740 -4470 2471
5740 -4065 2253
5740 -3695 2269
5740 -4415 2126
5740 -4240 2343
5740 -4740 2234
5740 -3830 2425
5740 -4375 1936
5740 -3970 2419
5740 -3930 2238
5740 -4510 2134
5740 -4335 2015
5740 -3635 2622
5740 -3970 2045
5740 -3935 2364
5740 -4065 2313
5740 -3935 2339
5740 -3785 2202
5740 -3930 2188
5740 -4030 2596
5740 -3925 2214
5740 -4020 2474
5740 -4065 2146
5740 -3755 2168
5740 -3595 2408
5740 -4740 2001
5740 -4040 2206
5740 -3835 2371
5740 -3785 2208
5740 -3565 2435
5740 -4200 2206
5740 -3735 2225
5740 -3970 2223
5740 -3905 2279
5740 -3930 2411
5740 -3750 2186
5740 -4375 2213
5740 -4065 2421
5740 -4065 2407
5740 -3970 2320
5740 -3930 2051
5740 -4875 1872
5740 -3920 2508
5740 -3930 2232
5740 -3795 2505
5740 -3830 2305
5740 -3535 2489
5740 -3850 2334
5740 -4120 2345
5740 -3925 2231
5740 -3565 2309
5740 -3785 2406
5740 -3830 2451
5740 -3850 2543
5740 -3715 2526
5740 -3560 2646
5740 -4020 2279
5740 -3640 2612
5740 -4060 2201
5740 -4065 2324
5740 -3930 2379
5740 -3630 2429
5740 -3630 2508
5740 -3660 2644
5740 -3755 2149
5740 -3955 2335
5740 -3660 2476
5740 -3640 2609
5740 -3695 2584
5740 -4065 2207
5740 -3920 2593
5740 -3725 2195
5740 -3820 2429
5740 -3535 2713
5740 -3745 2423
5740 -4060 2424
5740 -3755 2504
5740 -3650 2531
5740 -3695 2475
5740 -3695 2449
5740 -3620 2378
5740 -3830 2221
5740 -3430 2622
5740 -3595 2412
5740 -3660 2549
5740 -4065 2466
5740 -3650 2636
5740 -4065 2435
5740 -3400 2806
5740 -3730 2629
5740 -3640 2517
5740 -3595 2803
5740 -3635 2585
5740 -3650 2671
5740 -3640 2756
5740 -3575 2975
5740 -3850 2301
5740 -3530 2556
5740 -3515 2491
5740 -4065 2613
5740 -3850 2565
5740 -4200 2235
5740 -3745 2416
5740 -3495 2788
5740 -3495 2455
5740 -3655 2539
5740 -3850 2481
5740 -3640 2250
5740 -3935 2403
5740 -3595 2477
5740 -3465 2772
5740 -3635 2729
5740 -3340 2841
5740 -3410 3098
5740 -3630 2704
5740 -3730 2795
5740 -3560 2626
5740 -3620 2701
5740 -3565 2884
5740 -3535 2673
5740 -3395 2940
5740 -3430 2563
5740 -3290 2835
5740 -3500 2763
5740 -3630 2542
5740 -3445 2671
5740 -3445 2727
5740 -3330 3093
5740 -3660 2923
5740 -3600 2558
5740 -3410 2948
5740 -3295 2911
5740 -3535 2634
5740 -3970 2427
5740 -3430 2806
5740 -3390 2946
5740 -3820 2706
5740 -3610 2681
5740 -3820 2453
5740 -3595 2689
5740 -3610 2617
5740 -3335 2878
5740 -3430 2830
5740 -3465 2725
5740 -3685 2588
5740 -3535 2882
5740 -3090 3009
5740 -3430 3002
5740 -3430 2689
5740 -3195 3119
5740 -3505 2983
5740 -3195 2999
5740 -3530 2853
5740 -2940 2907
5740 -3630 2531
5740 -3255 2950
5740 -3195 2974
5740 -3125 3069
5740 -3250 2913
5740 -3430 2733
5740 -3635 3050
5740 -3525 2981
5740 -3295 3066
5740 -3415 2776
5740 -3430 2954
5740 -3330 3124
5740 -3295 2971
5740 -3925 2528
5740 -3430 2752
5740 -2995 3150
5740 -3310 2970
5740 -3230 2871
5740 -3220 2893
5740 -3035 2999
5740 -3020 3249
5740 -3400 2862
5740 -3250 2962
5740 -3335 3074
5740 -3295 2873
5740 -3250 2958
5740 -3020 3087
5740 -3430 2809
5740 -2995 3280
5740 -3430 2626
5740 -2885 3308
5740 -3330 3088
5740 -3015 3171
5740 -3385 3032
5740 -3430 2994
5740 -3220 2936
5740 -3430 3345
5740 -3565 2591
5740 -3155 3065
5740 -2945 2970
5740 -3385 2891
5740 -3500 2904
5740 -3410 3081
5740 -3325 2947
5740 -3130 3051
5740 -3155 3162
5740 -3245 3031
5740 -3395 3177
5740 -3255 3058
5740 -3115 3023
5740 -3330 3227
5740 -2725 3510
5740 -2930 3443
5740 -2815 3293
5740 -2725 3280
5740 -3155 3117
5740 -3415 3149
5740 -3430 2875
5740 -3430 2876
5740 -3200 3260
5740 -3130 3315
5740 -2930 3018
5740 -3110 3005
5740 -3145 3182
5740 -3010 2996
5740 -2995 3151
5740 -3230 3075
5740 -3085 2916
5740 -3195 3115
5740 -2995 3392
5740 -3130 3190
5740 -2815 3429
5740 -3020 3138
5740 -3295 3124
5740 -2805 3428
5740 -3300 3085
5740 -3100 3280
5740 -2880 3355
5740 -2935 3031
5740 -3335 2904
5740 -2420 3661
5740 -2885 3094
5740 -2925 3274
5740 -2825 3358
5740 -2620 3746
5740 -3075 3278
5740 -2615 3321
5740 -2725 3512
5740 -2685 3388
5740 -3260 3233
5740 -3125 2977
5740 -2935 3215
5740 -2675 3537
5740 -2620 3631
5740 -2420 3335
5740 -2825 3321
5740 -2935 3451
5740 -3020 3370
5740 -2785 3432
5740 -2655 3375
5740 -2940 3378
5740 -2720 3483
5740 -2725 3151
5740 -2720 3410
5740 -2720 3431
5740 -2190 3690
5740 -3200 3040
5740 -2820 3302
5740 -2965 3418
5740 -2815 3284
5740 -2655 3071
5740 -2460 3548
5740 -2650 3368
5740 -2685 3547
5740 -2410 3707
5740 -2790 3530
5740 -2595 3769
5740 -2825 3304
5740 -2920 3226
5740 -2615 3562
5740 -2385 3566
5740 -2910 3158
5740 -185 4085
5740 -3100 3373
5740 -2910 3563
5740 -3055 3338
5740 -2785 3434
5740 -3205 3158
5740 -2875 3361
5740 -2700 3490
5740 -2940 3486
5740 -2995 3482
5740 -2875 3464
5740 -2585 3385
5740 -2650 3213
5740 -2795 3544
5740 -2335 3683
5740 -2545 3604
5740 -2310 3665
5740 -2785 3521
5740 -2635 3584
5740 -2285 3847
5740 -2175 3871
5740 -2125 3909
5740 -2690 3497
5740 -2620 3605
5740 -2405 3696
5740 -2090 3778
5740 -2100 3804
5740 -1000 4051
5740 -2290 3907
5740 -2385 3929
5740 -2685 3507
5740 -1880 3936
5740 -2925 3126
5740 -2615 3665
5740 -2600 3656
5740 -2310 3692
5740 -2460 3476
5740 -2500 3673
5740 -2410 3590
5740 -3020 3394
5740 -2005 3861
5740 -1880 3870
5740 -2580 3614
5740 -1990 3982
5740 -2085 3778
5740 -2490 3917
5740 -2545 3711
5740 -2605 3605
5740 -2620 3442
5740 -2090 3678
5740 -305 3957
5740 -2600 3635
5740 -1880 3929
5740 -1000 4121
5740 -1135 3955
5740 290 4118
5740 -2925 3530
5740 -2545 3627
5740 -1330 4059
5740 -320 4047
5740 -2550 3664
5740 -1880 3796
5740 290 4061
5740 -1880 4039
5740 -2315 3702
5740 -1880 3895
5740 -2485 3417
5740 -1990 3878
5740 -1760 3889
5740 -2090 4030
5740 -1990 4026
5740 -2230 3901
5740 -1880 4218
5740 -2310 3941
5740 -2220 3830
5740 290 4077
5740 -2285 4019
5740 -2375 3689
5740 425 4163
5740 -2510 3601
5740 -2085 3984
5740 -2090 3822
5740 290 4191
5740 290 4071
5740 290 4024
5740 -2225 3985
5740 575 4105
5740 -2085 3854
5740 385 3979
5740 290 4135
5740 -1880 3990
5740 290 4190
5740 -1975 4001
5740 385 4116
5740 -1880 4007
5740 425 4228
5740 290 4203
5740 290 4001
5740 -1785 4034
5740 -2310 3810
5740 385 4202
5740 575 4133
5740 -1990 4013
5740 -2075 3828
5740 -1600 4177
5740 290 4203
5740 -1135 4143
5740 -1115 4117
5740 290 4305
5740 -1880 4029
5740 110 3981
5740 -2145 3720
5740 -2290 3682
5740 385 4193
5740 385 4188
5740 425 4193
5740 425 4345
5740 -1760 4175
5740 290 4199
5740 -925 4150
5740 425 4264
5740 575 4480
5740 290 4231
5740 710 4450
5740 695 4473
5740 425 4226
5740 385 4211
5740 575 4492
5740 290 4327
5740 425 4208
5740 290 4214
5740 290 4331
5740 710 4337
5740 575 4465
5740 575 4516
5740 -1880 4036
5740 425 4352
5740 575 4441
5740 290 4398
5740 -1880 4040
5740 -1890 4065
5740 710 4288
5740 -1985 4180
5740 425 4409
5740 575 4215
5740 695 4358
5740 575 4407
5740 385 4168
5740 575 4275
5740 290 4228
5740 425 4391
5740 695 4409
5740 695 4293
5740 290 4158
5740 965 4486
5740 710 4327
5740 385 4160
5740 290 4292
5740 290 4271
5740 980 4552
5740 710 4687
5740 710 4380
5740 1100 4607
5740 710 4310
5740 1105 4595
5740 290 4207
5740 425 4287
5740 575 4483
5740 575 4386
5740 1115 4605
5740 575 4424
5740 710 4554
5740 575 4246
5740 385 4231
5740 425 4320
5740 290 4351
5740 710 4636
5740 980 4584
5740 710 4430
5740 425 4452
5740 575 4394
5740 830 4511
5740 710 4574
5740 1100 4544
5740 1100 4677
5740 575 4584
5740 1100 4782
5740 830 4764
5740 1100 4609
5740 695 4385
5740 425 4434
5740 575 4417
5740 1315 4739
5740 1100 4491
5740 695 4486
5740 575 4515
5740 790 4494
5740 710 4406
5740 965 4437
5740 575 4597
5740 575 4500
5740 1105 4614
5740 695 4322
5740 575 4359
5740 1420 4843
5740 710 4678
5740 710 4531
5740 965 4676
5740 1335 4895
5740 1335 4748
5740 1315 4929
5740 1535 4950
5740 830 4689
5740 1385 4859
5740 965 4546
5740 790 4612
5740 1105 4731
5740 1100 4705
5740 1390 5073
5740 1100 4853
5740 1385 4887
5740 790 4612
5740 1100 4620
5740 1410 4765
5740 980 4478
5740 1100 4839
5740 710 4477
5740 1335 4751
5740 385 4471
5740 1195 4845
5740 710 4679
5740 1385 4765
5740 1385 4886
5740 790 4656
5740 1100 4597
5740 1100 4738
5740 1470 4976
5740 1195 5006
5740 1385 4860
5740 1410 4922
5740 1315 4806
5740 1385 4850
5740 1100 4630
5740 1470 5175
5740 1105 4749
5740 1335 5026
5740 1390 4795
5740 1530 5132
5740 1335 4816
5740 1385 5097
5740 1385 4963
5740 1435 5070
5740 1410 4746
5740 1335 4995
5740 1335 5018
5740 1315 4967
5740 1420 4905
5740 1385 4955
5740 965 4727
5740 1385 5046
5740 1600 5218
5740 1115 4730
5740 1600 5128
5740 1630 5140
5740 1115 4787
5740 1410 4926
5740 1390 5065
5740 1335 4788
5740 1315 4898
5740 1470 5013
5740 1385 4792
5740 1470 5048
5740 1470 4987
5740 1530 5132
5740 1630 5146
5740 1385 4941
5740 1335 5002
5740 1620 5209
5740 1435 5143
5740 1390 5028
5740 1470 5030
5740 1525 5059
5740 1620 5310
5740 1635 5271
5740 1420 5062
5740 1530 5103
5740 1735 5383
5740 1535 5095
5740 1470 5100
5740 1420 4927
5740 1115 4800
5740 1470 5057
5740 1470 5142
5740 1470 5236
5740 1390 5049
5740 1620 5348
5740 1385 4826
5740 1470 5252
5740 1420 4847
5740 1420 5220
5740 1600 5285
5740 1630 5293
5740 1735 5482
5740 1470 5182
5740 1635 5328
5740 1630 5173
5740 3835 5721
5740 1525 5194
5740 1530 5249
5740 1630 5353
5740 1470 5194
5740 1720 5476
5740 1470 5236
5740 1470 5071
5740 1420 5160
5740 1705 5298
5740 1535 5365
5740 1630 5427
5740 1470 5330
5740 1630 5215
5740 1635 5349
5740 1470 5001
5740 1735 5521
5740 1525 5141
5740 1470 5059
5740 1810 5439
5740 1630 5121
5740 1410 5062
5740 1600 5166
5740 1390 5178
5740 1630 5202
5740 1735 5405
5740 2020 5596
5740 2020 5523
5740 2020 5643
5740 1600 5451
5740 2035 5658
5740 1810 5425
5740 2510 5698
5740 1735 5495
5740 1635 5330
5740 1945 5602
5740 1915 5511
5740 1735 5375
5740 1620 5414
5740 1720 5372
5740 1720 5432
5740 1915 5585
5740 1720 5229
5740 1820 5559
5740 1735 5468
5740 2020 5635
5740 1735 5452
5740 1915 5575
5740 1920 5532
5740 1810 5449
5740 2020 5592
5740 1630 5408
5740 1735 5446
5740 2510 5714
5740 5740 5740
5740 1915 5491
5740 5740 5740
5740 5740 5740
5740 5740 5740
5740 2020 5649
5740 5740 5740
5740 2510 5713
5740 1945 5624
5740 5740 5740
5740 3835 5721
5740 3835 5730
5740 5740 5740
5740 1920 5568
5740 5740 5740
5740 3835 5721
5740 2020 5629
5740 3835 5721
5740 5740 5740
5740 5740 5740
5740 2020 5579
5740 2230 5681
5740 5740 5740
5740 1945 5629
5740 5740 5740
5740 5740 5740
5740 5740 5740
5740 5740 5740
5740 2510 5695
5740 5740 5740
5740 2035 5608
5740 5740 5740
5740 5740 5740
5740 5740 5740
5740 5740 5740
5740 5740 5740
5740 5740 5740
5740 5740 5740
5740 5740 5740
5740 5740 5740
5740 5740 5740
5740 5740 5740
5740 5740 5740
5740 5740 5740
5740 5740 5740
5740 5740 5740
5740 5740 5740
5740 5740 5740
5740 5740 5740
5740 5740 5740
5740 5740 5740
5740 5740 5740
5740 5740 5740
5740 5740 5740
5740 5740 5740
5740 5740 5740
5740 5740 5740
5740 5740 5740
5740 5740 5740
5740 5740 5740
5740 5740 5740
5740 5740 5740
5740 5740 5740
5740 5740 5740
5740 5740 5740
5740 5740 5740
5740 5740 5740
5740 5740 5740
5740 5740 5740
5740 5740 5740
5740 5740 5740
5740 5740 5740
5740 5740 5740
5740 5740 5740
5740 5740 5740
5740 5740 5740
5740 5740 5740
5740 5740 5740
5740 5740 5740
5740 5740 5740
5740 5740 5740
5740 5740 5740
5740 5740 5740
5740 5740 5740
5740 5740 5740
5740 5740 5740
5740 5740 5740
5740 5740 5740
5740 5740 5740
5740 5740 5740
5740 5740 5740
5740 5740 5740
5740 5740 5740
5740 5740 5740
5740 5740 5740
5740 5740 5740
5740 5740 5740
5740 5740 5740
5740 5740 5740
5740 5740 5740
5740 5740 5740
5740 5740 5740
5740 5740 5740
5740 5740 5740
5740 5740 5740
5740 5740 5740
5740 5740 5740
5740 5740 5740
5740 5740 5740
5740 5740 5740
5740 5740 5740
5740 5740 5740
5740 5740 5740
5740 5740 5740
5740 5740 5740
5740 5740 5740
5740 5740 5740
5740 5740 5740
5740 5740 5740
5740 5740 5740
5740 5740 5740
5740 5740 5740
5740 5740 5740
5740 5740 5740
5740 5740 5740
5740 5740 5740
5740 5740 5740
5740 5740 5740
5740 5740 5740
5740 5740 5740
5740 5740 5740
5740 5740 5740
5740 5740 5740
5740 5740 5740
5740 5740 5740
5740 5740 5740
5740 5740 5740
5740 5740 5740
5740 5740 5740
5740 5740 5740
5740 5740 5740
5740 5740 5740
5740 5740 5740
5740 5740 5740
5740 5740 5740
5740 5740 5740
5740 5740 5740
5740 5740 5740
5740 5740 5740
5740 5740 5740
5740 5740 5740
5740 5740 5740
5740 5740 5740
5740 5740 5740
5740 5740 5740
5740 5740 5740
5740 5740 5740
5740 5740 5740
5740 5740 5740
5740 5740 5740
5740 5740 5740
5740 5740 5740
5740 5740 5740
5740 5740 5740
5740 5740 5740
5740 5740 5740
5740 5740 5740
5740 5740 5740
5740 5740 5740
5740 5740 5740
5740 5740 5740
5740 5740 5740
5740 5740 5740
5740 5740 5740
5740 5740 5740
5740 5740 5740
5740 5740 5740
5740 5740 5740
5740 5740 5740
5740 5740 5740
5740 5740 5740
5740 5740 5740
5740 5740 5740
5740 5740 5740
5740 5740 5740
5740 5740 5740
5740 5740 5740
5740 5740 5740
5740 5740 5740
5740 5740 5740
5740 5740 5740
5740 5740 5740
5740 5740 5740
5740 5740 5740
5740 5740 5740
5740 5740 5740
5740 5740 5740
5740 5740 5740
5740 5740 5740
5740 5740 5740
5740 5740 5740
5740 5740 5740
5740 5740 5740
5740 5740 5740
5740 5740 5740
5740 5740 5740
5740 5740 5740
5740 5740 5740
5740 5740 5740
5740 5740 5740
5740 5740 5740
5740 5740 5740
5740 5740 5740
5740 5740 5740
5740 5740 5740
5740 5740 5740
5740 5740 5740
5740 5740 5740
5740 5740 5740
5740 5740 5740
5740 5740 5740
5740 5740 5740
5740 5740 5740
5740 5740 5740
5740 5740 5740
5740 5740 5740
5740 5740 5740
5740 5740 5740
5740 5740 5740
5740 5740 5740
5740 5740 5740
5740 5740 5740
5740 5740 5740
5740 5740 5740
5740 5740 5740
5740 5740 5740
5740 5740 5740
5740 5740 5740
5740 5740 5740
5740 5740 5740
5740 5740 5740
5740 5740 5740
5740 5740 5740
5740 5740 5740
5740 5740 5740
5740 5740 5740
5740 5740 5740
5740 5740 5740
5740 5740 5740
5740 5740 5740
5740 5740 5740
5740 5740 5740
5740 5740 5740
5740 5740 5740
5740 5740 5740
5740 5740 5740
5740 5740 5740
5740 5740 5740
5740 5740 5740
5740 5740 5740
5740 5740 5740
5740 5740 5740
5740 5740 5740
5740 5740 5740
5740 5740 5740
5740 5740 5740
5740 5740 5740
5740 5740 5740
5740 5740 5740
5740 5740 5740
5740 5740 5740
5740 5740 5740
5740 5740 5740
5740 5740 5740
5740 5740 5740
5740 5740 5740
5740 5740 5740
5740 5740 5740
5740 5740 5740
5740 5740 5740
5740 5740 5740
5740 5740 5740
5740 5740 5740
5740 5740 5740
5740 5740 5740
5740 5740 5740
5740 5740 5740
5740 5740 5740
5740 5740 5740
5740 5740 5740
5740 5740 5740
5740 5740 5740
5740 5740 5740
5740 5740 5740
5740 5740 5740
5740 5740 5740
5740 5740 5740
5740 5740 5740
5740 5740 5740
5740 5740 5740
5740 5740 5740
5740 5740 5740
5740 5740 5740
5740 5740 5740
5740 5740 5740
5740 5740 5740
5740 5740 5740
5740 5740 5740
5740 5740 5740
5740 5740 5740
5740 5740 5740
5740 5740 5740
5740 5740 5740
5740 5740 5740
5740 5740 5740
5740 5740 5740
5740 5740 5740
5740 5740 5740
5740 5740 5740
5740 5740 5740
5740 5740 5740
5740 5740 5740
5740 5740 5740
5740 5740 5740
5740 5740 5740
5740 5740 5740
5740 5740 5740
5740 5740 5740
5740 5740 5740
5740 5740 5740
5740 5740 5740
5740 5740 5740
5740 5740 5740
5740 5740 5740
5740 5740 5740
5740 5740 5740
5740 5740 5740
5740 5740 5740
5740 5740 5740
5740 5740 5740
5740 5740 5740
5740 5740 5740
5740 5740 5740
5740 5740 5740
5740 5740 5740
5740 5740 5740
5740 5740 5740
5740 5740 5740
5740 5740 5740
5740 5740 5740
5740 5740 5740
5740 5740 5740
5740 5740 5740
5740 5740 5740
5740 5740 5740
5740 5740 5740
5740 5740 5740
5740 5740 5740
5740 5740 5740
5740 5740 5740
5740 5740 5740
5740 5740 5740
5740 5740 5740
5740 5740 5740
5740 5740 5740
5740 5740 5740
5740 5740 5740
5740 5740 5740
5740 5740 5740
5740 5740 5740
5740 5740 5740
5740 5740 5740
5740 5740 5740
5740 5740 5740
5740 5740 5740
5740 5740 5740
5740 5740 5740
5740 5740 5740
5740 5740 5740
5740 5740 5740
5740 5740 5740
5740 5740 5740
5740 5740 5740
5740 5740 5740
5740 5740 5740
5740 5740 5740
5740 5740 5740
5740 5740 5740
5740 5740 5740
5740 5740 5740
5740 5740 5740
5740 5740 5740
5740 5740 5740
5740 5740 5740
5740 5740 5740
5740 5740 5740
5740 5740 5740
5740 5740 5740
5740 5740 5740
5740 5740 5740
5740 5740 5740
5740 5740 5740
5740 5740 5740
5740 5740 5740
5740 5740 5740
5740 5740 5740
5740 5740 5740
5740 5740 5740
5740 5740 5740
5740 5740 5740
5740 5740 5740
5740 5740 5740
5740 5740 5740
5740 5740 5740
5740 5740 5740
5740 5740 5740
5740 5740 5740
5740 5740 5740
5740 5740 5740
5740 5740 5740
5740 5740 5740
5740 5740 5740
5740 5740 5740
5740 5740 5740
5740 5740 5740
5740 5740 5740
5740 5740 5740
5740 5740 5740
5740 5740 5740
5740 5740 5740
5740 5740 5740
5740 5740 5740
5740 5740 5740
5740 5740 5740
5740 5740 5740
5740 5740 5740
5740 5740 5740
5740 5740 5740
5740 5740 5740
5740 5740 5740
5740 5740 5740
5740 5740 5740
5740 5740 5740
5740 5740 5740
5740 5740 5740
5740 5740 5740
5740 5740 5740
5740 5740 5740
5740 5740 5740
5740 5740 5740
5740 5740 5740
5740 5740 5740
5740 5740 5740
5740 5740 5740
5740 5740 5740
5740 5740 5740
5740 5740 5740
5740 5740 5740
5740 5740 5740
5740 5740 5740
5740 5740 5740
5740 5740 5740
5740 5740 5740
5740 5740 5740
5740 5740 5740
5740 5740 5740
5740 5740 5740
5740 5740 5740
5740 5740 5740
5740 5740 5740
5740 5740 5740
5740 5740 5740
5740 5740 5740
5740 5740 5740
5740 5740 5740
5740 5740 5740
5740 5740 5740
5740 5740 5740
5740 5740 5740
5740 5740 5740
5740 5740 5740
5740 5740 5740
5740 5740 5740
5740 5740 5740
5740 5740 5740
5740 5740 5740
5740 5740 5740
5740 5740 5740
5740 5740 5740
5740 5740 5740
5740 5740 5740
5740 5740 5740
5740 5740 5740
5740 5740 5740
5740 5740 5740
5740 5740 5740
5740 5740 5740
5740 5740 5740
5740 5740 5740
5740 5740 5740
5740 5740 5740
5740 5740 5740
5740 5740 5740
5740 5740 5740
5740 5740 5740
5740 5740 5740
5740 5740 5740
5740 5740 5740
5740 5740 5740
5740 5740 5740
5740 5740 5740
5740 5740 5740
5740 5740 5740
5740 5740 5740
5740 5740 5740
5740 5740 5740
5740 5740 5740
5740 5740 5740
5740 5740 5740
5740 5740 5740
5740 5740 5740
5740 5740 5740
5740 5740 5740
5740 5740 5740
5740 5740 5740
5740 5740 5740
5740 5740 5740
5740 5740 5740
5740 5740 5740
5740 5740 5740
5740 5740 5740
5740 5740 5740
5740 5740 5740
5740 5740 5740
5740 5740 5740
5740 5740 5740
5740 5740 5740
5740 5740 5740
5740 5740 5740
5740 5740 5740
5740 5740 5740
5740 5740 5740
5740 5740 5740
5740 5740 5740
5740 5740 5740
5740 5740 5740
5740 5740 5740
5740 5740 5740
5740 5740 5740
5740 5740 5740
5740 5740 5740
5740 5740 5740
5740 5740 5740
5740 5740 5740
5740 5740 5740
5740 5740 5740
5740 5740 5740
5740 5740 5740
5740 5740 5740
5740 5740 5740
5740 5740 5740
5740 5740 5740
5740 5740 5740
5740 5740 5740
5740 5740 5740
5740 5740 5740
5740 5740 5740
5740 5740 5740
5740 5740 5740
5740 5740 5740
5740 5740 5740
5740 5740 5740
5740 5740 5740
5740 5740 5740
5740 5740 5740
5740 5740 5740
5740 5740 5740
5740 5740 5740
5740 5740 5740
5740 5740 5740
5740 5740 5740
5740 5740 5740
5740 5740 5740
5740 5740 5740
5740 5740 5740
5740 5740 5740
5740 5740 5740
5740 5740 5740
5740 5740 5740
5740 5740 5740
5740 5740 5740
5740 5740 5740
5740 5740 5740
5740 5740 5740
5740 5740 5740
5740 5740 5740
5740 5740 5740
5740 5740 5740
5740 5740 5740
5740 5740 5740
5740 5740 5740
5740 5740 5740
5740 5740 5740
5740 5740 5740
5740 5740 5740
5740 5740 5740
5740 5740 5740
5740 5740 5740
5740 5740 5740
5740 5740 5740
5740 5740 5740
5740 5740 5740
5740 5740 5740
5740 5740 5740
5740 5740 5740
5740 5740 5740
5740 5740 5740
5740 5740 5740
5740 5740 5740
5740 5740 5740
5740 5740 5740
5740 5740 5740
5740 5740 5740
5740 5740 5740
5740 5740 5740
5740 5740 5740
5740 5740 5740
5740 5740 5740
5740 5740 5740
5740 5740 5740
5740 5740 5740
5740 5740 5740
5740 5740 5740
5740 5740 5740
-9505 -7780 -8995
-5200 -8895 -8186
-4940 -8395 -7761
-4940 -8610 -7608
-4235 -8500 -7308
-4065 -8480 -7167
-2970 -8555 -6895
-2970 -8525 -6800
-2970 -8655 -6735
-2970 -8710 -6519
-2945 -8395 -6172
-2945 -8690 -6256
-2945 -8610 -6145
-2945 -8475 -5882
-2945 -8690 -5930
-2910 -8505 -5782
-2485 -8510 -5645
-2485 -8540 -5599
-2485 -8475 -5531
-2485 -8595 -5449
-2485 -8405 -5567
-2485 -8500 -5406
-2485 -8405 -5266
-2485 -8580 -5487
-2485 -8335 -5288
-2485 -8490 -5366
-2485 -8390 -5291
-2485 -8380 -5310
-2485 -8360 -5327
-2485 -8475 -5299
-2330 -8540 -5304
-2330 -8355 -5169
-2330 -8320 -5060
-2330 -8470 -5269
-2330 -8220 -5085
-1905 -8370 -5218
-1905 -8260 -5169
-1905 -8385 -5072
-1905 -8335 -5015
-1905 -8355 -4953
-1905 -8335 -4929
-1905 -8225 -4958
-1905 -8270 -4918
-1905 -8420 -5027
-1905 -8300 -5051
-1905 -8330 -4862
-1905 -8335 -4911
-1905 -8295 -4934
-1905 -8215 -4821
-1905 -8240 -4859
-1905 -8395 -5025
-1905 -8320 -4965
-1905 -8290 -4968
-1905 -8225 -4989
-1905 -8410 -4998
-1905 -8395 -4964
-1905 -8305 -4970
-1905 -8275 -4913
-1905 -8305 -4779
-1905 -8385 -4943
-1905 -8185 -4808
-1905 -8375 -4852
-1905 -8205 -4775
-1905 -8195 -4659
-1905 -8190 -4675
-1905 -8230 -4744
-1905 -8200 -4815
-1905 -8215 -4893
-1905 -8120 -4639
-1905 -8110 -4642
-1905 -8220 -4703
-1905 -8190 -4767
-1905 -8270 -4812
-1905 -8265 -4733
-1905 -8285 -4837
-1905 -8155 -4779
-1905 -8145 -4832
-1905 -8065 -4547
-1905 -8150 -4685
-1905 -8310 -4749
-1905 -8400 -4913
-1905 -8310 -4883
-1500 -8005 -4694
-1500 -8125 -4676
-1500 -8140 -4638
-1500 -8310 -4794
-1500 -8240 -4680
775 -8250 -4630
775 -8280 -4704
775 -8225 -4706
775 -8380 -4784
775 -8275 -4712
775 -8375 -4588
775 -8265 -4647
775 -8260 -4628
775 -8135 -4656
775 -8105 -4567
775 -8210 -4667
775 -8150 -4538
775 -8025 -4472
775 -8195 -4545
775 -8435 -4696
775 -8175 -4484
775 -8190 -4562
775 -8180 -4558
775 -8310 -4764
775 -8115 -4479
775 -8145 -4472
1040 -8240 -4439
1040 -8060 -4541
1040 -8235 -4635
1040 -8195 -4585
1040 -8325 -4460
1040 -8075 -4410
1040 -8300 -4598
1040 -8095 -4449
1040 -8240 -4472
1040 -8020 -4559
1040 -8205 -4410
1040 -8240 -4586
1040 -8270 -4628
1040 -8375 -4703
1040 -8265 -4622
1040 -8135 -4460
1040 -7910 -4311
1040 -8275 -4514
1040 -8275 -4461
1040 -8075 -4411
1040 -8355 -4452
1040 -8135 -4325
1040 -8010 -4422
1040 -8120 -4274
1040 -8035 -4397
1040 -8085 -4374
1040 -8230 -4490
1040 -8205 -4387
1040 -8240 -4484
1040 -8170 -4421
1040 -8135 -4289
1040 -8120 -4223
1040 -8175 -4427
1040 -8195 -4368
1040 -8120 -4477
1040 -8075 -4438
1040 -8115 -4351
1040 -8105 -4354
1040 -8190 -4417
1040 -8450 -4494
1040 -8410 -4567
1040 -8060 -4372
1040 -8225 -4434
1040 -8215 -4444
1040 -8385 -4359
1040 -8210 -4445
1040 -8160 -4243
1040 -8270 -4362
1040 -8140 -4333
1040 -8215 -4339
1040 -8105 -4138
1040 -8020 -4155
1040 -8175 -4159
1040 -8255 -4404
1040 -8310 -4379
1070 -8060 -4161
1070 -8225 -4310
1070 -8345 -4378
1070 -8150 -4202
1070 -8305 -4283
1070 -8100 -4103
1070 -8085 -4164
1070 -8175 -4065
1070 -8365 -4288
1070 -8355 -4318
1370 -8390 -4219
1370 -8150 -4225
1370 -8125 -4020
1370 -8130 -4097
1370 -8205 -4289
1370 -8010 -3948
1370 -8290 -4251
1370 -8320 -4181
1370 -8060 -4083
1370 -8105 -4204
1370 -8270 -4135
1370 -8100 -4023
1370 -8150 -4120
1370 -8175 -4013
1370 -8270 -4061
1370 -8195 -4186
1370 -8210 -3969
1370 -8075 -3939
1370 -8290 -4106
1370 -8375 -3944
1370 -8230 -3967
1370 -8270 -4188
1370 -8155 -3958
1370 -8105 -4108
1370 -8170 -3968
1370 -8120 -3923
1370 -8240 -3957
1370 -8165 -3981
1370 -8255 -3819
1370 -8360 -4058
1370 -8235 -4031
1370 -8300 -4000
1370 -8225 -3838
1370 -8080 -3816
1370 -8145 -3928
1370 -8240 -4014
1370 -8220 -3987
1370 -8170 -4001
1370 -8075 -3847
1370 -8175 -3852
1370 -8340 -4021
1370 -8090 -3754
1370 -8120 -3729
1580 -7935 -3753
1580 -8145 -3657
1580 -8305 -3882
1580 -8320 -3907
1580 -8005 -3624
1580 -8145 -3641
1580 -8070 -3610
1580 -8175 -3759
1580 -8145 -3657
1580 -8095 -3582
1580 -8170 -3815
1580 -8095 -3689
1580 -8175 -3699
1580 -8220 -3635
1580 -8190 -3712
1580 -8145 -3643
1580 -8200 -3639
1580 -8255 -3583
1580 -8105 -3560
1580 -8205 -3573
1580 -8170 -3685
1580 -8145 -3420
1580 -8195 -3564
1580 -8155 -3611
1580 -8315 -3606
1580 -8090 -3575
1580 -8095 -3615
1580 -8120 -3440
1580 -8185 -3450
1580 -8090 -3375
1580 -8250 -3617
1580 -8385 -3617
1580 -8120 -3468
1580 -8250 -3456
1580 -8140 -3533
1580 -8115 -3392
1600 -8065 -3376
1600 -7980 -3496
1600 -8170 -3403
1600 -8075 -3315
1600 -8155 -3304
1600 -8130 -3198
1600 -7960 -3135
1600 -8230 -3284
1600 -8080 -3441
1600 -8055 -3295
1600 -8155 -3156
1600 -8205 -3429
1600 -8010 -3313
1600 -8185 -3380
1600 -8075 -3213
1600 -8160 -3163
1600 -8185 -3240
1600 -7985 -3092
1600 -8095 -3304
1600 -7770 -2980
1600 -8110 -3170
1600 -8085 -3214
1600 -8090 -3124
1600 -7945 -3056
1600 -8040 -3203
1600 -8300 -3178
1600 -8050 -3103
1600 -7950 -3178
1600 -8160 -3112
1600 -8060 -3050
1600 -8040 -3230
1600 -8045 -3211
1600 -8050 -3140
1600 -8005 -3090
1805 -8060 -3088
1805 -7965 -2991
1805 -8165 -3090
1805 -8085 -3126
1805 -8055 -3188
1805 -8005 -3096
1805 -7925 -2863
1805 -7990 -3017
1805 -8105 -3024
1805 -7995 -2944
1805 -8225 -3255
1805 -7980 -2777
1805 -7875 -2685
1805 -7970 -2821
1805 -8230 -3124
1905 -7715 -2442
1905 -8010 -2811
2230 -8065 -2971
2230 -7870 -2781
2230 -7975 -2750
2230 -8070 -2781
2230 -7955 -2813
2230 -7905 -2608
2230 -7920 -2625
2230 -7905 -2631
2230 -7940 -2629
2230 -7910 -2546
2230 -7940 -2507
2230 -7910 -2692
2230 -7990 -2625
2230 -7915 -2700
2230 -8025 -2576
2230 -8045 -2650
2230 -8045 -2723
2230 -7815 -2436
2230 -7680 -2425
2230 -7980 -2564
2230 -7880 -2540
2230 -7840 -2367
2230 -7985 -2479
2230 -8065 -2459
2230 -7840 -2266
2230 -7805 -2561
2230 -8040 -2487
2230 -7940 -2566
2230 -7810 -2456
2230 -7900 -2404
2230 -7975 -2443
2230 -7725 -2400
2230 -8040 -2531
2230 -7885 -2431
2230 -7800 -2345
2230 -7725 -2307
2230 -7930 -2399
2230 -7935 -2413
2230 -7845 -2249
2230 -7910 -2581
2230 -7715 -2243
2230 -7980 -2249
2230 -8065 -2472
2230 -7545 -2231
2230 -7810 -2276
2230 -7520 -2070
2230 -7740 -2199
2230 -7540 -2270
2230 -7720 -2292
2230 -7960 -2420
2230 -7845 -2226
2230 -7695 -1972
2230 -7855 -2144
2230 -7655 -2030
2230 -7800 -2224
2230 -7850 -1938
2230 -7765 -2024
2230 -7765 -1923
2230 -7610 -1851
2230 -7955 -2133
2230 -7760 -1992
2230 -7655 -2016
2230 -7610 -2095
2230 -7850 -2139
2230 -7865 -2065
2230 -7950 -2154
2230 -7750 -2007
2230 -7800 -2061
2230 -7730 -1931
2230 -7775 -2154
2230 -7660 -1868
2230 -7615 -1715
2230 -7570 -1852
2230 -7540 -1673
2235 -7670 -2028
2235 -7630 -1819
2235 -7570 -1767
2235 -7440 -1647
2235 -7710 -1813
2235 -7405 -1526
2235 -7440 -1627
2235 -7605 -1752
2235 -7705 -1891
2235 -7490 -1487
2235 -7735 -1722
2235 -7550 -1836
2235 -7525 -1671
2235 -7425 -1662
2235 -7345 -1752
2235 -7360 -1420
2235 -7435 -1603
2235 -7475 -1478
2235 -7465 -1460
2235 -7475 -1652
2235 -7110 -1535
2235 -7570 -1686
2235 -7405 -1648
2235 -7420 -1409
2235 -7625 -1614
2235 -7460 -1441
2235 -7835 -1824
2235 -7570 -1699
2235 -7505 -1371
2320 -7390 -1438
2320 -7630 -1491
2320 -7565 -1546
2320 -7225 -1506
2320 -7535 -1393
2320 -7405 -1233
2320 -7390 -1494
2320 -7320 -1221
2320 -7440 -1511
2320 -7320 -1176
2320 -7430 -1480
2320 -7100 -1051
2320 -7355 -1414
2320 -7385 -1299
2320 -7230 -1253
2320 -7570 -1551
2320 -7440 -1343
2320 -7585 -1564
2320 -7410 -1315
2320 -7585 -1572
2320 -7405 -1239
2320 -7155 -1118
2320 -7005 -1029
2320 -7395 -1376
2320 -7675 -1370
2320 -7220 -1150
2320 -7030 -881
2320 -7560 -1270
2320 -7395 -1173
2320 -7415 -1300
2320 -7620 -1145
2320 -7005 -1100
2320 -7240 -1055
2320 -7155 -959
2320 -7235 -1023
2320 -7150 -1264
2320 -7135 -1079
2320 -7330 -1028
2320 -7385 -1299
2320 -7215 -922
2320 -7305 -1072
2320 -6900 -1033
2320 -7135 -910
2320 -7305 -1016
2320 -7130 -925
2320 -6855 -973
2510 -6900 -809
2510 -7540 -1290
5740 -7185 -1154
5740 -7265 -956
5740 -7270 -1079
5740 -7330 -1105
5740 -6925 -807
5740 -7130 -806
5740 -6405 -628
5740 -6980 -865
5740 -7200 -838
5740 -7270 -868
5740 -7535 -788
5740 -7035 -651
5740 -7260 -671
5740 -6720 -564
5740 -6660 -548
5740 -6925 -626
5740 -6995 -602
5740 -7040 -350
5740 -6340 -339
5740 -7355 -666
5740 -6925 -445
5740 -7055 -378
5740 -7015 -405
5740 -7365 -588
5740 -6750 -242
5740 -6955 -312
5740 -6555 -227
5740 -6820 -491
5740 -7270 -422
5740 -6200 -110
5740 -6740 -177
5740 -7195 -334
5740 -7245 -486
5740 -6845 -9
5740 -6720 56
5740 -6930 -368
5740 -7410 -376
5740 -7435 -419
5740 -6600 -239
5740 -7195 -380
5740 -6795 -69
5740 -7405 -39
5740 -7030 4
5740 -6615 117
5740 -6145 388
5740 -7260 -40
5740 -6725 261
5740 -7465 7
5740 -6655 74
5740 -7540 -145
5740 -6865 112
5740 -6955 380
5740 -6925 78
5740 -6730 469
5740 -5125 626
5740 -6925 707
5740 -6815 248
5740 -7140 356
5740 -7305 109
5740 -6585 755
5740 -7045 539
5740 -6420 665
5740 -6960 349
5740 -6945 402
5740 -6525 700
5740 -6110 801
5740 -6935 442
5740 -6595 763
5740 -7115 533
5740 -6390 699
5740 -6550 809
5740 -6715 660
5740 -6990 418
5740 -6895 762
5740 -6960 914
5740 -7330 524
5740 -6800 860
5740 -6925 899
5740 -6635 1096
5740 -6415 1290
5740 -5775 1203
5740 -6840 1040
5740 -7195 936
5740 -6810 1052
5740 -6690 1200
5740 -6745 1100
5740 -6950 1052
5740 -6485 1457
5740 -7240 877
5740 -6760 1255
5740 -7035 1342
5740 -7005 1129
5740 -5340 1637
5740 -6230 1521
5740 -7315 1046
5740 -6520 1476
5740 -6705 1162
5740 -6655 1288
5740 -6515 1420
5740 -6950 1480
5740 -6790 1178
5740 -5140 1797
5740 -6455 1522
5740 -6590 1540
5740 -6585 1548
5740 -6815 1190
5740 -7325 1238
5740 -6130 1746
5740 -6520 1458
5740 -7060 1329
5740 -6450 1566
5740 -7025 1587
5740 -6225 1626
5740 -6520 1498
5740 -5775 1577
5740 -7345 1211
5740 -6515 1586
5740 -6495 1427
5740 -5770 1727
5740 -4875 1701
5740 -6225 1700
5740 -6590 1629
5740 -6620 1659
5740 -6740 1362
5740 -6615 1511
5740 -6695 1513
5740 -6585 1581
5740 -5440 1777
5740 -6695 1598
5740 -6515 1543
5740 -6190 1729
5740 -4875 1774
5740 -6195 1607
5740 -4875 1637
5740 -5775 1337
5740 -6925 1436
5740 -6740 1500
5740 -5560 1664
5740 -5585 1714
5740 -6450 1718
5740 -4875 1749
5740 -4875 1700
5740 -5990 1977
5740 -6210 1784
5740 -6210 1759
5740 -5140 1688
5740 -6390 1539
5740 -4930 1595
5740 -4780 1654
5740 -5775 1701
5740 -4645 1875
5740 -6150 1554
5740 -5525 1888
5740 -5305 1935
5740 -5985 1706
5740 -6740 1457
5740 -4780 1735
5740 -4200 1954
5740 -4740 1795
5740 -6495 1645
5740 -4780 1947
5740 -4645 1746
5740 -4780 1815
5740 -6515 1474
5740 -4875 1779
5740 -6330 1796
5740 -6095 1766
5740 -4740 1831
5740 -6950 1559
5740 -5050 1643
5740 -4375 2083
5740 -4255 2096
5740 -4740 1708
5740 -4780 1959
5740 -4510 2033
5740 -5065 2040
5740 -4740 1965
5740 -4875 1728
5740 -6090 1755
5740 -6285 1566
5740 -6425 1613
5740 -4875 1815
5740 -4645 2090
5740 -4875 2036
5740 -4740 1973
5740 -6350 1772
5740 -6180 1750
5740 -6125 1496
5740 -4930 1872
5740 -4930 1918
5740 -4875 1996
5740 -4335 2124
5740 -6085 1786
5740 -4875 1959
5740 -4470 1886
5740 -4740 2060
5740 -4930 1656
5740 -6315 1794
5740 -4740 1865
5740 -4875 1640
5740 -4875 1981
5740 -4065 2262
5740 -4645 2138
5740 -4470 1875
5740 -4065 2175
5740 -4740 2015
5740 -3970 2262
5740 -3935 2073
5740 -4780 1901
5740 -4935 1847
5740 -4645 1807
5740 -4395 1997
5740 -6200 1852
5740 -5990 1592
5740 -5065 1707
5740 -4780 1677
5740 -6630 1630
5740 -5065 1922
5740 -3830 2285
5740 -4335 2276
5740 -4065 2048
5740 -4780 1930
5740 -4645 1989
5740 -4255 1817
5740 -4605 2009
5740 -4470 2255
5740 -4470 2214
5740 -4780 1820
5740 -4780 1926
5740 -5140 1723
5740 -4470 2035
5740 -5065 2101
5740 -4255 1995
5740 -5455 1678
5740 -4470 2072
5740 -3965 2439
5740 -4200 2131
5740 -3885 2316
5740 -4335 2082
5740 -4255 1939
5740 -4335 1990
5740 -4375 1866
5740 -4200 2060
5740 -4875 1854
5740 -4240 2279
5740 -4065 2213
5740 -4335 2048
5740 -4065 2063
5740 -4200 2030
5740 -3925 2521
5740 -4240 2293
5740 -4930 1848
5740 -4060 2113
5740 -4930 1856
5740 -4740 1980
5740 -4255 1980
5740 -4120 2259
5740 -4645 2131
5740 -4605 2141
5740 -4875 2053
5740 -6700 1624
5740 -3920 2117
5740 -3850 2253
5740 -3930 2094
5740 -5640 1707
5740 -4595 2066
5740 -3830 2258
5740 -3820 2322
5740 -3925 2435
5740 -3795 2448
5740 -3930 2234
5740 -3935 2055
5740 -4060 2282
5740 -3715 2259
5740 -3730 2325
5740 -4525 1935
5740 -4200 2142
5740 -4470 2471
5740 -4065 2253
5740 -3695 2269
5740 -4415 2126
5740 -4240 2343
5740 -4740 2234
5740 -3830 2425
5740 -4375 1936
5740 -3970 2419
5740 -3930 2238
5740 -4510 2134
5740 -4335 2015
5740 -3635 2622
5740 -3970 2045
5740 -3935 2364
5740 -4065 2313
5740 -3935 2339
5740 -3785 2202
5740 -3930 2188
5740 -4030 2596
5740 -3925 2214
5740 -4020 2474
5740 -4065 2146
5740 -3755 2168
5740 -3595 2408
5740 -4740 2001
5740 -4040 2206
5740 -3835 2371
5740 -3785 2208
5740 -3565 2435
5740 -4200 2206
5740 -3735 2225
5740 -3970 2223
5740 -3905 2279
5740 -3930 2411
5740 -3750 2186
5740 -4375 2213
5740 -4065 2421
5740 -4065 2407
5740 -3970 2320
5740 -3930 2051
5740 -4875 1872
5740 -3920 2508
5740 -3930 2232
5740 -3795 2505
5740 -3830 2305
5740 -3535 2489
5740 -3850 2334
5740 -4120 2345
5740 -3925 2231
5740 -3565 2309
5740 -3785 2406
5740 -3830 2451
5740 -3850 2543
5740 -3715 2526
5740 -3560 2646
5740 -4020 2279
5740 -3640 2612
5740 -4060 2201
5740 -4065 2324
5740 -3930 2379
5740 -3630 2429
5740 -3630 2508
5740 -3660 2644
5740 -3755 2149
5740 -3955 2335
5740 -3660 2476
5740 -3640 2609
5740 -3695 2584
5740 -4065 2207
5740 -3920 2593
5740 -3725 2195
5740 -3820 2429
5740 -3535 2713
5740 -3745 2423
5740 -4060 2424
5740 -3755 2504
5740 -3650 2531
5740 -3695 2475
5740 -3695 2449
5740 -3620 2378
5740 -3830 2221
5740 -3430 2622
5740 -3595 2412
5740 -3660 2549
5740 -4065 2466
5740 -3650 2636
5740 -4065 2435
5740 -3400 2806
5740 -3730 2629
5740 -3640 2517
5740 -3595 2803
5740 -3635 2585
5740 -3650 2671
5740 -3640 2756
5740 -3575 2975
5740 -3850 2301
5740 -3530 2556
5740 -3515 2491
5740 -4065 2613
5740 -3850 2565
5740 -4200 2235
5740 -3745 2416
5740 -3495 2788
5740 -3495 2455
5740 -3655 2539
5740 -3850 2481
5740 -3640 2250
5740 -3935 2403
5740 -3595 2477
5740 -3465 2772
5740 -3635 2729
5740 -3340 2841
5740 -3410 3098
5740 -3630 2704
5740 -3730 2795
5740 -3560 2626
5740 -3620 2701
5740 -3565 2884
5740 -3535 2673
5740 -3395 2940
5740 -3430 2563
5740 -3290 2835
5740 -3500 2763
5740 -3630 2542
5740 -3445 2671
5740 -3445 2727
5740 -3330 3093
5740 -3660 2923
5740 -3600 2558
5740 -3410 2948
5740 -3295 2911
5740 -3535 2634
5740 -3970 2427
5740 -3430 2806
5740 -3390 2946
5740 -3820 2706
5740 -3610 2681
5740 -3820 2453
5740 -3595 2689
5740 -3610 2617
5740 -3335 2878
5740 -3430 2830
5740 -3465 2725
5740 -3685 2588
5740 -3535 2882
5740 -3090 3009
5740 -3430 3002
5740 -3430 2689
5740 -3195 3119
5740 -3505 2983
5740 -3195 2999
5740 -3530 2853
5740 -2940 2907
5740 -3630 2531
5740 -3255 2950
5740 -3195 2974
5740 -3125 3069
5740 -3250 2913
5740 -3430 2733
5740 -3635 3050
5740 -3525 2981
5740 -3295 3066
5740 -3415 2776
5740 -3430 2954
5740 -3330 3124
5740 -3295 2971
5740 -3925 2528
5740 -3430 2752
5740 -2995 3150
5740 -3310 2970
5740 -3230 2871
5740 -3220 2893
5740 -3035 2999
5740 -3020 3249
5740 -3400 2862
5740 -3250 2962
5740 -3335 3074
5740 -3295 2873
5740 -3250 2958
5740 -3020 3087
5740 -3430 2809
5740 -2995 3280
5740 -3430 2626
5740 -2885 3308
5740 -3330 3088
5740 -3015 3171
5740 -3385 3032
5740 -3430 2994
5740 -3220 2936
5740 -3430 3345
5740 -3565 2591
5740 -3155 3065
5740 -2945 2970
5740 -3385 2891
5740 -3500 2904
5740 -3410 3081
5740 -3325 2947
5740 -3130 3051
5740 -3155 3162
5740 -3245 3031
5740 -3395 3177
5740 -3255 3058
5740 -3115 3023
5740 -3330 3227
5740 -2725 3510
5740 -2930 3443
5740 -2815 3293
5740 -2725 3280
5740 -3155 3117
5740 -3415 3149
5740 -3430 2875
5740 -3430 2876
5740 -3200 3260
5740 -3130 3315
5740 -2930 3018
5740 -3110 3005
5740 -3145 3182
5740 -3010 2996
5740 -2995 3151
5740 -3230 3075
5740 -3085 2916
5740 -3195 3115
5740 -2995 3392
5740 -3130 3190
5740 -2815 3429
5740 -3020 3138
5740 -3295 3124
5740 -2805 3428
5740 -3300 3085
5740 -3100 3280
5740 -2880 3355
5740 -2935 3031
5740 -3335 2904
5740 -2420 3661
5740 -2885 3094
5740 -2925 3274
5740 -2825 3358
5740 -2620 3746
5740 -3075 3278
5740 -2615 3321
5740 -2725 3512
5740 -2685 3388
5740 -3260 3233
5740 -3125 2977
5740 -2935 3215
5740 -2675 3537
5740 -2620 3631
5740 -2420 3335
5740 -2825 3321
5740 -2935 3451
5740 -3020 3370
5740 -2785 3432
5740 -2655 3375
5740 -2940 3378
5740 -2720 3483
5740 -2725 3151
5740 -2720 3410
5740 -2720 3431
5740 -2190 3690
5740 -3200 3040
5740 -2820 3302
5740 -2965 3418
5740 -2815 3284
5740 -2655 3071
5740 -2460 3548
5740 -2650 3368
5740 -2685 3547
5740 -2410 3707
5740 -2790 3530
5740 -2595 3769
5740 -2825 3304
5740 -2920 3226
5740 -2615 3562
5740 -2385 3566
5740 -2910 3158
5740 -185 4085
5740 -3100 3373
5740 -2910 3563
5740 -3055 3338
5740 -2785 3434
5740 -3205 3158
5740 -2875 3361
5740 -2700 3490
5740 -2940 3486
5740 -2995 3482
5740 -2875 3464
5740 -2585 3385
5740 -2650 3213
5740 -2795 3544
5740 -2335 3683
5740 -2545 3604
5740 -2310 3665
5740 -2785 3521
5740 -2635 3584
5740 -2285 3847
5740 -2175 3871
5740 -2125 3909
5740 -2690 3497
5740 -2620 3605
5740 -2405 3696
5740 -2090 3778
5740 -2100 3804
5740 -1000 4051
5740 -2290 3907
5740 -2385 3929
5740 -2685 3507
5740 -1880 3936
5740 -2925 3126
5740 -2615 3665
5740 -2600 3656
5740 -2310 3692
5740 -2460 3476
5740 -2500 3673
5740 -2410 3590
5740 -3020 3394
5740 -2005 3861
5740 -1880 3870
5740 -2580 3614
5740 -1990 3982
5740 -2085 3778
5740 -2490 3917
5740 -2545 3711
5740 -2605 3605
5740 -2620 3442
5740 -2090 3678
5740 -305 3957
5740 -2600 3635
5740 -1880 3929
5740 -1000 4121
5740 -1135 3955
5740 290 4118
5740 -2925 3530
5740 -2545 3627
5740 -1330 4059
5740 -320 4047
5740 -2550 3664
5740 -1880 3796
5740 290 4061
5740 -1880 4039
5740 -2315 3702
5740 -1880 3895
5740 -2485 3417
5740 -1990 3878
5740 -1760 3889
5740 -2090 4030
5740 -1990 4026
5740 -2230 3901
5740 -1880 4218
5740 -2310 3941
5740 -2220 3830
5740 290 4077
5740 -2285 4019
5740 -2375 3689
5740 425 4163
5740 -2510 3601
5740 -2085 3984
5740 -2090 3822
5740 290 4191
5740 290 4071
5740 290 4024
5740 -2225 3985
5740 575 4105
5740 -2085 3854
5740 385 3979
5740 290 4135
5740 -1880 3990
5740 290 4190
5740 -1975 4001
5740 385 4116
5740 -1880 4007
5740 425 4228
5740 290 4203
5740 290 4001
5740 -1785 4034
5740 -2310 3810
5740 385 4202
5740 575 4133
5740 -1990 4013
5740 -2075 3828
5740 -1600 4177
5740 290 4203
5740 -1135 4143
5740 -1115 4117
5740 290 4305
5740 -1880 4029
5740 110 3981
5740 -2145 3720
5740 -2290 3682
5740 385 4193
5740 385 4188
5740 425 4193
5740 425 4345
5740 -1760 4175
5740 290 4199
5740 -925 4150
5740 425 4264
5740 575 4480
5740 290 4231
5740 710 4450
5740 695 4473
5740 425 4226
5740 385 4211
5740 575 4492
5740 290 4327
5740 425 4208
5740 290 4214
5740 290 4331
5740 710 4337
5740 575 4465
5740 575 4516
5740 -1880 4036
5740 425 4352
5740 575 4441
5740 290 4398
5740 -1880 4040
5740 -1890 4065
5740 710 4288
5740 -1985 4180
5740 425 4409
5740 575 4215
5740 695 4358
5740 575 4407
5740 385 4168
5740 575 4275
5740 290 4228
5740 425 4391
5740 695 4409
5740 695 4293
5740 290 4158
5740 965 4486
5740 710 4327
5740 385 4160
5740 290 4292
5740 290 4271
5740 980 4552
5740 710 4687
5740 710 4380
5740 1100 4607
5740 710 4310
5740 1105 4595
5740 290 4207
5740 425 4287
5740 575 4483
5740 575 4386
5740 1115 4605
5740 575 4424
5740 710 4554
5740 575 4246
5740 385 4231
5740 425 4320
5740 290 4351
5740 710 4636
5740 980 4584
5740 710 4430
5740 425 4452
5740 575 4394
5740 830 4511
5740 710 4574
5740 1100 4544
5740 1100 4677
5740 575 4584
5740 1100 4782
5740 830 4764
5740 1100 4609
5740 695 4385
5740 425 4434
5740 575 4417
5740 1315 4739
5740 1100 4491
5740 695 4486
5740 575 4515
5740 790 4494
5740 710 4406
5740 965 4437
5740 575 4597
5740 575 4500
5740 1105 4614
5740 695 4322
5740 575 4359
5740 1420 4843
5740 710 4678
5740 710 4531
5740 965 4676
5740 1335 4895
5740 1335 4748
5740 1315 4929
5740 1535 4950
5740 830 4689
5740 1385 4859
5740 965 4546
5740 790 4612
5740 1105 4731
5740 1100 4705
5740 1390 5073
5740 1100 4853
5740 1385 4887
5740 790 4612
5740 1100 4620
5740 1410 4765
5740 980 4478
5740 1100 4839
5740 710 4477
5740 1335 4751
5740 385 4471
5740 1195 4845
5740 710 4679
5740 1385 4765
5740 1385 4886
5740 790 4656
5740 1100 4597
5740 1100 4738
5740 1470 4976
5740 1195 5006
5740 1385 4860
5740 1410 4922
5740 1315 4806
5740 1385 4850
5740 1100 4630
5740 1470 5175
5740 1105 4749
5740 1335 5026
5740 1390 4795
5740 1530 5132
5740 1335 4816
5740 1385 5097
5740 1385 4963
5740 1435 5070
5740 1410 4746
5740 1335 4995
5740 1335 5018
5740 1315 4967
5740 1420 4905
5740 1385 4955
5740 965 4727
5740 1385 5046
5740 1600 5218
5740 1115 4730
5740 1600 5128
5740 1630 5140
5740 1115 4787
5740 1410 4926
5740 1390 5065
5740 1335 4788
5740 1315 4898
5740 1470 5013
5740 1385 4792
5740 1470 5048
5740 1470 4987
5740 1530 5132
5740 1630 5146
5740 1385 4941
5740 1335 5002
5740 1620 5209
5740 1435 5143
5740 1390 5028
5740 1470 5030
5740 1525 5059
5740 1620 5310
5740 1635 5271
5740 1420 5062
5740 1530 5103
5740 1735 5383
5740 1535 5095
5740 1470 5100
5740 1420 4927
5740 1115 4800
5740 1470 5057
5740 1470 5142
5740 1470 5236
5740 1390 5049
5740 1620 5348
5740 1385 4826
5740 1470 5252
5740 1420 4847
5740 1420 5220
5740 1600 5285
5740 1630 5293
5740 1735 5482
5740 1470 5182
5740 1635 5328
5740 1630 5173
5740 3835 5721
5740 1525 5194
5740 1530 5249
5740 1630 5353
5740 1470 5194
5740 1720 5476
5740 1470 5236
5740 1470 5071
5740 1420 5160
5740 1705 5298
5740 1535 5365
5740 1630 5427
5740 1470 5330
5740 1630 5215
5740 1635 5349
5740 1470 5001
5740 1735 5521
5740 1525 5141
5740 1470 5059
5740 1810 5439
5740 1630 5121
5740 1410 5062
5740 1600 5166
5740 1390 5178
5740 1630 5202
5740 1735 5405
5740 2020 5596
5740 2020 5523
5740 2020 5643
5740 1600 5451
5740 2035 5658
5740 1810 5425
5740 2510 5698
5740 1735 5495
5740 1635 5330
5740 1945 5602
5740 1915 5511
5740 1735 5375
5740 1620 5414
5740 1720 5372
5740 1720 5432
5740 1915 5585
5740 1720 5229
5740 1820 5559
5740 1735 5468
5740 2020 5635
5740 1735 5452
5740 1915 5575
5740 1920 5532
5740 1810 5449
5740 2020 5592
5740 1630 5408
5740 1735 5446
5740 2510 5714
5740 5740 5740
5740 1915 5491
5740 5740 5740
5740 5740 5740
5740 5740 5740
5740 2020 5649
5740 5740 5740
5740 2510 5713
5740 1945 5624
5740 5740 5740
5740 3835 5721
5740 3835 5730
5740 5740 5740
5740 1920 5568
5740 5740 5740
5740 3835 5721
5740 2020 5629
5740 3835 5721
5740 5740 5740
5740 5740 5740
5740 2020 5579
5740 2230 5681
5740 5740 5740
5740 1945 5629
5740 5740 5740
5740 5740 5740
5740 5740 5740
5740 5740 5740
5740 2510 5695
5740 5740 5740
5740 2035 5608
5740 5740 5740
5740 5740 5740
5740 5740 5740
5740 5740 5740
5740 5740 5740
5740 5740 5740
5740 5740 5740
5740 5740 5740
5740 5740 5740
5740 5740 5740
5740 5740 5740
5740 5740 5740
5740 5740 5740
5740 5740 5740
5740 5740 5740
5740 5740 5740
5740 5740 5740
5740 5740 5740
5740 5740 5740
5740 5740 5740
5740 5740 5740
5740 5740 5740
5740 5740 5740
5740 5740 5740
5740 5740 5740
5740 5740 5740
5740 5740 5740
5740 5740 5740
5740 5740 5740
5740 5740 5740
5740 5740 5740
5740 5740 5740
5740 5740 5740
5740 5740 5740
5740 5740 5740
5740 5740 5740
5740 5740 5740
5740 5740 5740
5740 5740 5740
5740 5740 5740
5740 5740 5740
5740 5740 5740
5740 5740 5740
5740 5740 5740
5740 5740 5740
5740 5740 5740
5740 5740 5740
5740 5740 5740
5740 5740 5740
5740 5740 5740
5740 5740 5740
5740 5740 5740
5740 5740 5740
5740 5740 5740
5740 5740 5740
5740 5740 5740
5740 5740 5740
5740 5740 5740
5740 5740 5740
5740 5740 5740
5740 5740 5740
5740 5740 5740
5740 5740 5740
5740 5740 5740
5740 5740 5740
5740 5740 5740
5740 5740 5740
5740 5740 5740
5740 5740 5740
5740 5740 5740
5740 5740 5740
5740 5740 5740
5740 5740 5740
5740 5740 5740
5740 5740 5740
5740 5740 5740
5740 5740 5740
5740 5740 5740
5740 5740 5740
5740 5740 5740
5740 5740 5740
5740 5740 5740
5740 5740 5740
5740 5740 5740
5740 5740 5740
5740 5740 5740
5740 5740 5740
5740 5740 5740
5740 5740 5740
5740 5740 5740
5740 5740 5740
5740 5740 5740
5740 5740 5740
5740 5740 5740
5740 5740 5740
5740 5740 5740
5740 5740 5740
5740 5740 5740
5740 5740 5740
5740 5740 5740
5740 5740 5740
5740 5740 5740
5740 5740 5740
5740 5740 5740
5740 5740 5740
5740 5740 5740
5740 5740 5740
5740 5740 5740
5740 5740 5740
5740 5740 5740
5740 5740 5740
5740 5740 5740
5740 5740 5740
5740 5740 5740
5740 5740 5740
5740 5740 5740
5740 5740 5740
5740 5740 5740
5740 5740 5740
5740 5740 5740
5740 5740 5740
5740 5740 5740
5740 5740 5740
5740 5740 5740
5740 5740 5740
5740 5740 5740
5740 5740 5740
5740 5740 5740
5740 5740 5740
5740 5740 5740
5740 5740 5740
5740 5740 5740
5740 5740 5740
5740 5740 5740
5740 5740 5740
5740 5740 5740
5740 5740 5740
5740 5740 5740
5740 5740 5740
5740 5740 5740
5740 5740 5740
5740 5740 5740
5740 5740 5740
5740 5740 5740
5740 5740 5740
5740 5740 5740
5740 5740 5740
5740 5740 5740
5740 5740 5740
5740 5740 5740
5740 5740 5740
5740 5740 5740
5740 5740 5740
5740 5740 5740
5740 5740 5740
5740 5740 5740
5740 5740 5740
5740 5740 5740
5740 5740 5740
5740 5740 5740
5740 5740 5740
5740 5740 5740
5740 5740 5740
5740 5740 5740
5740 5740 5740
5740 5740 5740
5740 5740 5740
5740 5740 5740
5740 5740 5740
5740 5740 5740
5740 5740 5740
5740 5740 5740
5740 5740 5740
5740 5740 5740
5740 5740 5740
5740 5740 5740
5740 5740 5740
5740 5740 5740
5740 5740 5740
5740 5740 5740
5740 5740 5740
5740 5740 5740
5740 5740 5740
5740 5740 5740
5740 5740 5740
5740 5740 5740
5740 5740 5740
5740 5740 5740
5740 5740 5740
5740 5740 5740
5740 5740 5740
5740 5740 5740
5740 5740 5740
5740 5740 5740
5740 5740 5740
5740 5740 5740
5740 5740 5740
5740 5740 5740
5740 5740 5740
5740 5740 5740
5740 5740 5740
5740 5740 5740
5740 5740 5740
5740 5740 5740
5740 5740 5740
5740 5740 5740
5740 5740 5740
5740 5740 5740
5740 5740 5740
5740 5740 5740
5740 5740 5740
5740 5740 5740
5740 5740 5740
5740 5740 5740
5740 5740 5740
5740 5740 5740
5740 5740 5740
5740 5740 5740
5740 5740 5740
5740 5740 5740
5740 5740 5740
5740 5740 5740
5740 5740 5740
5740 5740 5740
5740 5740 5740
5740 5740 5740
5740 5740 5740
5740 5740 5740
5740 5740 5740
5740 5740 5740
5740 5740 5740
5740 5740 5740
5740 5740 5740
5740 5740 5740
5740 5740 5740
5740 5740 5740
5740 5740 5740
5740 5740 5740
5740 5740 5740
5740 5740 5740
5740 5740 5740
5740 5740 5740
5740 5740 5740
5740 5740 5740
5740 5740 5740
5740 5740 5740
5740 5740 5740
5740 5740 5740
5740 5740 5740
5740 5740 5740
5740 5740 5740
5740 5740 5740
5740 5740 5740
5740 5740 5740
5740 5740 5740
5740 5740 5740
5740 5740 5740
5740 5740 5740
5740 5740 5740
5740 5740 5740
5740 5740 5740
5740 5740 5740
5740 5740 5740
5740 5740 5740
5740 5740 5740
5740 5740 5740
5740 5740 5740
5740 5740 5740
5740 5740 5740
5740 5740 5740
5740 5740 5740
5740 5740 5740
5740 5740 5740
5740 5740 5740
5740 5740 5740
5740 5740 5740
5740 5740 5740
5740 5740 5740
5740 5740 5740
5740 5740 5740
5740 5740 5740
5740 5740 5740
5740 5740 5740
5740 5740 5740
5740 5740 5740
5740 5740 5740
5740 5740 5740
5740 5740 5740
5740 5740 5740
5740 5740 5740
5740 5740 5740
5740 5740 5740
5740 5740 5740
5740 5740 5740
5740 5740 5740
5740 5740 5740
5740 5740 5740
5740 5740 5740
5740 5740 5740
5740 5740 5740
5740 5740 5740
5740 5740 5740
5740 5740 5740
5740 5740 5740
5740 5740 5740
5740 5740 5740
5740 5740 5740
5740 5740 5740
5740 5740 5740
5740 5740 5740
5740 5740 5740
5740 5740 5740
5740 5740 5740
5740 5740 5740
5740 5740 5740
5740 5740 5740
5740 5740 5740
5740 5740 5740
5740 5740 5740
5740 5740 5740
5740 5740 5740
5740 5740 5740
5740 5740 5740
5740 5740 5740
5740 5740 5740
5740 5740 5740
5740 5740 5740
5740 5740 5740
5740 5740 5740
5740 5740 5740
5740 5740 5740
5740 5740 5740
5740 5740 5740
5740 5740 5740
5740 5740 5740
5740 5740 5740
5740 5740 5740
5740 5740 5740
5740 5740 5740
5740 5740 5740
5740 5740 5740
5740 5740 5740
5740 5740 5740
5740 5740 5740
5740 5740 5740
5740 5740 5740
5740 5740 5740
5740 5740 5740
5740 5740 5740
5740 5740 5740
5740 5740 5740
5740 5740 5740
5740 5740 5740
5740 5740 5740
5740 5740 5740
5740 5740 5740
5740 5740 5740
5740 5740 5740
5740 5740 5740
5740 5740 5740
5740 5740 5740
5740 5740 5740
5740 5740 5740
5740 5740 5740
5740 5740 5740
5740 5740 5740
5740 5740 5740
5740 5740 5740
5740 5740 5740
5740 5740 5740
5740 5740 5740
5740 5740 5740
5740 5740 5740
5740 5740 5740
5740 5740 5740
5740 5740 5740
5740 5740 5740
5740 5740 5740
5740 5740 5740
5740 5740 5740
5740 5740 5740
5740 5740 5740
5740 5740 5740
5740 5740 5740
5740 5740 5740
5740 5740 5740
5740 5740 5740
5740 5740 5740
5740 5740 5740
5740 5740 5740
5740 5740 5740
5740 5740 5740
5740 5740 5740
5740 5740 5740
5740 5740 5740
5740 5740 5740
5740 5740 5740
5740 5740 5740
5740 5740 5740
5740 5740 5740
5740 5740 5740
5740 5740 5740
5740 5740 5740
5740 5740 5740
5740 5740 5740
5740 5740 5740
5740 5740 5740
5740 5740 5740
5740 5740 5740
5740 5740 5740
5740 5740 5740
5740 5740 5740
5740 5740 5740
5740 5740 5740
5740 5740 5740
5740 5740 5740
5740 5740 5740
5740 5740 5740
5740 5740 5740
5740 5740 5740
5740 5740 5740
5740 5740 5740
5740 5740 5740
5740 5740 5740
5740 5740 5740
5740 5740 5740
5740 5740 5740
5740 5740 5740
5740 5740 5740
5740 5740 5740
5740 5740 5740
5740 5740 5740
5740 5740 5740
5740 5740 5740
5740 5740 5740
5740 5740 5740
5740 5740 5740
5740 5740 5740
5740 5740 5740
5740 5740 5740
5740 5740 5740
5740 5740 5740
5740 5740 5740
5740 5740 5740
5740 5740 5740
5740 5740 5740
5740 5740 5740
5740 5740 5740
5740 5740 5740
5740 5740 5740
5740 5740 5740
5740 5740 5740
5740 5740 5740
5740 5740 5740
5740 5740 5740
5740 5740 5740
5740 5740 5740
5740 5740 5740
5740 5740 5740
5740 5740 5740
5740 5740 5740
5740 5740 5740
5740 5740 5740
5740 5740 5740
5740 5740 5740
5740 5740 5740
5740 5740 5740
5740 5740 5740
5740 5740 5740
5740 5740 5740
5740 5740 5740
5740 5740 5740
5740 5740 5740
5740 5740 5740
5740 5740 5740
5740 5740 5740
5740 5740 5740
5740 5740 5740
5740 5740 5740
5740 5740 5740
5740 5740 5740
5740 5740 5740
5740 5740 5740
5740 5740 5740
5740 5740 5740
5740 5740 5740
5740 5740 5740
5740 5740 5740
5740 5740 5740
5740 5740 5740
5740 5740 5740
5740 5740 5740
5740 5740 5740
5740 5740 5740
5740 5740 5740
5740 5740 5740
5740 5740 5740
5740 5740 5740
5740 5740 5740
5740 5740 5740
5740 5740 5740
5740 5740 5740
5740 5740 5740
5740 5740 5740
5740 5740 5740
5740 5740 5740
5740 5740 5740
5740 5740 5740
5740 5740 5740
5740 5740 5740
5740 5740 5740
5740 5740 5740
5740 5740 5740
5740 5740 5740
5740 5740 5740
5740 5740 5740
5740 5740 5740
5740 5740 5740
5740 5740 5740
5740 5740 5740
5740 5740 5740
5740 5740 5740
5740 5740 5740
5740 5740 5740
5740 5740 5740
5740 5740 5740
5740 5740 5740
5740 5740 5740
5740 5740 5740
5740 5740 5740
5740 5740 5740
5740 5740 5740
5740 5740 5740
5740 5740 5740
5740 5740 5740
5740 5740 5740
5740 5740 5740
5740 5740 5740
5740 5740 5740
5740 5740 5740
5740 5740 5740
5740 5740 5740
5740 5740 5740
5740 5740 5740
5740 5740 5740
5740 5740 5740
5740 5740 5740
5740 5740 5740
5740 5740 5740
5740 5740 5740
5740 5740 5740
5740 5740 5740
5740 5740 5740
5740 5740 5740
5740 5740 5740
5740 5740 5740
5740 5740 5740
5740 5740 5740
5740 5740 5740
5740 5740 5740
5740 5740 5740
5740 5740 5740
5740 5740 5740
5740 5740 5740
5740 5740 5740
5740 5740 5740
5740 5740 5740
5740 5740 5740
5740 5740 5740
5740 5740 5740
5740 5740 5740
5740 5740 5740
5740 5740 5740
5740 5740 5740
5740 5740 5740
5740 5740 5740
5740 5740 5740
5740 5740 5740
5740 5740 5740
5740 5740 5740
5740 5740 5740
5740 5740 5740
5740 5740 5740
5740 5740 5740
5740 5740 5740
5740 5740 5740
5740 5740 5740
5740 5740 5740
5740 5740 5740
5740 5740 5740
5740 5740 5740
5740 5740 5740
5740 5740 5740
5740 5740 5740
5740 5740 5740
5740 5740 5740
5740 5740 5740
5740 5740 5740
5740 5740 5740
5740 5740 5740
5740 5740 5740
5740 5740 5740
5740 5740 5740
