-28530	-30060	-28719
-21875	-29305	-26381
-12930	-27120	-25135
-12930	-25705	-24518
-12930	-25130	-24256
-12930	-24780	-24021
-12930	-24630	-23925
-12930	-24475	-23811
-12930	-24355	-23682
-12930	-24150	-23559
-12930	-24040	-23473
-12930	-23960	-23361
-12930	-23870	-23283
-12930	-23820	-23252
-12930	-23750	-23200
-12930	-23660	-23133
-12930	-23615	-23057
-12930	-23550	-23025
-12930	-23525	-22989
-12930	-23470	-22948
-12930	-23430	-22912
-12930	-23395	-22875
-12930	-23350	-22834
-12930	-23325	-22798
-12930	-23310	-22745
-12930	-23265	-22708
-12930	-23240	-22672
-12930	-23210	-22643
-12930	-23190	-22629
-12930	-23160	-22606
-12930	-23135	-22589
-12930	-23130	-22562
-12635	-23105	-22481
-12635	-23070	-22438
-12635	-23025	-22419
-12635	-22995	-22378
-12635	-22970	-22362
-12635	-22935	-22347
-12635	-22925	-22323
-12635	-22915	-22315
-12635	-22915	-22290
-12635	-22880	-22274
-11820	-22870	-22214
-11820	-22840	-22197
-11820	-22830	-22160
-11820	-22825	-22150
-11820	-22810	-22143
-11820	-22795	-22136
-11820	-22775	-22130
-11820	-22770	-22120
-11820	-22735	-22104
-11320	-22730	-22031
-11320	-22725	-22025
-11320	-22725	-22013
-11320	-22720	-21999
-11320	-22695	-21985
-11320	-22650	-21961
-11320	-22640	-21925
-11320	-22630	-21912
-10210	-22625	-21831
-10210	-22620	-21819
-10210	-22600	-21808
-10210	-22595	-21719
-10210	-22560	-21707
-10210	-22540	-21699
-10210	-22535	-21685
-7970	-22525	-21599
-7970	-22525	-21599
-7970	-22515	-21595
-7970	-22495	-21586
-7970	-22485	-21582
-7970	-22475	-21572
-7970	-22445	-21550
-7970	-22435	-21541
-7970	-22425	-21537
-7970	-22420	-21531
-7970	-22410	-21525
-7970	-22395	-21464
-7970	-22380	-21452
-7970	-22365	-21443
-7970	-22345	-21390
-7970	-22345	-21368
-7970	-22330	-21347
-7970	-22325	-21345
-7970	-22325	-21296
-7970	-22325	-21282
-7970	-22320	-21281
-7970	-22320	-21278
-7970	-22310	-21272
-7970	-22295	-21264
-7970	-22290	-21200
-7970	-22290	-21199
-7970	-22285	-21193
-7970	-22260	-21188
-7970	-22255	-21186
-7970	-22255	-21181
-7970	-22245	-21135
-7970	-22240	-21131
-7970	-22235	-21060
-7970	-22230	-21056
-7970	-22225	-21049
-7970	-22225	-21045
-7970	-22220	-21037
-7970	-22200	-21026
-7970	-22200	-21018
-7970	-22185	-20910
-7970	-22160	-20825
-7970	-22150	-20758
-7970	-22140	-20717
-7970	-22135	-20714
-7970	-22135	-20714
-7970	-22130	-20673
-7970	-22125	-20611
-7970	-22125	-20575
-7970	-22120	-20520
-7155	-22105	-20355
-7155	-22095	-20348
-7155	-22095	-20344
-7155	-22090	-20289
-7155	-22070	-20249
-7155	-22065	-20220
-7155	-22060	-20195
-7155	-22045	-20182
-7155	-22045	-20153
-7155	-22025	-20055
-7155	-22005	-20018
-7155	-22000	-19942
-7155	-21990	-19936
-7155	-21985	-19922
-7155	-21970	-19855
-7155	-21965	-19854
-7155	-21960	-19718
-7155	-21940	-19677
-7155	-21925	-19571
-7155	-21900	-19531
-7155	-21890	-19416
-7155	-21885	-19351
-7155	-21880	-19272
-7155	-21870	-19261
-7155	-21865	-19259
-7155	-21850	-19149
-7155	-21850	-19149
-7155	-21845	-19149
-7155	-21845	-19145
-7155	-21830	-19055
-7155	-21825	-18976
-7155	-21820	-18975
-7155	-21805	-18896
-7155	-21795	-18854
-7155	-21780	-18759
-7155	-21780	-18759
-7155	-21775	-18710
-7155	-21765	-18705
-7155	-21745	-18638
-7155	-21740	-18636
-7155	-21740	-18635
-7155	-21725	-18550
-7155	-21725	-18547
-7155	-21705	-18546
-7155	-21695	-18527
-7155	-21690	-18512
-7155	-21680	-18447
-7155	-21665	-18416
-7155	-21650	-18398
-7155	-21645	-18328
-7155	-21630	-18244
-7155	-21620	-18076
-7155	-21605	-18017
-7155	-21590	-17915
-7155	-21585	-17882
-7155	-21575	-17795
-7155	-21575	-17763
-7155	-21570	-17744
-7155	-21565	-17683
-7155	-21550	-17673
-7155	-21550	-17673
-7155	-21550	-17656
-7155	-21525	-17575
-7155	-21520	-17569
-7155	-21510	-17569
-7155	-21505	-17525
-7155	-21470	-17380
-7155	-21465	-17304
-7155	-21435	-17234
-7155	-21395	-17211
-7155	-21375	-17097
-7155	-21340	-17017
-7155	-21325	-16874
-7155	-21305	-16830
-7155	-21285	-16746
-7155	-21270	-16710
-7155	-21265	-16592
-7155	-21245	-16548
-7155	-21240	-16456
-7155	-21230	-16420
-7155	-21205	-16256
-7155	-21095	-15937
-7155	-21065	-15886
-7155	-21045	-15836
-7155	-21045	-15836
-7155	-20990	-15666
-7155	-20990	-15634
-7155	-20800	-15406
-6630	-20665	-15244
-6630	-20365	-15161
-6630	-20260	-14930
-6630	-20010	-14873
-6630	-19790	-14688
-6630	-19750	-14593
-6630	-19645	-14411
-6630	-19555	-14383
-6630	-19505	-14351
-6630	-18960	-14234
-6630	-18755	-14180
-6630	-18720	-14112
-6630	-18505	-14012
-6630	-18465	-13957
-6630	-18415	-13933
-6630	-18385	-13883
-6630	-18350	-13763
-6630	-18350	-13763
-6630	-18260	-13692
-6630	-18195	-13666
-6630	-18085	-13606
-6630	-18000	-13542
-6630	-17720	-13458
-6630	-17450	-13364
-6630	-17330	-13274
-6630	-16965	-13087
-6630	-16815	-12968
-6630	-16805	-12931
-6630	-16645	-12889
-6630	-16545	-12874
-6630	-16530	-12852
-6630	-16410	-12682
-6630	-16160	-12580
-6630	-15780	-12414
-6630	-15625	-12299
-6630	-15365	-12169
-6630	-15340	-12024
-6630	-15280	-11886
-6630	-15180	-11866
-6630	-15150	-11852
-6630	-15065	-11810
-6630	-14960	-11686
-6630	-14930	-11667
-6630	-14795	-11570
-6630	-14640	-11462
-6630	-14630	-11431
-6630	-14630	-11356
-6630	-14550	-11214
-6630	-14515	-11189
-6630	-14510	-11158
-6630	-14495	-11121
-6630	-14470	-11074
-6630	-14380	-11045
-6630	-14360	-10980
-6630	-14350	-10932
-6630	-14350	-10929
-6630	-14215	-10810
-6630	-14110	-10690
-6630	-14070	-10639
-6630	-13990	-10566
-6630	-13970	-10525
-6630	-13570	-10431
-6630	-13510	-10391
-6630	-13285	-10295
-6630	-13050	-10254
-6630	-12895	-10224
-6630	-12870	-10198
-6630	-12720	-10113
-6630	-12635	-10094
-6630	-12600	-10076
-6630	-12470	-10004
-6630	-12430	-9929
-6630	-12370	-9866
-6630	-12190	-9777
-6630	-11930	-9693
-6630	-11795	-9601
-6630	-11700	-9574
-6630	-11430	-9531
-6630	-11330	-9498
-6630	-11260	-9443
-6630	-11030	-9392
-6630	-11030	-9380
-6630	-10845	-9321
-6630	-10730	-9292
-6630	-10660	-9273
-6630	-10580	-9237
-6630	-10530	-9221
-6630	-10470	-9200
-6630	-10420	-9184
-6630	-10350	-9132
-6630	-10260	-9118
-6630	-10230	-9111
-6630	-10120	-9053
-6630	-10040	-9040
-6630	-9980	-9010
-6630	-9920	-8979
-6630	-9845	-8951
-6630	-9790	-8939
-6630	-9710	-8922
-6630	-9670	-8905
-6630	-9600	-8871
-6630	-9560	-8859
-6630	-9530	-8846
-6630	-9530	-8826
-6630	-9530	-8800
-6630	-9530	-8796
-6630	-9530	-8782
-6630	-9530	-8782
-6630	-9530	-8766
-6630	-9530	-8740
-6630	-9530	-8739
-6630	-9530	-8726
-6630	-9530	-8702
-6630	-9520	-8688
-6630	-9520	-8684
-6630	-9520	-8672
-6630	-9520	-8662
-6630	-9520	-8623
-6630	-9520	-8613
-6630	-9520	-8607
-6630	-9520	-8602
-6630	-9520	-8555
-6630	-9520	-8532
-6630	-9520	-8508
-6630	-9520	-8498
-6630	-9480	-8482
-6630	-9425	-8474
-6630	-9390	-8445
-6630	-9310	-8425
-6630	-9285	-8406
-6630	-9260	-8380
-6630	-9130	-8351
-6630	-9100	-8345
-6630	-8940	-8325
-6630	-8895	-8310
-6630	-8880	-8298
-6630	-8845	-8289
-6630	-8770	-8278
-6630	-8750	-8272
-6630	-8680	-8262
-6630	-8680	-8251
-6630	-8680	-8229
-6630	-8680	-8221
-6630	-8680	-8208
-6630	-8510	-8194
-6630	-8480	-8189
-6630	-8480	-8179
-6630	-8480	-8178
-6630	-8480	-8172
-6630	-8480	-8162
-6630	-8480	-8162
-6630	-8480	-8153
-6630	-8480	-8152
-6630	-8480	-8144
-6630	-8480	-8137
-6630	-8480	-8130
-6630	-8480	-8113
-6630	-8480	-8103
-6630	-8480	-8097
-6630	-8480	-8085
-6630	-8480	-8085
-6630	-8480	-8071
-6630	-8480	-8056
-6630	-8480	-8045
-6630	-8480	-8037
-6630	-8480	-8037
-6630	-8480	-8033
-6630	-8480	-8033
-6630	-8480	-8021
-6630	-8480	-8012
-6630	-8480	-8012
-6630	-8480	-7993
-6630	-8480	-7988
-6630	-8480	-7972
-6630	-8480	-7964
-6630	-8480	-7956
-6630	-8480	-7953
-6630	-8480	-7939
-6630	-8480	-7913
-6630	-8480	-7908
-6630	-8480	-7888
-6630	-8480	-7884
-6630	-8480	-7869
-6630	-8480	-7860
-6630	-8460	-7844
-6630	-8345	-7826
-6630	-8300	-7818
-6630	-8280	-7810
-6630	-8280	-7796
-6630	-8280	-7775
-6630	-8230	-7759
-6630	-8100	-7753
-6630	-8100	-7741
-6630	-8100	-7737
-6630	-8100	-7731
-6630	-8100	-7704
-6630	-8100	-7694
-6630	-8010	-7686
-6630	-8010	-7685
-6630	-7880	-7681
-6630	-7880	-7680
-6630	-7880	-7666
-6630	-7880	-7659
-6630	-7880	-7654
-6630	-7880	-7653
-6630	-7880	-7651
-6630	-7880	-7651
-6630	-7880	-7651
-6630	-7880	-7649
-6630	-7880	-7645
-6630	-7880	-7645
-6630	-7880	-7638
-6630	-7880	-7635
-6630	-7880	-7622
-6630	-7880	-7622
-6630	-7880	-7618
-6630	-7880	-7614
-6630	-7880	-7608
-6630	-7880	-7600
-6630	-7880	-7594
-6630	-7880	-7582
-6630	-7880	-7582
-6630	-7880	-7570
-6630	-7880	-7567
-6630	-7880	-7558
-6630	-7880	-7551
-6630	-7880	-7537
-6630	-7880	-7523
-6630	-7880	-7516
-6630	-7880	-7512
-6630	-7880	-7506
-6630	-7880	-7503
-2345	-7880	-7462
-2345	-7880	-7455
-2345	-7840	-7441
-2345	-7840	-7431
-2345	-7770	-7423
-2345	-7770	-7418
-2345	-7735	-7413
-2345	-7680	-7405
-2345	-7680	-7393
-2345	-7680	-7389
-2345	-7680	-7380
-2345	-7680	-7374
-2345	-7680	-7367
-2345	-7680	-7357
-2345	-7680	-7354
-2345	-7680	-7341
-2345	-7680	-7340
-2345	-7680	-7334
-2345	-7680	-7328
-2345	-7575	-7317
-2210	-7575	-7288
-2210	-7575	-7288
-2210	-7575	-7288
-2210	-7575	-7279
-2210	-7575	-7272
-2210	-7575	-7267
-2210	-7550	-7262
-2210	-7550	-7261
-2210	-7550	-7247
-2210	-7550	-7247
-2210	-7550	-7241
-2210	-7550	-7234
-2210	-7540	-7232
-2210	-7500	-7231
-2210	-7500	-7229
-2210	-7500	-7226
-2210	-7500	-7226
-2210	-7500	-7223
-2210	-7500	-7219
-2210	-7500	-7218
-2210	-7500	-7215
-2210	-7500	-7211
-2210	-7480	-7201
-2210	-7480	-7195
-2210	-7480	-7190
-2210	-7480	-7186
-2210	-7480	-7179
420	-7480	-7138
420	-7470	-7127
420	-7470	-7124
420	-7470	-7120
420	-7470	-7120
420	-7470	-7110
420	-7470	-7110
420	-7470	-7102
420	-7470	-7092
420	-7450	-7082
420	-7450	-7082
420	-7445	-7078
420	-7445	-7072
420	-7445	-6992
420	-7445	-6987
420	-7445	-6979
420	-7445	-6970
420	-7380	-6958
420	-7380	-6955
420	-7380	-6953
420	-7380	-6951
420	-7380	-6945
420	-7370	-6940
420	-7370	-6936
420	-7355	-6930
420	-7350	-6927
420	-7350	-6925
420	-7345	-6915
420	-7345	-6915
420	-7345	-6913
6590	-7340	-6840
6590	-7280	-6837
6590	-7180	-6828
6590	-7180	-6825
6590	-7180	-6824
6590	-7180	-6783
6590	-7180	-6775
6590	-7180	-6771
6590	-7180	-6734
6590	-7180	-6733
6590	-7180	-6729
6590	-7180	-6729
6590	-7180	-6727
6590	-7180	-6726
6590	-7180	-6718
6590	-7180	-6711
6590	-7180	-6710
6590	-7180	-6636
6590	-7180	-6605
6590	-7180	-6532
6590	-7180	-6494
6590	-7180	-6486
6590	-7180	-6482
6590	-7180	-6377
6590	-7180	-6374
6590	-7180	-6299
6590	-7180	-6295
6590	-7180	-6292
6590	-7180	-6287
6590	-7155	-6256
6590	-7155	-6253
6590	-7145	-6251
6590	-7145	-6249
6590	-7100	-6244
6590	-7080	-6241
6590	-7080	-6239
6590	-7080	-6233
6590	-7080	-6232
6590	-7080	-6231
6590	-7080	-6191
6590	-7080	-6187
6590	-7080	-6149
6590	-7080	-6145
6590	-7080	-6145
6590	-7080	-6108
6590	-7080	-6106
6590	-7080	-6101
6590	-7080	-6099
6590	-7080	-6097
6590	-7080	-6092
6590	-7080	-6089
6590	-7080	-6089
6590	-7080	-6084
6590	-7080	-6081
6590	-7080	-6077
6590	-7080	-6038
6590	-7080	-6027
6590	-7080	-5920
6690	-7065	-5826
6690	-7050	-5758
6690	-7050	-5718
6690	-7050	-5715
6690	-7050	-5715
6690	-6980	-5710
6690	-6980	-5685
6690	-6980	-5680
6690	-6980	-5679
6690	-6980	-5674
6690	-6980	-5670
6690	-6980	-5670
6690	-6980	-5601
6690	-6980	-5592
6690	-6980	-5520
6690	-6980	-5494
6690	-6950	-5485
6690	-6945	-5481
6690	-6945	-5474
6690	-6935	-5473
6690	-6935	-5472
6690	-6920	-5468
6690	-6920	-5400
6690	-6880	-5361
6690	-6880	-5332
6690	-6880	-5327
6690	-6880	-5290
6690	-6880	-5288
6690	-6880	-5285
6690	-6880	-5257
6690	-6880	-5153
6690	-6880	-5049
6690	-6880	-5020
6690	-6840	-5016
6690	-6800	-4980
6690	-6800	-4977
6690	-6780	-4907
6690	-6780	-4870
6690	-6780	-4870
6690	-6780	-4832
6690	-6780	-4795
6690	-6680	-4689
6690	-6680	-4688
6690	-6680	-4687
6690	-6680	-4667
6690	-6680	-4633
6690	-6680	-4608
6690	-6680	-4608
6690	-6680	-4530
6690	-6680	-4495
6690	-6680	-4402
6690	-6680	-4293
6690	-6680	-4240
6690	-6680	-4204
6690	-6680	-4130
6690	-6680	-4075
6690	-6680	-4007
6690	-6680	-3984
6690	-6680	-3850
6690	-6680	-3849
6690	-6680	-3792
6690	-6680	-3739
6690	-6680	-3551
6690	-6680	-3372
6690	-6680	-3335
6690	-6680	-3298
6690	-6680	-3264
6890	-6680	-3128
6890	-6680	-3128
6890	-6680	-3026
6890	-6680	-2883
6890	-6680	-2883
6890	-6680	-2834
6890	-6680	-2791
6890	-6680	-2735
6890	-6680	-2669
6890	-6680	-2645
6890	-6630	-2519
6890	-6580	-2431
6890	-6580	-2364
6890	-6580	-2132
6890	-6580	-2097
6890	-6580	-2011
6890	-6580	-1919
6890	-6580	-1701
6890	-6570	-1514
6890	-6525	-1163
6890	-6505	-951
6890	-6505	-764
6890	-6505	-633
6890	-6505	-298
6890	-6505	-38
6890	-6480	83
6890	-6480	309
6890	-6395	556
6890	-6380	625
6890	-6380	793
6890	-6200	988
6890	-6200	1079
6890	-6100	1113
6890	-5825	1164
6890	-2920	1308
6890	-2615	1441
6890	-2345	1557
6890	-2345	1643
6890	-2345	1666
6890	-2210	1791
6890	-2210	1858
6890	-2210	1977
6890	-650	2283
6890	-285	2358
6890	-255	2465
7090	-75	2573
7090	-75	2694
7090	-75	2696
7090	-75	2750
7090	-75	2837
7090	-75	2980
7090	30	3113
7090	120	3147
7090	120	3218
7090	120	3270
7090	120	3321
7090	120	3478
7090	120	3562
7090	320	3739
7090	320	3869
7090	320	3984
7090	320	4032
7090	320	4145
7090	320	4240
7090	320	4459
7090	320	4478
7090	320	4543
7090	420	4762
7090	420	4869
7090	420	4987
7090	445	5146
7090	520	5283
7090	520	5300
7090	820	5527
7090	3655	5594
7090	3790	5650
7090	3790	5702
7290	3925	5761
7290	3925	5800
7290	3925	5840
7290	3925	5882
7290	3925	5949
7290	3925	6008
7290	3925	6048
7290	3925	6113
7290	4060	6165
7290	4060	6216
7290	4060	6288
7290	4060	6360
7290	4330	6430
7290	5985	6497
7290	5985	6506
7290	6195	6529
7290	6195	6533
7290	6195	6538
7290	6195	6559
7290	6195	6582
7290	6195	6589
7290	6195	6594
7290	6195	6608
7290	6300	6624
7290	6390	6631
7290	6390	6635
7290	6510	6642
7290	6590	6643
7290	6590	6645
7290	6590	6645
7290	6590	6648
7290	6590	6652
7290	6590	6652
7290	6590	6653
7290	6590	6654
7290	6590	6655
7290	6590	6658
7290	6590	6666
7290	6590	6669
7290	6590	6672
7290	6590	6673
7290	6590	6673
7290	6590	6679
7290	6590	6681
7290	6590	6684
7290	6590	6685
7290	6590	6685
7290	6590	6685
7290	6590	6687
7290	6590	6690
7290	6590	6695
7290	6590	6697
7290	6590	6701
7290	6590	6703
7290	6590	6707
7290	6590	6711
7290	6590	6716
7290	6590	6720
7290	6590	6721
7290	6590	6725
7290	6590	6731
7290	6590	6735
7290	6590	6736
7290	6590	6738
7290	6590	6744
7290	6590	6753
7290	6590	6759
7290	6590	6764
7290	6690	6767
7290	6690	6768
7290	6690	6771
7290	6690	6772
7290	6690	6774
7290	6690	6777
7290	6690	6780
7290	6690	6782
7290	6690	6784
7290	6690	6785
7290	6690	6787
7290	6690	6792
7290	6690	6797
7290	6690	6800
7290	6690	6805
7290	6690	6808
7290	6690	6808
7290	6690	6811
7290	6690	6816
7290	6690	6819
7290	6690	6822
7290	6690	6824
7290	6690	6826
7490	6690	6834
7490	6690	6835
7490	6690	6838
7490	6690	6841
7490	6690	6844
7490	6690	6845
7490	6690	6849
7490	6690	6852
7590	6720	6864
7590	6720	6866
7590	6720	6869
7590	6720	6876
7590	6790	6879
7590	6790	6883
7590	6790	6886
7590	6790	6887
7590	6790	6889
7590	6790	6892
7590	6790	6899
7590	6790	6899
7590	6790	6902
7590	6790	6903
7590	6790	6907
7590	6790	6907
7590	6790	6909
7590	6790	6913
7590	6790	6915
7590	6790	6919
7590	6790	6922
7590	6790	6923
7590	6790	6930
7590	6790	6933
7590	6790	6940
7590	6790	6945
7590	6790	6948
7590	6790	6953
7590	6790	6955
7590	6790	6957
7590	6790	6964
7590	6790	6970
7590	6790	6981
7590	6825	6986
7590	6825	6990
7590	6825	7002
7590	6890	7007
7590	6890	7009
7590	6890	7016
7590	6890	7019
7590	6890	7020
7590	6890	7022
7590	6890	7027
7590	6890	7032
7590	6985	7034
7590	6990	7035
7590	6990	7037
7590	6990	7037
7590	6990	7040
7590	6990	7042
7590	6990	7043
7590	6990	7043
7590	6990	7045
7590	6990	7046
7590	6990	7049
7590	6990	7053
7590	6990	7053
7590	6990	7054
7590	6990	7055
7590	6990	7055
7590	6990	7057
7590	6990	7059
7590	6990	7065
7590	6990	7067
7590	6990	7068
7590	6990	7074
7590	6990	7081
7590	6990	7083
7590	6990	7086
7590	6990	7087
7590	6990	7089
7590	6990	7095
7590	6990	7099
7590	6990	7104
7590	6990	7111
7590	6990	7117
7590	6990	7124
7590	6990	7127
7590	6990	7131
7590	6990	7139
7590	6990	7144
7590	6990	7150
7590	6990	7154
7590	6990	7156
7590	7035	7160
7590	7090	7162
7590	7090	7162
7590	7090	7166
7590	7090	7168
7590	7090	7169
7690	7090	7174
7690	7090	7182
7690	7090	7188
7690	7090	7192
7690	7090	7193
7690	7090	7198
7690	7090	7204
7690	7090	7209
7690	7090	7215
7690	7090	7217
7690	7090	7221
7690	7090	7227
7690	7090	7233
7690	7090	7236
7690	7090	7245
7690	7090	7254
7690	7090	7259
7690	7090	7265
7690	7090	7268
7690	7190	7277
7690	7190	7284
7690	7190	7287
7690	7190	7290
7690	7190	7290
7690	7190	7296
7690	7190	7299
7690	7190	7301
7690	7190	7305
7690	7190	7309
7690	7190	7312
7690	7190	7314
7690	7190	7321
7690	7190	7324
7690	7190	7328
7690	7190	7330
7690	7190	7334
7690	7190	7338
7690	7190	7348
7690	7290	7349
7690	7290	7350
7690	7290	7350
7690	7290	7351
7690	7290	7351
7690	7290	7354
7690	7290	7355
7690	7290	7358
7690	7290	7363
7690	7290	7364
7690	7290	7367
7690	7290	7370
7690	7290	7373
7690	7290	7376
7690	7290	7379
7690	7290	7387
7690	7290	7392
7690	7290	7396
7690	7290	7400
7690	7290	7405
7690	7290	7410
7690	7290	7415
7690	7290	7420
7690	7290	7422
7690	7290	7429
7690	7290	7433
7690	7370	7438
7890	7370	7443
7890	7370	7449
7890	7370	7452
7890	7390	7455
7890	7390	7457
7890	7390	7457
7890	7390	7458
7890	7390	7460
7890	7390	7460
7890	7390	7464
7890	7390	7464
7890	7390	7468
7890	7390	7472
7890	7390	7477
7890	7390	7483
7890	7390	7488
7890	7390	7493
7890	7390	7496
7890	7390	7497
7890	7390	7506
7890	7390	7512
7890	7390	7521
7890	7390	7528
7890	7390	7535
7890	7390	7538
7890	7390	7547
7890	7390	7556
7890	7390	7560
7890	7390	7571
7890	7390	7576
14490	7390	7619
14490	7490	7631
14490	7490	7636
14490	7490	7641
14490	7490	7646
14490	7590	7653
14490	7590	7654
14490	7590	7654
14490	7590	7656
14490	7590	7658
14490	7590	7660
14490	7590	7662
14490	7590	7666
14490	7590	7670
14490	7590	7670
14490	7590	7671
14490	7590	7674
14490	7590	7676
14490	7590	7679
14490	7590	7681
14490	7590	7685
14490	7590	7689
14490	7590	7730
14490	7590	7732
14490	7590	7739
14490	7590	7742
14490	7590	7745
14490	7590	7752
14490	7590	7757
14490	7590	7763
14490	7590	7803
14490	7590	7810
21335	7590	7920
21335	7590	7926
21335	7590	7928
21335	7590	7975
21335	7590	7977
21335	7590	8048
21335	7690	8057
21335	7690	8059
21335	7690	8065
21335	7690	8072
21335	7690	8106
21335	7690	8142
21335	7690	8148
21335	7690	8293
21335	7690	8296
21335	7690	8332
21335	7690	8336
21335	7690	8342
21335	7690	8448
21335	7690	8453
21335	7690	8524
21335	7690	8562
21335	7690	8569
21335	7690	8582
21335	7690	8624
21335	7690	8632
21335	7690	8705
21335	7690	8787
21335	7690	8804
21335	7690	8958
21335	7790	9000
21335	7790	9038
21335	7790	9183
21335	7790	9259
21335	7790	9269
21335	7790	9448
21335	7875	9522
21335	7890	9627
21335	7890	9770
21335	7890	9878
21335	7890	9886
21335	7890	10093
21335	7890	10273
21335	7890	10452
21335	7890	10557
21335	8085	10664
21335	8085	10860
21335	8085	10991
21335	8085	11028
21335	8085	11328
21335	8085	11599
21335	8085	11864
21335	8190	12091
21335	8190	12382
21335	8190	12738
21335	8190	13129
21335	8295	13547
21335	8295	13931
21335	8320	14404
21335	8390	14935
21335	8490	15563
21335	14490	15949
21335	14490	16188
21335	14490	16257
21335	14490	16397
21335	14490	16569
21335	14490	16842
21335	14490	16948
21335	14490	17088
21335	14490	17159
21335	14490	17334
21335	14490	17440
21335	14490	17577
21335	14490	17957
21335	14490	18199
21335	14490	18439
21335	14490	18685
21335	14490	18962
21335	14490	19239
21335	14490	19519
21335	14490	19868
21335	14490	20281
21335	15065	20712
21335	15165	21180
21335	21335	21335
21335	21335	21335
21335	21335	21335
21335	21335	21335
21335	21335	21335
21335	21335	21335
21335	21335	21335
21335	21335	21335
21335	21335	21335
21335	21335	21335
21335	21335	21335
21335	21335	21335
21335	21335	21335
21335	21335	21335
21335	21335	21335
21335	21335	21335
21335	21335	21335
21335	21335	21335
21335	21335	21335
21335	21335	21335
21335	21335	21335
21335	21335	21335
21335	21335	21335
21335	21335	21335
21335	21335	21335
21335	21335	21335
21335	21335	21335
21335	21335	21335
21335	21335	21335
21335	21335	21335
21335	21335	21335
21335	21335	21335
21335	21335	21335
21335	21335	21335
21335	21335	21335
21335	21335	21335
21335	21335	21335
21335	21335	21335
21335	21335	21335
21335	21335	21335
21335	21335	21335
21335	21335	21335
21335	21335	21335
21335	21335	21335
21335	21335	21335
21335	21335	21335
21335	21335	21335
21335	21335	21335
21335	21335	21335
21335	21335	21335
21335	21335	21335
21335	21335	21335
21335	21335	21335
21335	21335	21335
21335	21335	21335
21335	21335	21335
21335	21335	21335
21335	21335	21335
21335	21335	21335
21335	21335	21335
21335	21335	21335
21335	21335	21335
21335	21335	21335
21335	21335	21335
21335	21335	21335
21335	21335	21335
21335	21335	21335
21335	21335	21335
21335	21335	21335
21335	21335	21335
21335	21335	21335
21335	21335	21335
21335	21335	21335
21335	21335	21335
21335	21335	21335
21335	21335	21335
21335	21335	21335
21335	21335	21335
21335	21335	21335
21335	21335	21335
21335	21335	21335
21335	21335	21335
21335	21335	21335
21335	21335	21335
21335	21335	21335
21335	21335	21335
21335	21335	21335
21335	21335	21335
21335	21335	21335
21335	21335	21335
21335	21335	21335
21335	21335	21335
21335	21335	21335
21335	21335	21335
21335	21335	21335
21335	21335	21335
21335	21335	21335
21335	21335	21335
21335	21335	21335
21335	21335	21335
21335	21335	21335
21335	21335	21335
21335	21335	21335
21335	21335	21335
21335	21335	21335
21335	21335	21335
21335	21335	21335
21335	21335	21335
21335	21335	21335
21335	21335	21335
21335	21335	21335
21335	21335	21335
21335	21335	21335
21335	21335	21335
21335	21335	21335
21335	21335	21335
21335	21335	21335
21335	21335	21335
21335	21335	21335
21335	21335	21335
21335	21335	21335
21335	21335	21335
21335	21335	21335
21335	21335	21335
21335	21335	21335
21335	21335	21335
21335	21335	21335
21335	21335	21335
21335	21335	21335
21335	21335	21335
21335	21335	21335
21335	21335	21335
21335	21335	21335
21335	21335	21335
21335	21335	21335
21335	21335	21335
21335	21335	21335
21335	21335	21335
21335	21335	21335
21335	21335	21335
21335	21335	21335
21335	21335	21335
21335	21335	21335
21335	21335	21335
21335	21335	21335
21335	21335	21335
21335	21335	21335
21335	21335	21335
21335	21335	21335
21335	21335	21335
21335	21335	21335
21335	21335	21335
21335	21335	21335
21335	21335	21335
21335	21335	21335
21335	21335	21335
21335	21335	21335
21335	21335	21335
21335	21335	21335
21335	21335	21335
21335	21335	21335
21335	21335	21335
21335	21335	21335
21335	21335	21335
21335	21335	21335
21335	21335	21335
21335	21335	21335
21335	21335	21335
21335	21335	21335
21335	21335	21335
21335	21335	21335
21335	21335	21335
21335	21335	21335
21335	21335	21335
21335	21335	21335
21335	21335	21335
21335	21335	21335
21335	21335	21335
21335	21335	21335
21335	21335	21335
21335	21335	21335
21335	21335	21335
21335	21335	21335
21335	21335	21335
21335	21335	21335
21335	21335	21335
21335	21335	21335
21335	21335	21335
21335	21335	21335
21335	21335	21335
21335	21335	21335
21335	21335	21335
21335	21335	21335
21335	21335	21335
21335	21335	21335
21335	21335	21335
21335	21335	21335
21335	21335	21335
21335	21335	21335
21335	21335	21335
21335	21335	21335
21335	21335	21335
21335	21335	21335
21335	21335	21335
21335	21335	21335
21335	21335	21335
21335	21335	21335
21335	21335	21335
21335	21335	21335
21335	21335	21335
21335	21335	21335
21335	21335	21335
21335	21335	21335
21335	21335	21335
21335	21335	21335
21335	21335	21335
21335	21335	21335
21335	21335	21335
21335	21335	21335
21335	21335	21335
21335	21335	21335
21335	21335	21335
21335	21335	21335
21335	21335	21335
21335	21335	21335
21335	21335	21335
21335	21335	21335
21335	21335	21335
21335	21335	21335
21335	21335	21335
21335	21335	21335
21335	21335	21335
21335	21335	21335
21335	21335	21335
21335	21335	21335
21335	21335	21335
21335	21335	21335
21335	21335	21335
21335	21335	21335
21335	21335	21335
21335	21335	21335
21335	21335	21335
21335	21335	21335
21335	21335	21335
21335	21335	21335
21335	21335	21335
21335	21335	21335
21335	21335	21335
21335	21335	21335
21335	21335	21335
21335	21335	21335
21335	21335	21335
21335	21335	21335
21335	21335	21335
21335	21335	21335
21335	21335	21335
21335	21335	21335
21335	21335	21335
21335	21335	21335
21335	21335	21335
21335	21335	21335
21335	21335	21335
21335	21335	21335
21335	21335	21335
21335	21335	21335
21335	21335	21335
21335	21335	21335
21335	21335	21335
21335	21335	21335
21335	21335	21335
21335	21335	21335
21335	21335	21335
21335	21335	21335
21335	21335	21335
21335	21335	21335
21335	21335	21335
21335	21335	21335
21335	21335	21335
21335	21335	21335
21335	21335	21335
21335	21335	21335
21335	21335	21335
21335	21335	21335
21335	21335	21335
21335	21335	21335
21335	21335	21335
21335	21335	21335
21335	21335	21335
21335	21335	21335
21335	21335	21335
21335	21335	21335
21335	21335	21335
21335	21335	21335
21335	21335	21335
21335	21335	21335
21335	21335	21335
21335	21335	21335
21335	21335	21335
21335	21335	21335
21335	21335	21335
21335	21335	21335
21335	21335	21335
21335	21335	21335
21335	21335	21335
21335	21335	21335
21335	21335	21335
21335	21335	21335
21335	21335	21335
21335	21335	21335
21335	21335	21335
21335	21335	21335
21335	21335	21335
21335	21335	21335
21335	21335	21335
21335	21335	21335
21335	21335	21335
21335	21335	21335
21335	21335	21335
21335	21335	21335
21335	21335	21335
21335	21335	21335
21335	21335	21335
21335	21335	21335
21335	21335	21335
21335	21335	21335
21335	21335	21335
21335	21335	21335
21335	21335	21335
21335	21335	21335
21335	21335	21335
21335	21335	21335
21335	21335	21335
21335	21335	21335
21335	21335	21335
21335	21335	21335
21335	21335	21335
21335	21335	21335
21335	21335	21335
21335	21335	21335
21335	21335	21335
21335	21335	21335
21335	21335	21335
21335	21335	21335
21335	21335	21335
21335	21335	21335
21335	21335	21335
21335	21335	21335
21335	21335	21335
21335	21335	21335
21335	21335	21335
21335	21335	21335
21335	21335	21335
21335	21335	21335
21335	21335	21335
21335	21335	21335
21335	21335	21335
21335	21335	21335
21335	21335	21335
21335	21335	21335
21335	21335	21335
21335	21335	21335
21335	21335	21335
21335	21335	21335
21335	21335	21335
21335	21335	21335
21335	21335	21335
21335	21335	21335
21335	21335	21335
21335	21335	21335
21335	21335	21335
21335	21335	21335
21335	21335	21335
21335	21335	21335
21335	21335	21335
21335	21335	21335
21335	21335	21335
21335	21335	21335
21335	21335	21335
21335	21335	21335
21335	21335	21335
21335	21335	21335
21335	21335	21335
21335	21335	21335
21335	21335	21335
21335	21335	21335
21335	21335	21335
21335	21335	21335
21335	21335	21335
21335	21335	21335
21335	21335	21335
21335	21335	21335
21335	21335	21335
21335	21335	21335
21335	21335	21335
21335	21335	21335
21335	21335	21335
21335	21335	21335
21335	21335	21335
21335	21335	21335
21335	21335	21335
21335	21335	21335
21335	21335	21335
21335	21335	21335
21335	21335	21335
21335	21335	21335
21335	21335	21335
21335	21335	21335
21335	21335	21335
21335	21335	21335
21335	21335	21335
21335	21335	21335
21335	21335	21335
21335	21335	21335
21335	21335	21335
21335	21335	21335
21335	21335	21335
21335	21335	21335
21335	21335	21335
21335	21335	21335
21335	21335	21335
21335	21335	21335
21335	21335	21335
21335	21335	21335
21335	21335	21335
21335	21335	21335
21335	21335	21335
21335	21335	21335
21335	21335	21335
21335	21335	21335
21335	21335	21335
21335	21335	21335
21335	21335	21335
21335	21335	21335
21335	21335	21335
21335	21335	21335
21335	21335	21335
21335	21335	21335
21335	21335	21335
21335	21335	21335
21335	21335	21335
21335	21335	21335
21335	21335	21335
21335	21335	21335
21335	21335	21335
21335	21335	21335
21335	21335	21335
21335	21335	21335
21335	21335	21335
21335	21335	21335
21335	21335	21335
21335	21335	21335
21335	21335	21335
21335	21335	21335
21335	21335	21335
21335	21335	21335
21335	21335	21335
21335	21335	21335
21335	21335	21335
21335	21335	21335
21335	21335	21335
21335	21335	21335
21335	21335	21335
21335	21335	21335
21335	21335	21335
21335	21335	21335
21335	21335	21335
21335	21335	21335
21335	21335	21335
21335	21335	21335
21335	21335	21335
21335	21335	21335
21335	21335	21335
21335	21335	21335
21335	21335	21335
21335	21335	21335
21335	21335	21335
21335	21335	21335
21335	21335	21335
21335	21335	21335
21335	21335	21335
21335	21335	21335
21335	21335	21335
21335	21335	21335
21335	21335	21335
21335	21335	21335
21335	21335	21335
21335	21335	21335
21335	21335	21335
21335	21335	21335
21335	21335	21335
21335	21335	21335
21335	21335	21335
21335	21335	21335
21335	21335	21335
21335	21335	21335
21335	21335	21335
21335	21335	21335
21335	21335	21335
21335	21335	21335
21335	21335	21335
21335	21335	21335
21335	21335	21335
21335	21335	21335
21335	21335	21335
21335	21335	21335
21335	21335	21335
21335	21335	21335
21335	21335	21335
21335	21335	21335
21335	21335	21335
21335	21335	21335
21335	21335	21335
21335	21335	21335
21335	21335	21335
21335	21335	21335
21335	21335	21335
21335	21335	21335
21335	21335	21335
21335	21335	21335
21335	21335	21335
21335	21335	21335
21335	21335	21335
21335	21335	21335
21335	21335	21335
21335	21335	21335
21335	21335	21335
21335	21335	21335
21335	21335	21335
21335	21335	21335
21335	21335	21335
21335	21335	21335
21335	21335	21335
21335	21335	21335
21335	21335	21335
21335	21335	21335
21335	21335	21335
21335	21335	21335
21335	21335	21335
21335	21335	21335
21335	21335	21335
21335	21335	21335
21335	21335	21335
21335	21335	21335
21335	21335	21335
21335	21335	21335
21335	21335	21335
21335	21335	21335
21335	21335	21335
21335	21335	21335
21335	21335	21335
21335	21335	21335
21335	21335	21335
21335	21335	21335
21335	21335	21335
21335	21335	21335
21335	21335	21335
21335	21335	21335
21335	21335	21335
21335	21335	21335
21335	21335	21335
21335	21335	21335
21335	21335	21335
21335	21335	21335
21335	21335	21335
21335	21335	21335
21335	21335	21335
21335	21335	21335
21335	21335	21335
21335	21335	21335
21335	21335	21335
21335	21335	21335
21335	21335	21335
21335	21335	21335
21335	21335	21335
21335	21335	21335
21335	21335	21335
21335	21335	21335
21335	21335	21335
21335	21335	21335
21335	21335	21335
21335	21335	21335
21335	21335	21335
21335	21335	21335
21335	21335	21335
21335	21335	21335
21335	21335	21335
21335	21335	21335
21335	21335	21335
21335	21335	21335
21335	21335	21335
21335	21335	21335
21335	21335	21335
21335	21335	21335
21335	21335	21335
21335	21335	21335
21335	21335	21335
21335	21335	21335
21335	21335	21335
21335	21335	21335
21335	21335	21335
21335	21335	21335
21335	21335	21335
21335	21335	21335
21335	21335	21335
21335	21335	21335
21335	21335	21335
21335	21335	21335
21335	21335	21335
21335	21335	21335
21335	21335	21335
21335	21335	21335
21335	21335	21335
21335	21335	21335
21335	21335	21335
21335	21335	21335
21335	21335	21335
21335	21335	21335
21335	21335	21335
21335	21335	21335
21335	21335	21335
21335	21335	21335
21335	21335	21335
21335	21335	21335
21335	21335	21335
21335	21335	21335
21335	21335	21335
21335	21335	21335
21335	21335	21335
21335	21335	21335
21335	21335	21335
21335	21335	21335
21335	21335	21335
21335	21335	21335
21335	21335	21335
21335	21335	21335
21335	21335	21335
21335	21335	21335
21335	21335	21335
21335	21335	21335
21335	21335	21335
21335	21335	21335
21335	21335	21335
21335	21335	21335
21335	21335	21335
21335	21335	21335
21335	21335	21335
21335	21335	21335
21335	21335	21335
21335	21335	21335
21335	21335	21335
21335	21335	21335
21335	21335	21335
21335	21335	21335
21335	21335	21335
21335	21335	21335
21335	21335	21335
21335	21335	21335
21335	21335	21335
21335	21335	21335
21335	21335	21335
21335	21335	21335
21335	21335	21335
21335	21335	21335
21335	21335	21335
21335	21335	21335
21335	21335	21335
21335	21335	21335
21335	21335	21335
21335	21335	21335
21335	21335	21335
21335	21335	21335
21335	21335	21335
21335	21335	21335
21335	21335	21335
21335	21335	21335
21335	21335	21335
21335	21335	21335
21335	21335	21335
21335	21335	21335
21335	21335	21335
21335	21335	21335
21335	21335	21335
21335	21335	21335
21335	21335	21335
21335	21335	21335
21335	21335	21335
21335	21335	21335
21335	21335	21335
21335	21335	21335
21335	21335	21335
21335	21335	21335
21335	21335	21335
21335	21335	21335
21335	21335	21335
21335	21335	21335
21335	21335	21335
21335	21335	21335
21335	21335	21335
21335	21335	21335
21335	21335	21335
21335	21335	21335
21335	21335	21335
21335	21335	21335
21335	21335	21335
21335	21335	21335
21335	21335	21335
21335	21335	21335
21335	21335	21335
21335	21335	21335
21335	21335	21335
21335	21335	21335
21335	21335	21335
21335	21335	21335
21335	21335	21335
21335	21335	21335
21335	21335	21335
21335	21335	21335
21335	21335	21335
21335	21335	21335
21335	21335	21335
21335	21335	21335
21335	21335	21335
21335	21335	21335
21335	21335	21335
21335	21335	21335
21335	21335	21335
21335	21335	21335
21335	21335	21335
21335	21335	21335
21335	21335	21335
21335	21335	21335
21335	21335	21335
21335	21335	21335
21335	21335	21335
21335	21335	21335
21335	21335	21335
21335	21335	21335
21335	21335	21335
21335	21335	21335
21335	21335	21335
21335	21335	21335
21335	21335	21335
21335	21335	21335
21335	21335	21335
21335	21335	21335
21335	21335	21335
21335	21335	21335
21335	21335	21335
21335	21335	21335
21335	21335	21335
21335	21335	21335
21335	21335	21335
21335	21335	21335
21335	21335	21335
21335	21335	21335
21335	21335	21335
21335	21335	21335
21335	21335	21335
21335	21335	21335
21335	21335	21335
21335	21335	21335
21335	21335	21335
21335	21335	21335
21335	21335	21335
21335	21335	21335
21335	21335	21335
21335	21335	21335
21335	21335	21335
21335	21335	21335
21335	21335	21335
21335	21335	21335
21335	21335	21335
21335	21335	21335
21335	21335	21335
21335	21335	21335
21335	21335	21335
21335	21335	21335
21335	21335	21335
21335	21335	21335
21335	21335	21335
21335	21335	21335
21335	21335	21335
21335	21335	21335
21335	21335	21335
21335	21335	21335
21335	21335	21335
21335	21335	21335
21335	21335	21335
21335	21335	21335
21335	21335	21335
21335	21335	21335
21335	21335	21335
21335	21335	21335
21335	21335	21335
21335	21335	21335
21335	21335	21335
21335	21335	21335
21335	21335	21335
21335	21335	21335
21335	21335	21335
21335	21335	21335
21335	21335	21335
21335	21335	21335
21335	21335	21335
21335	21335	21335
21335	21335	21335
21335	21335	21335
21335	21335	21335
21335	21335	21335
21335	21335	21335
21335	21335	21335
21335	21335	21335
21335	21335	21335
21335	21335	21335
21335	21335	21335
21335	21335	21335
21335	21335	21335
21335	21335	21335
21335	21335	21335
21335	21335	21335
21335	21335	21335
21335	21335	21335
21335	21335	21335
21335	21335	21335
21335	21335	21335
21335	21335	21335
21335	21335	21335
21335	21335	21335
21335	21335	21335
21335	21335	21335
21335	21335	21335
21335	21335	21335
21335	21335	21335
21335	21335	21335
21335	21335	21335
21335	21335	21335
21335	21335	21335
21335	21335	21335
21335	21335	21335
21335	21335	21335
21335	21335	21335
21335	21335	21335
21335	21335	21335
21335	21335	21335
21335	21335	21335
21335	21335	21335
21335	21335	21335
21335	21335	21335
21335	21335	21335
21335	21335	21335
21335	21335	21335
21335	21335	21335
21335	21335	21335
21335	21335	21335
21335	21335	21335
21335	21335	21335
21335	21335	21335
21335	21335	21335
21335	21335	21335
21335	21335	21335
21335	21335	21335
21335	21335	21335
21335	21335	21335
21335	21335	21335
21335	21335	21335
21335	21335	21335
21335	21335	21335
21335	21335	21335
21335	21335	21335
21335	21335	21335
21335	21335	21335
21335	21335	21335
21335	21335	21335
21335	21335	21335
21335	21335	21335
21335	21335	21335
21335	21335	21335
21335	21335	21335
21335	21335	21335
21335	21335	21335
21335	21335	21335
21335	21335	21335
21335	21335	21335
21335	21335	21335
21335	21335	21335
21335	21335	21335
21335	21335	21335
