-60630 -50810 -58187
-46120 -56700 -52322
-45735 -53780 -50620
-45735 -55100 -50533
-45735 -55450 -50502
-45735 -55025 -50146
-45735 -53420 -49574
-45735 -55255 -49732
-31110 -54820 -49652
-31110 -54755 -49351
-31110 -54215 -49050
-31110 -55010 -49295
-16145 -53555 -48504
-16145 -55720 -49082
-16145 -54980 -48833
-16145 -55565 -48473
-16145 -55525 -48360
-16145 -56005 -48646
-16145 -54880 -48195
-15510 -55065 -48066
-15510 -55455 -47920
-15510 -55620 -47637
-15510 -54400 -47216
-15510 -54185 -47282
-15510 -54595 -46627
-15510 -54820 -46290
-15510 -54400 -45812
-15510 -55720 -46111
-14525 -56270 -46040
-14525 -55505 -45597
-14525 -56290 -45743
-14525 -56580 -45543
-14525 -55820 -45021
-14525 -55560 -44632
-14525 -55820 -44462
-14525 -55820 -44461
-14525 -55420 -43804
-14525 -55825 -43627
-14525 -55390 -43413
-14525 -57065 -43582
-14525 -55130 -42483
-14525 -55800 -42700
-14525 -55490 -42315
-14525 -55840 -41969
-14525 -56590 -41860
-14525 -55690 -41038
-14525 -54995 -40310
-14525 -55820 -40164
-14525 -55460 -39785
-14525 -55730 -39624
-14525 -55765 -39403
-14525 -56600 -39112
-14525 -55910 -39350
-14525 -56570 -38771
-14525 -55820 -37978
-14525 -56285 -38055
-14525 -55970 -37664
-14525 -55595 -37227
-14525 -54820 -36795
-14525 -56250 -37521
-14525 -56790 -37510
-14525 -55900 -37387
-14525 -55195 -37084
-14525 -56805 -37087
-14525 -55720 -37047
-14525 -55810 -36167
-14525 -55620 -36343
-14525 -55030 -36221
-14525 -55590 -36445
-14525 -55770 -36550
-14525 -55470 -35778
-14525 -55620 -35577
-14525 -56300 -35851
-14525 -55460 -34809
-14525 -55550 -35260
-14525 -55015 -35233
-14525 -56260 -34956
-14525 -55450 -35116
-14525 -55215 -34810
-14525 -56300 -35014
-14525 -55635 -34389
-14525 -55760 -35080
-14525 -55730 -34868
-14525 -55290 -34363
-14525 -55260 -34456
-14525 -55950 -34631
-14525 -56115 -34891
-14525 -53355 -33913
-14525 -54470 -34423
-14525 -55820 -34541
-14525 -55480 -34115
-14525 -55365 -34212
-14525 -54105 -33940
-14525 -56130 -34737
-14525 -55035 -34166
-14525 -53320 -33763
-14525 -54470 -33501
-14525 -55740 -33925
-14525 -56040 -34152
-14525 -56210 -33956
-13640 -54290 -32900
-13640 -56400 -33610
-13640 -55030 -33316
-13640 -53365 -33204
-13640 -55770 -34163
-13640 -55245 -33934
-13640 -54190 -32914
-13640 -55740 -33291
-13640 -55620 -33161
-13640 -55815 -33512
-13640 -56760 -33727
-13640 -55325 -33361
-13640 -54815 -33875
-13640 -55425 -33396
-13640 -55350 -33613
-13640 -55585 -33570
-13640 -55080 -33656
-13640 -54680 -33319
-13640 -55470 -33399
-13640 -55475 -33292
-13640 -56140 -33174
-13640 -55280 -32536
-13640 -55895 -33655
-13640 -55105 -33355
-13640 -55840 -33405
-13640 -55070 -33256
-13640 -55505 -32915
-13640 -56800 -33603
-13640 -55690 -33288
-13640 -54400 -32923
-13640 -55040 -33042
-13640 -54995 -33062
-13640 -53770 -32041
-13640 -55685 -33133
-13640 -55690 -33660
-13640 -55800 -32722
-13640 -55635 -32773
-13640 -54550 -33025
-13640 -55925 -32994
-13640 -54980 -32936
-13640 -55310 -33128
-13640 -55830 -32458
-13640 -55935 -32208
-13640 -55610 -33138
-13640 -54920 -32891
-13640 -53885 -32626
-13640 -55365 -33165
-13640 -55345 -33295
-13640 -55750 -32563
-13640 -55530 -32657
-13640 -56145 -32685
-13640 -54875 -32836
-13640 -54720 -32890
-13640 -54420 -32062
-13640 -55960 -32957
-13640 -54645 -32300
-13640 -54980 -32442
-13640 -55375 -32285
-13640 -55070 -32270
-13640 -57350 -32740
-13640 -55565 -32403
-13640 -55460 -32427
-13640 -56300 -33240
-13640 -54420 -32917
-13640 -54460 -32600
-13640 -55115 -32390
-13640 -55620 -32921
-13640 -55090 -32368
-13640 -54810 -32360
-13640 -55550 -32688
-13640 -54750 -32839
-13640 -54120 -32180
-13640 -55275 -32456
-13640 -56600 -33455
-13640 -54015 -32088
-13640 -55690 -33714
-13640 -55715 -32703
-13640 -54870 -32714
-13640 -54670 -32079
-13640 -54965 -32159
-13640 -55200 -33007
-13640 -55935 -32607
-13640 -53920 -32485
-13640 -55405 -32691
-13640 -55115 -31514
-13640 -55300 -33064
-13640 -55450 -32529
-13640 -54215 -32402
-13640 -54820 -32633
-13640 -54615 -32738
-13640 -54680 -32100
-13640 -54840 -31914
-13640 -54820 -32286
-13640 -55620 -32239
-13640 -55060 -32412
-13640 -55010 -32945
-13640 -55215 -32666
-13640 -54920 -31826
-13640 -55395 -32767
-13640 -53975 -32489
-13640 -54045 -32090
-13640 -54040 -31513
-13640 -55020 -31915
-13640 -53415 -31708
-13640 -53370 -32088
-13640 -55310 -32237
-13640 -53995 -31557
-13640 -54890 -32433
-13640 -55040 -32391
-13640 -54925 -32128
-13640 -55150 -32012
-13640 -53450 -32107
-13640 -54135 -31940
-13640 -54610 -32075
-13640 -53425 -32263
-13640 -54170 -32057
-13640 -54420 -32421
-13640 -54415 -31316
-13640 -55520 -32205
-13640 -54100 -31960
-13640 -55630 -32716
-13640 -55435 -32298
-13640 -54760 -32036
-13640 -53795 -31538
-13640 -55720 -32364
-13640 -54665 -32204
-13640 -53755 -31064
-13640 -54300 -31915
-13640 -54515 -31572
-13640 -54400 -31829
-13640 -56300 -32451
-13640 -54710 -31831
-13640 -53815 -31573
-13640 -54765 -31967
-13640 -53450 -31536
-13640 -54975 -31802
-13640 -54110 -31678
-13640 -54820 -32340
-13640 -55350 -31510
-13640 -53845 -32034
-13640 -53035 -31696
-13640 -53825 -31338
-13640 -54960 -32360
-13640 -54660 -31900
-13640 -54925 -31988
15585 -55315 -31736
15585 -55625 -31717
15585 -55285 -31033
15585 -55655 -32134
15585 -55030 -30982
15585 -56295 -32371
15585 -54635 -31252
15585 -54610 -31738
15585 -56000 -32307
15585 -55555 -32063
15585 -55900 -31683
15585 -55420 -31294
15585 -54820 -31286
15585 -55560 -31910
15585 -55815 -31719
15585 -54960 -32208
15585 -55330 -32084
15585 -54900 -32033
15585 -54595 -31760
15585 -54530 -30988
15585 -55505 -32190
15585 -54925 -31392
15585 -55035 -31995
15585 -54795 -31514
15585 -54445 -31560
15585 -55565 -31499
15585 -55985 -31660
15585 -55670 -31391
15585 -55320 -32175
15585 -55150 -31687
15585 -53985 -30941
15585 -56280 -31552
15585 -55280 -31835
15585 -55620 -31916
15585 -54420 -31881
15585 -54900 -31761
15585 -55615 -31545
15585 -55820 -31755
15585 -54185 -31066
15585 -54000 -30469
15585 -54630 -31151
15585 -55150 -32199
15585 -55520 -31357
15585 -55135 -30884
15585 -55100 -31937
15585 -54790 -31286
15585 -54900 -31335
15585 -55040 -31148
15585 -54720 -30991
15585 -54065 -30379
15585 -55990 -31733
15585 -54095 -31016
15585 -53450 -31564
15585 -54755 -31229
15585 -52780 -30600
15585 -53650 -31406
15585 -55460 -31424
15585 -53940 -31500
15585 -55190 -31588
15585 -54105 -31201
15585 -55170 -31481
15585 -54690 -31004
15585 -53935 -30689
15585 -55520 -32065
15585 -53610 -30588
15585 -56035 -31809
15585 -54540 -30988
15585 -56095 -30741
15585 -54090 -30702
15585 -54705 -30937
15585 -54075 -30721
15585 -54015 -30858
15585 -55225 -30999
15585 -53845 -31257
15585 -54980 -31201
15585 -54750 -30720
15585 -55800 -31843
15585 -55140 -31821
15585 -53670 -30685
15585 -53680 -30975
15585 -55020 -30669
15585 -55905 -31652
15585 -54690 -31061
15585 -54815 -30821
15585 -54175 -30772
15585 -55260 -31588
15585 -55030 -30253
15585 -54780 -31171
15585 -55670 -30843
15585 -54620 -30578
15585 -54970 -30916
15585 -55755 -31883
15585 -54305 -31266
15585 -54990 -30671
15585 -54585 -31170
15585 -56110 -32151
15585 -54730 -31258
15585 -54085 -30268
15585 -54805 -30931
15585 -54025 -30617
15585 -54840 -31734
15585 -54680 -31251
15585 -54005 -30222
15585 -54360 -30884
15585 -54620 -30712
15585 -54045 -30861
15585 -53580 -29766
15585 -54760 -30580
15585 -54355 -30160
15585 -54300 -30411
15585 -55685 -31022
15585 -54350 -30460
15585 -53705 -30499
15585 -54840 -30802
15585 -55420 -30170
15585 -53110 -30213
15585 -53890 -29954
15585 -54555 -29739
15585 -54090 -29999
15585 -54980 -31179
15585 -53750 -30597
15585 -54320 -30333
15585 -54050 -30655
15585 -54870 -30622
15585 -54740 -29439
15585 -54745 -29858
15585 -56000 -30483
15585 -55015 -30510
15585 -55835 -31166
15585 -53725 -29988
15585 -54340 -30576
15585 -54420 -29839
15585 -53935 -30163
15585 -55735 -31089
15585 -54170 -30370
15585 -54610 -30882
15585 -54995 -30390
15585 -54465 -30820
15585 -54135 -30514
15585 -54925 -30883
15585 -54135 -30800
15585 -54320 -30237
15585 -54510 -30803
15585 -54420 -29089
15585 -54095 -30312
15585 -54685 -30439
15585 -54190 -29166
15585 -55295 -29848
15585 -54945 -30240
15585 -53950 -29592
15585 -54475 -29967
15585 -55290 -30215
15585 -54295 -29921
15585 -53370 -29493
15585 -54520 -30159
15585 -54330 -29875
15585 -54765 -30759
15585 -54395 -29523
15585 -54315 -29508
15585 -53020 -29076
15585 -53590 -29752
15585 -53755 -29863
15585 -55270 -29671
15585 -54905 -29706
15585 -54075 -29777
15585 -53700 -29715
15585 -54250 -30018
15585 -53780 -30003
15585 -54290 -30091
15585 -54710 -29970
15585 -55420 -29891
15585 -54720 -30800
15585 -55000 -30072
15585 -53090 -29348
15585 -54590 -29612
15585 -53310 -29225
15585 -55090 -30381
15585 -54330 -30331
15585 -54420 -29686
15585 -55485 -29894
15585 -55540 -29766
15585 -55010 -28906
15585 -55150 -29382
15585 -54585 -28929
15585 -53300 -28251
15585 -55030 -29211
15585 -55595 -30720
15585 -54415 -29292
15585 -54905 -29671
15585 -55560 -29587
15585 -56130 -30736
15585 -55740 -30240
15585 -54535 -28436
15585 -54870 -29205
15585 -55365 -29325
15585 -54395 -28737
15585 -53855 -28145
15585 -55455 -29372
15585 -54850 -29175
15585 -53750 -28440
15585 -54355 -28688
15585 -54400 -28644
15585 -54640 -29550
15585 -53900 -29707
15585 -53310 -28369
15585 -54045 -28449
15585 -53670 -29640
15585 -54785 -29250
15585 -54265 -28589
15585 -55475 -29405
15585 -53910 -28911
15585 -54320 -29073
15585 -54595 -29211
15585 -54265 -29025
15585 -55360 -29436
15585 -54660 -28628
15585 -54325 -28199
15585 -53325 -28852
15585 -55125 -29636
15585 -54770 -29258
15585 -53830 -29120
15585 -54575 -29103
15585 -54550 -28916
15585 -53095 -28460
15585 -54545 -28678
15585 -53580 -29345
15585 -55080 -29312
15585 -54095 -27573
15585 -54965 -28535
15585 -54355 -27720
15585 -54855 -28229
15585 -54820 -29053
15585 -54030 -27881
15585 -54810 -27358
15585 -53605 -27398
15585 -54135 -28277
15585 -54310 -27590
15585 -54395 -28594
15585 -53515 -28031
15585 -54650 -28068
15585 -54220 -28517
15585 -55520 -29559
15585 -55120 -28420
15585 -53625 -27664
15585 -55515 -29079
15585 -55525 -28885
15585 -53490 -27231
15585 -54830 -28890
15585 -56105 -29499
15585 -54470 -28020
15585 -53695 -27570
15585 -54570 -29088
15585 -55080 -28423
15585 -55260 -28265
15585 -54740 -27469
15585 -53505 -27685
15585 -54605 -28585
15585 -53915 -27952
15585 -53945 -27025
15585 -54860 -28133
15585 -54400 -27318
15585 -54405 -28157
15585 -54805 -27970
15585 -54975 -27212
15585 -54110 -27010
15585 -54390 -27057
15585 -53920 -27397
15585 -55080 -28261
15585 -53725 -27957
15585 -53090 -27207
15585 -54245 -28420
15585 -54910 -27931
15585 -53850 -27263
15585 -55080 -27820
15585 -53010 -26451
15585 -54220 -27296
15585 -54055 -27493
15585 -53515 -27164
15585 -54230 -27694
15585 -54020 -26676
15585 -53940 -27670
15585 -53830 -27257
15585 -55035 -27328
15585 -52955 -27543
15585 -54890 -27952
15585 -54125 -26592
15585 -54255 -28085
15585 -53530 -26915
15585 -54215 -27093
15585 -53405 -26649
15585 -53815 -26422
15585 -53855 -27120
15585 -54615 -26831
15585 -54500 -27563
15585 -54690 -26249
15585 -53885 -27214
15585 -53665 -26020
15585 -53885 -26499
15585 -54480 -26306
15585 -53980 -26906
15585 -54250 -27689
15585 -55325 -27970
15585 -54510 -26824
15585 -54360 -27749
15585 -54465 -26733
15585 -53565 -25978
15585 -54360 -27625
15585 -55550 -26423
15585 -55150 -27645
15585 -52820 -25298
15585 -55485 -26778
15585 -53750 -26062
15585 -53700 -25745
15585 -54120 -26796
15585 -53175 -25307
15585 -54745 -26180
15585 -55425 -27386
15585 -55025 -27612
15585 -53320 -26459
15585 -54480 -26366
15585 -54350 -26099
15585 -53375 -25904
15585 -54465 -25444
15585 -55055 -26338
15585 -54265 -26116
15585 -53100 -24925
15585 -53690 -25851
15585 -53985 -26811
15585 -54520 -26037
15585 -53755 -25256
15585 -52815 -25558
15585 -54010 -25417
15585 -54160 -25909
15585 -53690 -25742
15585 -53495 -25453
15585 -52755 -24603
15585 -54465 -26701
15585 -54050 -25697
15585 -54690 -26687
15585 -54450 -26387
15585 -54220 -25324
15585 -52550 -23753
15585 -53430 -25694
15585 -53635 -25721
15585 -53095 -25059
15585 -55135 -25929
15585 -54090 -24934
15585 -53955 -24559
15585 -53830 -25443
15585 -54320 -25876
15585 -54430 -25966
15585 -55715 -26521
15585 -54920 -26226
15585 -54055 -25165
15585 -53755 -24659
15585 -53220 -25683
15585 -54000 -24915
15585 -53660 -25212
15585 -54870 -24669
15585 -53555 -25824
15585 -53810 -25626
15585 -52925 -24730
15585 -54220 -24655
15585 -53060 -24598
15585 -53775 -25023
15585 -54335 -25334
15585 -53750 -24836
15585 -54480 -25446
15585 -54900 -25625
15585 -53910 -24409
15585 -54575 -25442
15585 -54975 -24649
15585 -52715 -23794
15585 -54590 -24456
15585 -54320 -24211
15585 -54820 -24738
15585 -54750 -24825
15585 -52765 -23438
15585 -54395 -24337
15585 -52680 -24577
15585 -54975 -25060
15585 -53685 -24510
15585 -53545 -24333
15585 -54260 -24371
15585 -54665 -25522
15585 -54255 -23409
15585 -53720 -24498
15585 -53925 -23656
15585 -54915 -24693
15585 -53385 -23723
15585 -52255 -22014
15585 -53605 -23569
15585 -54230 -25386
15585 -53785 -24257
15585 -52100 -23244
15585 -53580 -23864
15585 -54755 -24091
15585 -53990 -23795
15585 -54060 -24088
15585 -54485 -23929
15585 -53410 -23737
15585 -52890 -22630
15585 -53535 -24537
15585 -52490 -22826
15585 -54470 -23324
15585 -53595 -23409
15585 -54640 -24468
15585 -52280 -21787
15585 -54550 -24596
15585 -53660 -23717
15585 -52645 -22265
15585 -53000 -22859
15585 -53280 -23729
15585 -54210 -23432
15585 -52815 -22237
15585 -53000 -23195
15585 -52485 -22954
15585 -52650 -21749
15585 -53740 -23449
15585 -53745 -22721
15585 -52845 -22559
15585 -54450 -23603
15585 -54060 -22922
15585 -53465 -23708
15585 -52325 -21647
15585 -54170 -22689
15585 -52780 -22501
15585 -54225 -23589
15585 -53705 -22800
15585 -54395 -22983
15585 -52275 -20758
15585 -52415 -22812
15585 -52065 -21644
15585 -52210 -21631
15585 -52325 -22748
15585 -54205 -22931
15585 -53300 -22987
15585 -55030 -22731
15585 -53425 -22093
15585 -53235 -21322
15585 -52930 -22203
15585 -53265 -21259
15585 -52905 -20549
15585 -52775 -21159
15585 -52490 -22162
15585 -53725 -21641
15585 -54070 -21866
15585 -53240 -21519
15585 -53190 -21815
15585 -53620 -21557
15585 -53090 -20350
15585 -52940 -20320
15585 -53075 -20183
15585 -50925 -18431
15585 -53165 -21299
15585 -51715 -21189
15585 -52385 -20709
15585 -52665 -20860
15585 -53815 -21055
15585 -53180 -21193
15585 -52370 -20903
15585 -54020 -20821
15585 -53755 -20351
15585 -51525 -19153
15585 -52470 -20142
15585 -53310 -20971
15585 -53240 -20307
15585 -53960 -22140
15585 -52420 -19703
15585 -51905 -20083
15585 -53095 -20531
15585 -52955 -20204
15585 -52005 -19147
15585 -52765 -20364
15585 -52135 -19842
15585 -52645 -19619
15585 -51395 -19996
15585 -52175 -20310
15585 -52835 -20058
15585 -51555 -20018
15585 -52205 -20080
15585 -52360 -18315
15585 -53210 -19888
15585 -52490 -21560
15585 -53340 -19222
15585 -53170 -18375
15585 -52560 -20108
15585 -52485 -19215
15585 -53185 -19862
15585 -52065 -19519
15585 -53485 -19162
15585 -52850 -19397
15585 -52280 -18828
15585 -53995 -20728
15585 -54085 -19445
15585 -52855 -19209
15585 -52510 -18082
15585 -52975 -19520
15585 -52510 -19820
15585 -53455 -19271
15585 -52655 -19460
15585 -55020 -19890
15585 -53215 -18364
15585 -53470 -18584
15585 -53180 -18261
15585 -52485 -17489
15585 -53325 -19143
15585 -53295 -19042
15585 -52560 -17139
15585 -52660 -19439
15585 -52235 -17266
15585 -52770 -18501
15585 -52165 -17652
15585 -52355 -19079
15585 -52060 -17413
15585 -53230 -17256
15585 -51915 -16883
15585 -54020 -20173
15585 -52910 -17571
15585 -52575 -18119
15585 -52795 -16642
15585 -53045 -18826
15585 -53285 -19513
15585 -52385 -19469
15585 -53610 -18126
15585 -52240 -17885
15585 -51520 -16942
15585 -52170 -18091
15585 -52750 -18111
15585 -51725 -17831
15585 -52265 -17282
15585 -50990 -17313
15585 -52360 -17380
15585 -51805 -16569
15585 -52495 -17334
15585 -53940 -17839
15585 -52440 -17915
15585 -51305 -15094
15585 -52705 -16912
15585 -53580 -17272
15585 -52205 -16311
15585 -52240 -16930
15585 -52460 -16790
15585 -52330 -16862
15585 -52970 -16207
15585 -51835 -15092
15585 -51850 -15974
15585 -52345 -16073
15585 -52695 -16211
15585 -52410 -17723
15585 -52100 -17701
15585 -51430 -16493
15585 -52095 -16249
15585 -51510 -16628
15585 -52135 -16713
15585 -51760 -17083
15585 -52885 -16642
15585 -52275 -15563
15585 -51600 -16668
15585 -52490 -16049
15585 -52880 -16375
15585 -52240 -16466
15585 -52700 -16366
15585 -51580 -14325
15585 -52805 -15598
15585 -52190 -14975
15585 -52030 -15942
15585 -53960 -14682
15585 -52400 -14858
15585 -52565 -15091
15585 -51785 -13397
15585 -52135 -14703
15585 -52835 -16170
15585 -51215 -14824
15585 -51875 -14633
15585 -51640 -13488
15585 -52205 -13601
15585 -52305 -14924
15585 -53110 -15118
15585 -52645 -13197
15585 -50940 -13877
15585 -52370 -13251
15585 -51490 -14617
15585 -51455 -14846
15585 -52380 -14839
15585 -51160 -12839
15585 -52290 -13219
15585 -53390 -13688
15585 -51880 -13494
15585 -51665 -13182
15585 -51360 -13986
15585 -51530 -13441
15585 -52280 -13758
15585 -52135 -13678
15585 -51120 -12406
15585 -51200 -13370
16040 -50755 -12305
16040 -51595 -13028
16040 -53285 -14898
16040 -51300 -12816
16040 -50665 -10377
16040 -52070 -13870
16040 -51345 -11139
16040 -51125 -10664
16040 -51890 -14210
16040 -53310 -12927
16040 -52360 -12697
16040 -52105 -11801
16040 -51020 -11806
16040 -51775 -12344
16040 -51680 -12030
16040 -51750 -13606
16040 -51300 -12368
16040 -52150 -13914
16040 -50995 -11234
16040 -52045 -12924
16040 -50960 -11808
16040 -52100 -12836
16040 -50925 -11375
16040 -52515 -12910
16040 -51190 -12071
16040 -51950 -13006
16040 -51455 -12857
16040 -52225 -12844
16040 -51090 -10140
16040 -52955 -13363
16040 -51420 -12024
16040 -51820 -9830
16040 -51345 -11898
16040 -51980 -12348
16040 -51540 -11955
16040 -50255 -10378
16040 -51490 -11760
16040 -51215 -10586
16040 -50585 -10757
16040 -51375 -10488
16040 -50460 -9941
16040 -51300 -11528
16040 -52410 -12968
16040 -51210 -10671
16040 -50720 -10458
16040 -51745 -10990
16040 -51440 -10851
16040 -51435 -11757
16040 -51130 -10265
16040 -50680 -10536
16040 -50735 -10433
16040 -51760 -11158
16040 -50190 -9233
16040 -51195 -10245
16040 -51440 -10781
16040 -50970 -9198
16040 -51240 -10586
16040 -51040 -10701
16040 -51810 -9697
16040 -50800 -10732
16040 -51100 -9391
16040 -51310 -10423
16040 -50615 -10107
16040 -51430 -8615
16040 -50760 -9840
16040 -50550 -8971
16040 -52410 -10689
16040 -51520 -8732
16040 -50095 -9274
16040 -50715 -8733
16040 -49510 -6581
16040 -50880 -8553
16040 -51165 -8986
16040 -51460 -9314
16710 -50365 -6781
16710 -51620 -9953
16710 -51115 -10617
16710 -51975 -8878
16710 -50815 -8921
16710 -50115 -7815
16710 -51100 -11076
16710 -51360 -9665
16710 -51805 -10821
16710 -50535 -8443
16710 -51340 -10090
16710 -50490 -9016
16710 -48875 -6356
16710 -50185 -8471
16710 -52070 -11248
16710 -50610 -8343
16710 -50630 -7591
41245 -51120 -8153
41245 -52090 -10282
41245 -49910 -6830
41245 -49745 -7235
41485 -50960 -7786
41485 -49550 -7135
41485 -50545 -7776
41485 -50175 -6531
41485 -49755 -5876
41485 -49650 -6931
41485 -50910 -8081
42225 -50230 -6479
42225 -50390 -6630
42225 -50385 -4941
42225 -51330 -6006
42225 -49820 -5416
42225 -50290 -7129
42225 -50030 -4779
42225 -49955 -5286
42225 -51005 -4875
44145 -50545 -6986
44145 -50225 -4756
44145 -51050 -5291
44145 -49230 -3653
44145 -50490 -3825
44145 -49825 -5121
44145 -51445 -5638
44145 -50330 -3826
44145 -50265 -3891
44275 -50610 -4044
44275 -50070 -2282
44275 -51240 -3216
44275 -50135 -2389
44275 -50555 -4953
44275 -49955 -571
44275 -50435 -1642
44275 -49005 931
44275 -51230 -899
44275 -50370 -1140
44275 -48855 905
44275 -49275 -680
44275 -50425 -1
44275 -50095 819
44275 -49420 2159
44275 -49820 2105
44275 -49505 692
44275 -49750 1240
44275 -49460 2084
44275 -50685 -1302
44275 -49410 1628
44275 -51005 1845
44275 -50030 3016
44275 -49560 3271
44275 -51020 982
44275 -50120 1089
44275 -49230 2840
44275 -49530 2705
44275 -50265 174
44275 -51360 1975
44275 -50075 2980
44275 -50805 1639
44275 -49045 5589
44275 -49590 4629
44275 -49590 4249
44275 -49120 4906
44275 -49260 4392
44275 -48400 6147
44275 -49025 5285
44275 -48680 7208
44275 -48890 5484
44275 -49070 6662
44275 -50010 6888
44275 -50285 6350
44275 -49560 5245
44275 -49620 6120
44275 -49205 7228
44275 -50115 5538
44275 -51260 5234
44275 -51445 5058
44335 -49530 8079
44335 -47750 9629
44465 -50935 5886
44465 -50000 6937
44465 -49310 9141
44465 -48985 9441
44465 -49570 8858
44465 -49600 6886
44605 -49505 8462
45185 -49715 7853
45185 -48995 10236
45185 -49370 9783
45185 -48720 11188
45185 -51025 5696
45185 -49695 9554
45185 -49020 9427
45185 -49190 13077
45185 -49160 12249
45185 -43145 12856
45185 -48195 12397
45185 -46540 13678
45185 -48750 12362
45185 -48750 11244
45185 -49250 12821
45185 -43085 14752
45185 -48595 12474
45185 -49295 12976
45455 -47615 14950
45455 -47300 15341
45455 -49360 10793
45455 -49725 12437
45585 -49095 11444
45585 -32270 14742
45585 -47765 12888
45585 -49975 11904
45585 -49750 13166
45585 -48895 13664
45585 -49730 10140
45585 -47475 13556
45585 -47890 11760
45585 -48925 11524
45585 -49330 12364
45585 -48280 14399
45585 -48230 14957
45585 -49410 13711
45585 -49260 13474
45585 -47770 14774
45585 -28855 17433
45585 -32715 16346
45585 -31735 16538
45585 -48495 13754
45585 -46710 16284
45585 -48860 14607
45585 -46955 14631
45585 -47395 16298
45585 -45675 15866
45585 -37015 16409
45585 -47060 16564
45585 -48425 14260
45585 -47125 16692
45585 -45790 14996
45585 -47450 16683
45585 -45735 16903
45585 -30005 18997
45585 -47265 14713
45585 -28635 18518
45585 -48890 14710
45585 -47620 17798
45585 -26955 19898
45585 -47795 15246
45585 -48015 15825
45585 -25665 19625
45585 -47820 16776
45585 -29115 17894
45585 -28095 16831
45585 -47430 16010
45585 -33840 19484
45715 -33870 19011
45715 -29970 18260
45715 -24345 20130
45715 -46880 18457
45715 -47140 16645
45715 -26260 21858
45715 -44840 17885
45715 -24335 20810
45715 -47040 18383
45715 -23830 21180
45715 -29475 21331
45715 -23945 20142
45715 -27695 20186
45715 -24415 19952
45715 -24150 20843
45715 -26900 21612
45715 -28435 19076
45715 -27495 20395
45715 -28505 21139
45715 -28115 18573
45715 -27885 19617
45715 -28505 20312
45715 -24305 19648
45715 -26265 21013
45715 -24270 20321
45845 -27835 19136
45845 -23160 22122
45845 -30665 20558
45845 -23595 21054
45845 -27995 20156
45845 -30735 18023
45845 -22605 21610
45845 -20995 23185
45845 -24775 20624
45975 -26110 21235
45975 -25650 21952
45975 -28225 20023
45975 -21975 20261
45975 -20535 22785
45975 -27235 20185
45975 -25585 19947
45975 -28245 19766
45975 -22735 22638
45975 -28095 21436
45975 -22990 22567
45975 -29085 20855
45975 -28035 20905
45975 -29265 20222
45975 -28445 20023
45975 -27025 21414
45975 -25930 21735
45975 -20960 21741
45975 -20985 22283
45975 -24235 21166
45975 -30260 21072
45975 -22550 22474
45975 -19285 23873
45975 -24685 20654
45975 -23005 24227
45975 -44265 19882
45975 -25315 20143
45975 -25220 21867
45975 -27035 22253
45975 -22175 21945
45975 -27835 19615
45975 -21170 24257
45975 -22345 22823
45975 -20245 24390
45975 -24475 22803
45975 -22215 23177
45975 -20450 23303
45975 -24975 21831
45975 -22455 22279
45975 -21130 23044
45975 -28315 21928
45975 -21095 24613
45975 -20105 25795
45975 -21860 22180
45975 -22125 22632
45975 -22890 23786
45975 -23265 23920
45975 -20235 24832
45975 -22820 22213
45975 -28445 19858
45975 -21675 22181
45975 -28265 21495
45975 -20685 23227
45975 -21130 23922
45975 -27180 21186
45975 -27155 22863
45975 -28315 20702
45975 -22300 24665
45975 -27835 21483
45975 -30785 21356
45975 -27835 22854
45975 -28175 23991
45975 -19985 25208
45975 -20235 24978
45975 -19225 25711
45975 -28115 22977
45975 -20375 23875
45975 -20205 24457
45975 -28375 21440
45975 -20505 23405
45975 -28255 23378
45975 -20105 23060
45975 -23395 25447
45975 -20585 24426
45975 -28315 24152
45975 -26050 22130
45975 -22040 24676
45975 -20105 24205
45975 -28035 21810
45975 -20105 24559
45975 -20245 25225
45975 -20155 23277
45975 -19775 25183
45975 -20605 24423
45975 -20960 26693
45975 -20195 25578
45975 -21985 25487
45975 -19815 25838
45975 -22820 25224
45975 -20595 25637
45975 -21475 23720
45975 -21470 24848
45975 -19585 25856
45975 -21435 25440
45975 -19805 25639
45975 -20020 27175
45975 -27835 24193
45975 -19815 25886
45975 -18235 27581
45975 -19720 25328
45975 -19945 25303
45975 -19385 25637
45975 -20715 23573
45975 -19815 25192
45975 -20195 25294
45975 -18200 26744
45975 -17855 26158
45975 -18635 27446
45975 -21570 25823
45975 -19715 27553
45975 -19265 26341
45975 -20925 24765
45975 -18285 27515
45975 -19350 25191
45975 -16835 30343
45975 -20635 25678
45975 -20375 25836
45975 -19010 29723
45975 -18285 28350
45975 -20185 25499
45975 -21430 24163
45975 -19815 25128
45975 -19910 25759
45975 -19455 27590
45975 -17735 29702
45975 -19480 27098
45975 -18085 28724
45975 -18875 28262
45975 -17165 28711
45975 -18345 26823
45975 -15060 32100
45975 -19585 26236
45975 -16835 30709
45975 -18875 27419
45975 -17695 28788
45975 -19765 26729
45975 -17300 27426
45975 -19745 26766
45975 -17115 30134
45975 -19570 26496
45975 -20105 27601
45975 -18435 27140
45975 -17445 29171
45975 -19295 27778
45975 -18945 27727
45975 -18285 29011
45975 -18455 26998
45975 -18415 28060
45975 -20035 27069
45975 -16885 27543
45975 -16835 30257
45975 -16690 29977
45975 -16285 31324
45975 -20645 26802
45975 -15540 32264
45975 -15145 33194
45975 -13790 32437
45975 -16885 29114
45975 -14485 31398
45975 -14965 30036
45975 -16665 31480
45975 -15345 34121
45975 -16285 31479
45975 -16665 30455
45975 -17660 28268
45975 -15355 32361
45975 -19000 30157
45975 -16565 32588
45975 -18285 30171
45975 -16755 30529
45975 -17055 30126
45975 -15345 31812
45975 -16775 32156
45975 -14575 32243
45975 -16285 30077
45975 -15885 31022
45975 -12295 35432
45975 -16685 29721
45975 -14180 32551
45975 -16785 30378
45975 -14820 30678
45975 -11335 35472
45975 -19040 29904
45975 -16685 29819
45975 -18285 28670
45975 -11135 34775
45975 -16190 31837
45975 -16485 33479
45975 -4895 34114
45975 -3440 34318
45975 1050 35548
45975 -5395 36856
45975 8375 36251
45975 -13175 34632
45975 -16285 32140
45975 -16285 32324
45975 -10695 34719
45975 40 34171
45975 9520 37094
45975 -16835 30230
45975 -11135 36199
45975 -14955 31952
45975 -12380 34347
45975 -16685 31991
45975 -14310 33551
45975 -13410 35212
45975 -16590 31235
45975 -12015 34808
45975 -13410 36065
45975 -16415 33906
45975 -12095 36062
45975 -16520 32757
45975 -325 34881
45975 -11135 35996
45975 -14625 32228
45975 -13675 33268
45975 -5050 35245
45975 -13475 35607
45975 8845 38440
45975 -9345 36472
45975 8170 36648
45975 -11375 35714
45975 -12585 35845
45975 8585 36508
45975 9655 38268
45975 -11135 36381
45975 7660 38072
45975 -6130 38228
45975 -6740 35782
45975 3740 36071
45975 -11135 35911
45975 540 37480
45975 -12210 35863
45975 7490 36283
45975 14120 37716
45975 -12775 34986
45975 8265 38092
45975 -1690 36403
45975 -1560 36528
45975 9520 38035
45975 9565 38418
45975 -4665 37601
45975 8440 36969
45975 5875 36334
45975 8375 37168
45975 -15200 34882
45975 8440 37905
45975 9925 39627
45975 10330 39766
45975 8815 38499
45975 13440 39953
45975 12175 40314
45975 11410 39109
45975 15545 41194
45975 8845 38571
45975 11410 38801
45975 12385 39337
45975 12255 38968
45975 10195 40493
45975 8585 38940
45975 12595 40713
45975 -365 37769
45975 14610 40108
45975 14220 40046
45975 12600 41126
45975 12175 40015
45975 9655 37564
45975 8815 40999
45975 14210 40595
45975 12895 38766
45975 15090 39748
45975 14950 40379
45975 9655 38489
45975 9925 39531
45975 12175 37667
45975 10330 39603
45975 8365 38497
45975 12675 39561
45975 13055 39443
45975 12595 42127
45975 15675 42396
45975 15900 42631
45975 15210 41457
45975 15000 41819
45975 15295 42237
45975 15600 41464
45975 14640 41831
45975 15930 42986
45975 14900 40794
45975 15930 42415
45975 16000 41258
45975 15065 41367
45975 15300 40364
45975 16065 42919
45975 14700 40901
45975 15600 42721
45975 14885 41101
45975 15900 43248
45975 16065 44090
45975 13540 41283
45975 14690 42216
45975 15600 41238
45975 14700 40850
45975 15300 41911
45975 16030 43420
45975 15900 42876
45975 15020 41826
45975 11290 39544
45975 13865 41099
45975 15800 42654
45975 16500 44886
45975 16100 43856
45975 24915 44997
45975 27545 45769
45975 27935 45622
45975 16000 43958
45975 16700 44793
45975 16065 43661
45975 16700 45376
45975 24915 45402
45975 17000 45367
45975 16900 45318
45975 16100 44339
45975 17065 45185
45975 15300 42892
45975 16500 44760
45975 16800 45092
45975 16500 44171
45975 16000 43925
45975 27545 45479
45975 18815 45444
45975 16100 44379
45975 16065 44264
45975 16100 43456
45975 24915 45348
45975 17955 45120
45975 16900 45367
45975 30390 45779
45975 16500 44230
45975 16000 43822
45975 17150 45317
45975 45715 45972
45975 45885 45974
45975 45975 45975
45975 45795 45973
45975 27935 45631
45975 45555 45969
45975 45975 45975
45975 45585 45968
45975 45975 45975
45975 45975 45975
45975 45975 45975
45975 45975 45975
45975 45975 45975
45975 45845 45973
45975 45715 45970
45975 45975 45975
45975 45975 45975
45975 45885 45975
45975 45585 45961
45975 45975 45975
45975 45975 45975
45975 45885 45974
45975 45715 45967
45975 45975 45975
45975 45715 45969
45975 45975 45975
45975 45975 45975
45975 45775 45971
45975 45715 45968
45975 45975 45975
45975 45975 45975
45975 45975 45975
45975 45975 45975
45975 45975 45975
45975 45975 45975
45975 45975 45975
45975 45975 45975
45975 45975 45975
45975 45975 45975
45975 45975 45975
45975 45975 45975
45975 45975 45975
45975 45975 45975
45975 45975 45975
45975 45975 45975
45975 45975 45975
45975 45975 45975
45975 45975 45975
45975 45975 45975
45975 45975 45975
45975 45975 45975
45975 45975 45975
45975 45975 45975
45975 45975 45975
45975 45975 45975
45975 45975 45975
45975 45975 45975
45975 45975 45975
45975 45975 45975
45975 45975 45975
45975 45975 45975
45975 45975 45975
45975 45975 45975
45975 45975 45975
45975 45975 45975
45975 45975 45975
45975 45975 45975
45975 45975 45975
45975 45975 45975
45975 45975 45975
45975 45975 45975
45975 45975 45975
45975 45975 45975
45975 45975 45975
45975 45975 45975
45975 45975 45975
45975 45975 45975
45975 45975 45975
45975 45975 45975
45975 45975 45975
45975 45975 45975
45975 45975 45975
45975 45975 45975
45975 45975 45975
45975 45975 45975
45975 45975 45975
45975 45975 45975
45975 45975 45975
45975 45975 45975
45975 45975 45975
45975 45975 45975
45975 45975 45975
45975 45975 45975
45975 45975 45975
45975 45975 45975
45975 45975 45975
45975 45975 45975
45975 45975 45975
45975 45975 45975
45975 45975 45975
45975 45975 45975
45975 45975 45975
45975 45975 45975
45975 45975 45975
45975 45975 45975
45975 45975 45975
45975 45975 45975
45975 45975 45975
45975 45975 45975
45975 45975 45975
45975 45975 45975
45975 45975 45975
45975 45975 45975
45975 45975 45975
45975 45975 45975
45975 45975 45975
45975 45975 45975
45975 45975 45975
45975 45975 45975
45975 45975 45975
45975 45975 45975
45975 45975 45975
45975 45975 45975
45975 45975 45975
45975 45975 45975
45975 45975 45975
45975 45975 45975
45975 45975 45975
45975 45975 45975
45975 45975 45975
45975 45975 45975
45975 45975 45975
45975 45975 45975
45975 45975 45975
45975 45975 45975
45975 45975 45975
45975 45975 45975
45975 45975 45975
45975 45975 45975
45975 45975 45975
45975 45975 45975
45975 45975 45975
45975 45975 45975
45975 45975 45975
45975 45975 45975
45975 45975 45975
45975 45975 45975
45975 45975 45975
45975 45975 45975
45975 45975 45975
45975 45975 45975
45975 45975 45975
45975 45975 45975
45975 45975 45975
45975 45975 45975
45975 45975 45975
45975 45975 45975
45975 45975 45975
45975 45975 45975
45975 45975 45975
45975 45975 45975
45975 45975 45975
45975 45975 45975
45975 45975 45975
45975 45975 45975
45975 45975 45975
45975 45975 45975
45975 45975 45975
45975 45975 45975
45975 45975 45975
45975 45975 45975
45975 45975 45975
45975 45975 45975
45975 45975 45975
45975 45975 45975
45975 45975 45975
45975 45975 45975
45975 45975 45975
45975 45975 45975
45975 45975 45975
45975 45975 45975
45975 45975 45975
45975 45975 45975
45975 45975 45975
45975 45975 45975
45975 45975 45975
45975 45975 45975
45975 45975 45975
45975 45975 45975
45975 45975 45975
45975 45975 45975
45975 45975 45975
45975 45975 45975
45975 45975 45975
45975 45975 45975
45975 45975 45975
45975 45975 45975
45975 45975 45975
45975 45975 45975
45975 45975 45975
45975 45975 45975
45975 45975 45975
45975 45975 45975
45975 45975 45975
45975 45975 45975
45975 45975 45975
45975 45975 45975
45975 45975 45975
45975 45975 45975
45975 45975 45975
45975 45975 45975
45975 45975 45975
45975 45975 45975
45975 45975 45975
45975 45975 45975
45975 45975 45975
45975 45975 45975
45975 45975 45975
45975 45975 45975
45975 45975 45975
45975 45975 45975
45975 45975 45975
45975 45975 45975
45975 45975 45975
45975 45975 45975
45975 45975 45975
45975 45975 45975
45975 45975 45975
45975 45975 45975
45975 45975 45975
45975 45975 45975
45975 45975 45975
45975 45975 45975
45975 45975 45975
45975 45975 45975
45975 45975 45975
45975 45975 45975
45975 45975 45975
45975 45975 45975
45975 45975 45975
45975 45975 45975
45975 45975 45975
45975 45975 45975
45975 45975 45975
45975 45975 45975
45975 45975 45975
45975 45975 45975
45975 45975 45975
45975 45975 45975
45975 45975 45975
45975 45975 45975
45975 45975 45975
45975 45975 45975
45975 45975 45975
45975 45975 45975
45975 45975 45975
45975 45975 45975
45975 45975 45975
45975 45975 45975
45975 45975 45975
45975 45975 45975
45975 45975 45975
45975 45975 45975
45975 45975 45975
45975 45975 45975
45975 45975 45975
45975 45975 45975
45975 45975 45975
45975 45975 45975
45975 45975 45975
45975 45975 45975
45975 45975 45975
45975 45975 45975
45975 45975 45975
45975 45975 45975
45975 45975 45975
45975 45975 45975
45975 45975 45975
45975 45975 45975
45975 45975 45975
45975 45975 45975
45975 45975 45975
45975 45975 45975
45975 45975 45975
45975 45975 45975
45975 45975 45975
45975 45975 45975
45975 45975 45975
45975 45975 45975
45975 45975 45975
45975 45975 45975
45975 45975 45975
45975 45975 45975
45975 45975 45975
45975 45975 45975
45975 45975 45975
45975 45975 45975
45975 45975 45975
45975 45975 45975
45975 45975 45975
45975 45975 45975
45975 45975 45975
45975 45975 45975
45975 45975 45975
45975 45975 45975
45975 45975 45975
45975 45975 45975
45975 45975 45975
45975 45975 45975
45975 45975 45975
45975 45975 45975
45975 45975 45975
45975 45975 45975
45975 45975 45975
45975 45975 45975
45975 45975 45975
45975 45975 45975
45975 45975 45975
45975 45975 45975
45975 45975 45975
45975 45975 45975
45975 45975 45975
45975 45975 45975
45975 45975 45975
45975 45975 45975
45975 45975 45975
45975 45975 45975
45975 45975 45975
45975 45975 45975
45975 45975 45975
45975 45975 45975
45975 45975 45975
45975 45975 45975
45975 45975 45975
45975 45975 45975
45975 45975 45975
45975 45975 45975
45975 45975 45975
45975 45975 45975
45975 45975 45975
45975 45975 45975
45975 45975 45975
45975 45975 45975
45975 45975 45975
45975 45975 45975
45975 45975 45975
45975 45975 45975
45975 45975 45975
45975 45975 45975
45975 45975 45975
45975 45975 45975
45975 45975 45975
45975 45975 45975
45975 45975 45975
45975 45975 45975
45975 45975 45975
45975 45975 45975
45975 45975 45975
45975 45975 45975
45975 45975 45975
45975 45975 45975
45975 45975 45975
45975 45975 45975
45975 45975 45975
45975 45975 45975
45975 45975 45975
45975 45975 45975
45975 45975 45975
45975 45975 45975
45975 45975 45975
45975 45975 45975
45975 45975 45975
45975 45975 45975
45975 45975 45975
45975 45975 45975
45975 45975 45975
45975 45975 45975
45975 45975 45975
45975 45975 45975
45975 45975 45975
45975 45975 45975
45975 45975 45975
45975 45975 45975
45975 45975 45975
45975 45975 45975
45975 45975 45975
45975 45975 45975
45975 45975 45975
45975 45975 45975
45975 45975 45975
45975 45975 45975
45975 45975 45975
45975 45975 45975
45975 45975 45975
45975 45975 45975
45975 45975 45975
45975 45975 45975
45975 45975 45975
45975 45975 45975
45975 45975 45975
45975 45975 45975
45975 45975 45975
45975 45975 45975
45975 45975 45975
45975 45975 45975
45975 45975 45975
45975 45975 45975
45975 45975 45975
45975 45975 45975
45975 45975 45975
45975 45975 45975
45975 45975 45975
45975 45975 45975
45975 45975 45975
45975 45975 45975
45975 45975 45975
45975 45975 45975
45975 45975 45975
45975 45975 45975
45975 45975 45975
45975 45975 45975
45975 45975 45975
45975 45975 45975
45975 45975 45975
45975 45975 45975
45975 45975 45975
45975 45975 45975
45975 45975 45975
45975 45975 45975
45975 45975 45975
45975 45975 45975
45975 45975 45975
45975 45975 45975
45975 45975 45975
45975 45975 45975
45975 45975 45975
45975 45975 45975
45975 45975 45975
45975 45975 45975
45975 45975 45975
45975 45975 45975
45975 45975 45975
45975 45975 45975
45975 45975 45975
45975 45975 45975
45975 45975 45975
45975 45975 45975
45975 45975 45975
45975 45975 45975
45975 45975 45975
45975 45975 45975
45975 45975 45975
45975 45975 45975
45975 45975 45975
45975 45975 45975
45975 45975 45975
45975 45975 45975
45975 45975 45975
45975 45975 45975
45975 45975 45975
45975 45975 45975
45975 45975 45975
45975 45975 45975
45975 45975 45975
45975 45975 45975
45975 45975 45975
45975 45975 45975
45975 45975 45975
45975 45975 45975
45975 45975 45975
45975 45975 45975
45975 45975 45975
45975 45975 45975
45975 45975 45975
45975 45975 45975
45975 45975 45975
45975 45975 45975
45975 45975 45975
45975 45975 45975
45975 45975 45975
45975 45975 45975
45975 45975 45975
45975 45975 45975
45975 45975 45975
45975 45975 45975
45975 45975 45975
45975 45975 45975
45975 45975 45975
45975 45975 45975
45975 45975 45975
45975 45975 45975
45975 45975 45975
45975 45975 45975
45975 45975 45975
45975 45975 45975
45975 45975 45975
45975 45975 45975
45975 45975 45975
45975 45975 45975
45975 45975 45975
45975 45975 45975
45975 45975 45975
45975 45975 45975
45975 45975 45975
45975 45975 45975
45975 45975 45975
45975 45975 45975
45975 45975 45975
45975 45975 45975
45975 45975 45975
45975 45975 45975
45975 45975 45975
45975 45975 45975
45975 45975 45975
45975 45975 45975
45975 45975 45975
45975 45975 45975
45975 45975 45975
45975 45975 45975
45975 45975 45975
45975 45975 45975
45975 45975 45975
45975 45975 45975
45975 45975 45975
45975 45975 45975
45975 45975 45975
45975 45975 45975
45975 45975 45975
45975 45975 45975
45975 45975 45975
45975 45975 45975
45975 45975 45975
45975 45975 45975
45975 45975 45975
45975 45975 45975
45975 45975 45975
45975 45975 45975
45975 45975 45975
-60630 -50810 -58187
-46120 -56700 -52322
-45735 -53780 -50620
-45735 -55100 -50533
-45735 -55450 -50502
-45735 -55025 -50146
-45735 -53420 -49574
-45735 -55255 -49732
-31110 -54820 -49652
-31110 -54755 -49351
-31110 -54215 -49050
-31110 -55010 -49295
-16145 -53555 -48504
-16145 -55720 -49082
-16145 -54980 -48833
-16145 -55565 -48473
-16145 -55525 -48360
-16145 -56005 -48646
-16145 -54880 -48195
-15510 -55065 -48066
-15510 -55455 -47920
-15510 -55620 -47637
-15510 -54400 -47216
-15510 -54185 -47282
-15510 -54595 -46627
-15510 -54820 -46290
-15510 -54400 -45812
-15510 -55720 -46111
-14525 -56270 -46040
-14525 -55505 -45597
-14525 -56290 -45743
-14525 -56580 -45543
-14525 -55820 -45021
-14525 -55560 -44632
-14525 -55820 -44462
-14525 -55820 -44461
-14525 -55420 -43804
-14525 -55825 -43627
-14525 -55390 -43413
-14525 -57065 -43582
-14525 -55130 -42483
-14525 -55800 -42700
-14525 -55490 -42315
-14525 -55840 -41969
-14525 -56590 -41860
-14525 -55690 -41038
-14525 -54995 -40310
-14525 -55820 -40164
-14525 -55460 -39785
-14525 -55730 -39624
-14525 -55765 -39403
-14525 -56600 -39112
-14525 -55910 -39350
-14525 -56570 -38771
-14525 -55820 -37978
-14525 -56285 -38055
-14525 -55970 -37664
-14525 -55595 -37227
-14525 -54820 -36795
-14525 -56250 -37521
-14525 -56790 -37510
-14525 -55900 -37387
-14525 -55195 -37084
-14525 -56805 -37087
-14525 -55720 -37047
-14525 -55810 -36167
-14525 -55620 -36343
-14525 -55030 -36221
-14525 -55590 -36445
-14525 -55770 -36550
-14525 -55470 -35778
-14525 -55620 -35577
-14525 -56300 -35851
-14525 -55460 -34809
-14525 -55550 -35260
-14525 -55015 -35233
-14525 -56260 -34956
-14525 -55450 -35116
-14525 -55215 -34810
-14525 -56300 -35014
-14525 -55635 -34389
-14525 -55760 -35080
-14525 -55730 -34868
-14525 -55290 -34363
-14525 -55260 -34456
-14525 -55950 -34631
-14525 -56115 -34891
-14525 -53355 -33913
-14525 -54470 -34423
-14525 -55820 -34541
-14525 -55480 -34115
-14525 -55365 -34212
-14525 -54105 -33940
-14525 -56130 -34737
-14525 -55035 -34166
-14525 -53320 -33763
-14525 -54470 -33501
-14525 -55740 -33925
-14525 -56040 -34152
-14525 -56210 -33956
-13640 -54290 -32900
-13640 -56400 -33610
-13640 -55030 -33316
-13640 -53365 -33204
-13640 -55770 -34163
-13640 -55245 -33934
-13640 -54190 -32914
-13640 -55740 -33291
-13640 -55620 -33161
-13640 -55815 -33512
-13640 -56760 -33727
-13640 -55325 -33361
-13640 -54815 -33875
-13640 -55425 -33396
-13640 -55350 -33613
-13640 -55585 -33570
-13640 -55080 -33656
-13640 -54680 -33319
-13640 -55470 -33399
-13640 -55475 -33292
-13640 -56140 -33174
-13640 -55280 -32536
-13640 -55895 -33655
-13640 -55105 -33355
-13640 -55840 -33405
-13640 -55070 -33256
-13640 -55505 -32915
-13640 -56800 -33603
-13640 -55690 -33288
-13640 -54400 -32923
-13640 -55040 -33042
-13640 -54995 -33062
-13640 -53770 -32041
-13640 -55685 -33133
-13640 -55690 -33660
-13640 -55800 -32722
-13640 -55635 -32773
-13640 -54550 -33025
-13640 -55925 -32994
-13640 -54980 -32936
-13640 -55310 -33128
-13640 -55830 -32458
-13640 -55935 -32208
-13640 -55610 -33138
-13640 -54920 -32891
-13640 -53885 -32626
-13640 -55365 -33165
-13640 -55345 -33295
-13640 -55750 -32563
-13640 -55530 -32657
-13640 -56145 -32685
-13640 -54875 -32836
-13640 -54720 -32890
-13640 -54420 -32062
-13640 -55960 -32957
-13640 -54645 -32300
-13640 -54980 -32442
-13640 -55375 -32285
-13640 -55070 -32270
-13640 -57350 -32740
-13640 -55565 -32403
-13640 -55460 -32427
-13640 -56300 -33240
-13640 -54420 -32917
-13640 -54460 -32600
-13640 -55115 -32390
-13640 -55620 -32921
-13640 -55090 -32368
-13640 -54810 -32360
-13640 -55550 -32688
-13640 -54750 -32839
-13640 -54120 -32180
-13640 -55275 -32456
-13640 -56600 -33455
-13640 -54015 -32088
-13640 -55690 -33714
-13640 -55715 -32703
-13640 -54870 -32714
-13640 -54670 -32079
-13640 -54965 -32159
-13640 -55200 -33007
-13640 -55935 -32607
-13640 -53920 -32485
-13640 -55405 -32691
-13640 -55115 -31514
-13640 -55300 -33064
-13640 -55450 -32529
-13640 -54215 -32402
-13640 -54820 -32633
-13640 -54615 -32738
-13640 -54680 -32100
-13640 -54840 -31914
-13640 -54820 -32286
-13640 -55620 -32239
-13640 -55060 -32412
-13640 -55010 -32945
-13640 -55215 -32666
-13640 -54920 -31826
-13640 -55395 -32767
-13640 -53975 -32489
-13640 -54045 -32090
-13640 -54040 -31513
-13640 -55020 -31915
-13640 -53415 -31708
-13640 -53370 -32088
-13640 -55310 -32237
-13640 -53995 -31557
-13640 -54890 -32433
-13640 -55040 -32391
-13640 -54925 -32128
-13640 -55150 -32012
-13640 -53450 -32107
-13640 -54135 -31940
-13640 -54610 -32075
-13640 -53425 -32263
-13640 -54170 -32057
-13640 -54420 -32421
-13640 -54415 -31316
-13640 -55520 -32205
-13640 -54100 -31960
-13640 -55630 -32716
-13640 -55435 -32298
-13640 -54760 -32036
-13640 -53795 -31538
-13640 -55720 -32364
-13640 -54665 -32204
-13640 -53755 -31064
-13640 -54300 -31915
-13640 -54515 -31572
-13640 -54400 -31829
-13640 -56300 -32451
-13640 -54710 -31831
-13640 -53815 -31573
-13640 -54765 -31967
-13640 -53450 -31536
-13640 -54975 -31802
-13640 -54110 -31678
-13640 -54820 -32340
-13640 -55350 -31510
-13640 -53845 -32034
-13640 -53035 -31696
-13640 -53825 -31338
-13640 -54960 -32360
-13640 -54660 -31900
-13640 -54925 -31988
15585 -55315 -31736
15585 -55625 -31717
15585 -55285 -31033
15585 -55655 -32134
15585 -55030 -30982
15585 -56295 -32371
15585 -54635 -31252
15585 -54610 -31738
15585 -56000 -32307
15585 -55555 -32063
15585 -55900 -31683
15585 -55420 -31294
15585 -54820 -31286
15585 -55560 -31910
15585 -55815 -31719
15585 -54960 -32208
15585 -55330 -32084
15585 -54900 -32033
15585 -54595 -31760
15585 -54530 -30988
15585 -55505 -32190
15585 -54925 -31392
15585 -55035 -31995
15585 -54795 -31514
15585 -54445 -31560
15585 -55565 -31499
15585 -55985 -31660
15585 -55670 -31391
15585 -55320 -32175
15585 -55150 -31687
15585 -53985 -30941
15585 -56280 -31552
15585 -55280 -31835
15585 -55620 -31916
15585 -54420 -31881
15585 -54900 -31761
15585 -55615 -31545
15585 -55820 -31755
15585 -54185 -31066
15585 -54000 -30469
15585 -54630 -31151
15585 -55150 -32199
15585 -55520 -31357
15585 -55135 -30884
15585 -55100 -31937
15585 -54790 -31286
15585 -54900 -31335
15585 -55040 -31148
15585 -54720 -30991
15585 -54065 -30379
15585 -55990 -31733
15585 -54095 -31016
15585 -53450 -31564
15585 -54755 -31229
15585 -52780 -30600
15585 -53650 -31406
15585 -55460 -31424
15585 -53940 -31500
15585 -55190 -31588
15585 -54105 -31201
15585 -55170 -31481
15585 -54690 -31004
15585 -53935 -30689
15585 -55520 -32065
15585 -53610 -30588
15585 -56035 -31809
15585 -54540 -30988
15585 -56095 -30741
15585 -54090 -30702
15585 -54705 -30937
15585 -54075 -30721
15585 -54015 -30858
15585 -55225 -30999
15585 -53845 -31257
15585 -54980 -31201
15585 -54750 -30720
15585 -55800 -31843
15585 -55140 -31821
15585 -53670 -30685
15585 -53680 -30975
15585 -55020 -30669
15585 -55905 -31652
15585 -54690 -31061
15585 -54815 -30821
15585 -54175 -30772
15585 -55260 -31588
15585 -55030 -30253
15585 -54780 -31171
15585 -55670 -30843
15585 -54620 -30578
15585 -54970 -30916
15585 -55755 -31883
15585 -54305 -31266
15585 -54990 -30671
15585 -54585 -31170
15585 -56110 -32151
15585 -54730 -31258
15585 -54085 -30268
15585 -54805 -30931
15585 -54025 -30617
15585 -54840 -31734
15585 -54680 -31251
15585 -54005 -30222
15585 -54360 -30884
15585 -54620 -30712
15585 -54045 -30861
15585 -53580 -29766
15585 -54760 -30580
15585 -54355 -30160
15585 -54300 -30411
15585 -55685 -31022
15585 -54350 -30460
15585 -53705 -30499
15585 -54840 -30802
15585 -55420 -30170
15585 -53110 -30213
15585 -53890 -29954
15585 -54555 -29739
15585 -54090 -29999
15585 -54980 -31179
15585 -53750 -30597
15585 -54320 -30333
15585 -54050 -30655
15585 -54870 -30622
15585 -54740 -29439
15585 -54745 -29858
15585 -56000 -30483
15585 -55015 -30510
15585 -55835 -31166
15585 -53725 -29988
15585 -54340 -30576
15585 -54420 -29839
15585 -53935 -30163
15585 -55735 -31089
15585 -54170 -30370
15585 -54610 -30882
15585 -54995 -30390
15585 -54465 -30820
15585 -54135 -30514
15585 -54925 -30883
15585 -54135 -30800
15585 -54320 -30237
15585 -54510 -30803
15585 -54420 -29089
15585 -54095 -30312
15585 -54685 -30439
15585 -54190 -29166
15585 -55295 -29848
15585 -54945 -30240
15585 -53950 -29592
15585 -54475 -29967
15585 -55290 -30215
15585 -54295 -29921
15585 -53370 -29493
15585 -54520 -30159
15585 -54330 -29875
15585 -54765 -30759
15585 -54395 -29523
15585 -54315 -29508
15585 -53020 -29076
15585 -53590 -29752
15585 -53755 -29863
15585 -55270 -29671
15585 -54905 -29706
15585 -54075 -29777
15585 -53700 -29715
15585 -54250 -30018
15585 -53780 -30003
15585 -54290 -30091
15585 -54710 -29970
15585 -55420 -29891
15585 -54720 -30800
15585 -55000 -30072
15585 -53090 -29348
15585 -54590 -29612
15585 -53310 -29225
15585 -55090 -30381
15585 -54330 -30331
15585 -54420 -29686
15585 -55485 -29894
15585 -55540 -29766
15585 -55010 -28906
15585 -55150 -29382
15585 -54585 -28929
15585 -53300 -28251
15585 -55030 -29211
15585 -55595 -30720
15585 -54415 -29292
15585 -54905 -29671
15585 -55560 -29587
15585 -56130 -30736
15585 -55740 -30240
15585 -54535 -28436
15585 -54870 -29205
15585 -55365 -29325
15585 -54395 -28737
15585 -53855 -28145
15585 -55455 -29372
15585 -54850 -29175
15585 -53750 -28440
15585 -54355 -28688
15585 -54400 -28644
15585 -54640 -29550
15585 -53900 -29707
15585 -53310 -28369
15585 -54045 -28449
15585 -53670 -29640
15585 -54785 -29250
15585 -54265 -28589
15585 -55475 -29405
15585 -53910 -28911
15585 -54320 -29073
15585 -54595 -29211
15585 -54265 -29025
15585 -55360 -29436
15585 -54660 -28628
15585 -54325 -28199
15585 -53325 -28852
15585 -55125 -29636
15585 -54770 -29258
15585 -53830 -29120
15585 -54575 -29103
15585 -54550 -28916
15585 -53095 -28460
15585 -54545 -28678
15585 -53580 -29345
15585 -55080 -29312
15585 -54095 -27573
15585 -54965 -28535
15585 -54355 -27720
15585 -54855 -28229
15585 -54820 -29053
15585 -54030 -27881
15585 -54810 -27358
15585 -53605 -27398
15585 -54135 -28277
15585 -54310 -27590
15585 -54395 -28594
15585 -53515 -28031
15585 -54650 -28068
15585 -54220 -28517
15585 -55520 -29559
15585 -55120 -28420
15585 -53625 -27664
15585 -55515 -29079
15585 -55525 -28885
15585 -53490 -27231
15585 -54830 -28890
15585 -56105 -29499
15585 -54470 -28020
15585 -53695 -27570
15585 -54570 -29088
15585 -55080 -28423
15585 -55260 -28265
15585 -54740 -27469
15585 -53505 -27685
15585 -54605 -28585
15585 -53915 -27952
15585 -53945 -27025
15585 -54860 -28133
15585 -54400 -27318
15585 -54405 -28157
15585 -54805 -27970
15585 -54975 -27212
15585 -54110 -27010
15585 -54390 -27057
15585 -53920 -27397
15585 -55080 -28261
15585 -53725 -27957
15585 -53090 -27207
15585 -54245 -28420
15585 -54910 -27931
15585 -53850 -27263
15585 -55080 -27820
15585 -53010 -26451
15585 -54220 -27296
15585 -54055 -27493
15585 -53515 -27164
15585 -54230 -27694
15585 -54020 -26676
15585 -53940 -27670
15585 -53830 -27257
15585 -55035 -27328
15585 -52955 -27543
15585 -54890 -27952
15585 -54125 -26592
15585 -54255 -28085
15585 -53530 -26915
15585 -54215 -27093
15585 -53405 -26649
15585 -53815 -26422
15585 -53855 -27120
15585 -54615 -26831
15585 -54500 -27563
15585 -54690 -26249
15585 -53885 -27214
15585 -53665 -26020
15585 -53885 -26499
15585 -54480 -26306
15585 -53980 -26906
15585 -54250 -27689
15585 -55325 -27970
15585 -54510 -26824
15585 -54360 -27749
15585 -54465 -26733
15585 -53565 -25978
15585 -54360 -27625
15585 -55550 -26423
15585 -55150 -27645
15585 -52820 -25298
15585 -55485 -26778
15585 -53750 -26062
15585 -53700 -25745
15585 -54120 -26796
15585 -53175 -25307
15585 -54745 -26180
15585 -55425 -27386
15585 -55025 -27612
15585 -53320 -26459
15585 -54480 -26366
15585 -54350 -26099
15585 -53375 -25904
15585 -54465 -25444
15585 -55055 -26338
15585 -54265 -26116
15585 -53100 -24925
15585 -53690 -25851
15585 -53985 -26811
15585 -54520 -26037
15585 -53755 -25256
15585 -52815 -25558
15585 -54010 -25417
15585 -54160 -25909
15585 -53690 -25742
15585 -53495 -25453
15585 -52755 -24603
15585 -54465 -26701
15585 -54050 -25697
15585 -54690 -26687
15585 -54450 -26387
15585 -54220 -25324
15585 -52550 -23753
15585 -53430 -25694
15585 -53635 -25721
15585 -53095 -25059
15585 -55135 -25929
15585 -54090 -24934
15585 -53955 -24559
15585 -53830 -25443
15585 -54320 -25876
15585 -54430 -25966
15585 -55715 -26521
15585 -54920 -26226
15585 -54055 -25165
15585 -53755 -24659
15585 -53220 -25683
15585 -54000 -24915
15585 -53660 -25212
15585 -54870 -24669
15585 -53555 -25824
15585 -53810 -25626
15585 -52925 -24730
15585 -54220 -24655
15585 -53060 -24598
15585 -53775 -25023
15585 -54335 -25334
15585 -53750 -24836
15585 -54480 -25446
15585 -54900 -25625
15585 -53910 -24409
15585 -54575 -25442
15585 -54975 -24649
15585 -52715 -23794
15585 -54590 -24456
15585 -54320 -24211
15585 -54820 -24738
15585 -54750 -24825
15585 -52765 -23438
15585 -54395 -24337
15585 -52680 -24577
15585 -54975 -25060
15585 -53685 -24510
15585 -53545 -24333
15585 -54260 -24371
15585 -54665 -25522
15585 -54255 -23409
15585 -53720 -24498
15585 -53925 -23656
15585 -54915 -24693
15585 -53385 -23723
15585 -52255 -22014
15585 -53605 -23569
15585 -54230 -25386
15585 -53785 -24257
15585 -52100 -23244
15585 -53580 -23864
15585 -54755 -24091
15585 -53990 -23795
15585 -54060 -24088
15585 -54485 -23929
15585 -53410 -23737
15585 -52890 -22630
15585 -53535 -24537
15585 -52490 -22826
15585 -54470 -23324
15585 -53595 -23409
15585 -54640 -24468
15585 -52280 -21787
15585 -54550 -24596
15585 -53660 -23717
15585 -52645 -22265
15585 -53000 -22859
15585 -53280 -23729
15585 -54210 -23432
15585 -52815 -22237
15585 -53000 -23195
15585 -52485 -22954
15585 -52650 -21749
15585 -53740 -23449
15585 -53745 -22721
15585 -52845 -22559
15585 -54450 -23603
15585 -54060 -22922
15585 -53465 -23708
15585 -52325 -21647
15585 -54170 -22689
15585 -52780 -22501
15585 -54225 -23589
15585 -53705 -22800
15585 -54395 -22983
15585 -52275 -20758
15585 -52415 -22812
15585 -52065 -21644
15585 -52210 -21631
15585 -52325 -22748
15585 -54205 -22931
15585 -53300 -22987
15585 -55030 -22731
15585 -53425 -22093
15585 -53235 -21322
15585 -52930 -22203
15585 -53265 -21259
15585 -52905 -20549
15585 -52775 -21159
15585 -52490 -22162
15585 -53725 -21641
15585 -54070 -21866
15585 -53240 -21519
15585 -53190 -21815
15585 -53620 -21557
15585 -53090 -20350
15585 -52940 -20320
15585 -53075 -20183
15585 -50925 -18431
15585 -53165 -21299
15585 -51715 -21189
15585 -52385 -20709
15585 -52665 -20860
15585 -53815 -21055
15585 -53180 -21193
15585 -52370 -20903
15585 -54020 -20821
15585 -53755 -20351
15585 -51525 -19153
15585 -52470 -20142
15585 -53310 -20971
15585 -53240 -20307
15585 -53960 -22140
15585 -52420 -19703
15585 -51905 -20083
15585 -53095 -20531
15585 -52955 -20204
15585 -52005 -19147
15585 -52765 -20364
15585 -52135 -19842
15585 -52645 -19619
15585 -51395 -19996
15585 -52175 -20310
15585 -52835 -20058
15585 -51555 -20018
15585 -52205 -20080
15585 -52360 -18315
15585 -53210 -19888
15585 -52490 -21560
15585 -53340 -19222
15585 -53170 -18375
15585 -52560 -20108
15585 -52485 -19215
15585 -53185 -19862
15585 -52065 -19519
15585 -53485 -19162
15585 -52850 -19397
15585 -52280 -18828
15585 -53995 -20728
15585 -54085 -19445
15585 -52855 -19209
15585 -52510 -18082
15585 -52975 -19520
15585 -52510 -19820
15585 -53455 -19271
15585 -52655 -19460
15585 -55020 -19890
15585 -53215 -18364
15585 -53470 -18584
15585 -53180 -18261
15585 -52485 -17489
15585 -53325 -19143
15585 -53295 -19042
15585 -52560 -17139
15585 -52660 -19439
15585 -52235 -17266
15585 -52770 -18501
15585 -52165 -17652
15585 -52355 -19079
15585 -52060 -17413
15585 -53230 -17256
15585 -51915 -16883
15585 -54020 -20173
15585 -52910 -17571
15585 -52575 -18119
15585 -52795 -16642
15585 -53045 -18826
15585 -53285 -19513
15585 -52385 -19469
15585 -53610 -18126
15585 -52240 -17885
15585 -51520 -16942
15585 -52170 -18091
15585 -52750 -18111
15585 -51725 -17831
15585 -52265 -17282
15585 -50990 -17313
15585 -52360 -17380
15585 -51805 -16569
15585 -52495 -17334
15585 -53940 -17839
15585 -52440 -17915
15585 -51305 -15094
15585 -52705 -16912
15585 -53580 -17272
15585 -52205 -16311
15585 -52240 -16930
15585 -52460 -16790
15585 -52330 -16862
15585 -52970 -16207
15585 -51835 -15092
15585 -51850 -15974
15585 -52345 -16073
15585 -52695 -16211
15585 -52410 -17723
15585 -52100 -17701
15585 -51430 -16493
15585 -52095 -16249
15585 -51510 -16628
15585 -52135 -16713
15585 -51760 -17083
15585 -52885 -16642
15585 -52275 -15563
15585 -51600 -16668
15585 -52490 -16049
15585 -52880 -16375
15585 -52240 -16466
15585 -52700 -16366
15585 -51580 -14325
15585 -52805 -15598
15585 -52190 -14975
15585 -52030 -15942
15585 -53960 -14682
15585 -52400 -14858
15585 -52565 -15091
15585 -51785 -13397
15585 -52135 -14703
15585 -52835 -16170
15585 -51215 -14824
15585 -51875 -14633
15585 -51640 -13488
15585 -52205 -13601
15585 -52305 -14924
15585 -53110 -15118
15585 -52645 -13197
15585 -50940 -13877
15585 -52370 -13251
15585 -51490 -14617
15585 -51455 -14846
15585 -52380 -14839
15585 -51160 -12839
15585 -52290 -13219
15585 -53390 -13688
15585 -51880 -13494
15585 -51665 -13182
15585 -51360 -13986
15585 -51530 -13441
15585 -52280 -13758
15585 -52135 -13678
15585 -51120 -12406
15585 -51200 -13370
16040 -50755 -12305
16040 -51595 -13028
16040 -53285 -14898
16040 -51300 -12816
16040 -50665 -10377
16040 -52070 -13870
16040 -51345 -11139
16040 -51125 -10664
16040 -51890 -14210
16040 -53310 -12927
16040 -52360 -12697
16040 -52105 -11801
16040 -51020 -11806
16040 -51775 -12344
16040 -51680 -12030
16040 -51750 -13606
16040 -51300 -12368
16040 -52150 -13914
16040 -50995 -11234
16040 -52045 -12924
16040 -50960 -11808
16040 -52100 -12836
16040 -50925 -11375
16040 -52515 -12910
16040 -51190 -12071
16040 -51950 -13006
16040 -51455 -12857
16040 -52225 -12844
16040 -51090 -10140
16040 -52955 -13363
16040 -51420 -12024
16040 -51820 -9830
16040 -51345 -11898
16040 -51980 -12348
16040 -51540 -11955
16040 -50255 -10378
16040 -51490 -11760
16040 -51215 -10586
16040 -50585 -10757
16040 -51375 -10488
16040 -50460 -9941
16040 -51300 -11528
16040 -52410 -12968
16040 -51210 -10671
16040 -50720 -10458
16040 -51745 -10990
16040 -51440 -10851
16040 -51435 -11757
16040 -51130 -10265
16040 -50680 -10536
16040 -50735 -10433
16040 -51760 -11158
16040 -50190 -9233
16040 -51195 -10245
16040 -51440 -10781
16040 -50970 -9198
16040 -51240 -10586
16040 -51040 -10701
16040 -51810 -9697
16040 -50800 -10732
16040 -51100 -9391
16040 -51310 -10423
16040 -50615 -10107
16040 -51430 -8615
16040 -50760 -9840
16040 -50550 -8971
16040 -52410 -10689
16040 -51520 -8732
16040 -50095 -9274
16040 -50715 -8733
16040 -49510 -6581
16040 -50880 -8553
16040 -51165 -8986
16040 -51460 -9314
16710 -50365 -6781
16710 -51620 -9953
16710 -51115 -10617
16710 -51975 -8878
16710 -50815 -8921
16710 -50115 -7815
16710 -51100 -11076
16710 -51360 -9665
16710 -51805 -10821
16710 -50535 -8443
16710 -51340 -10090
16710 -50490 -9016
16710 -48875 -6356
16710 -50185 -8471
16710 -52070 -11248
16710 -50610 -8343
16710 -50630 -7591
41245 -51120 -8153
41245 -52090 -10282
41245 -49910 -6830
41245 -49745 -7235
41485 -50960 -7786
41485 -49550 -7135
41485 -50545 -7776
41485 -50175 -6531
41485 -49755 -5876
41485 -49650 -6931
41485 -50910 -8081
42225 -50230 -6479
42225 -50390 -6630
42225 -50385 -4941
42225 -51330 -6006
42225 -49820 -5416
42225 -50290 -7129
42225 -50030 -4779
42225 -49955 -5286
42225 -51005 -4875
44145 -50545 -6986
44145 -50225 -4756
44145 -51050 -5291
44145 -49230 -3653
44145 -50490 -3825
44145 -49825 -5121
44145 -51445 -5638
44145 -50330 -3826
44145 -50265 -3891
44275 -50610 -4044
44275 -50070 -2282
44275 -51240 -3216
44275 -50135 -2389
44275 -50555 -4953
44275 -49955 -571
44275 -50435 -1642
44275 -49005 931
44275 -51230 -899
44275 -50370 -1140
44275 -48855 905
44275 -49275 -680
44275 -50425 -1
44275 -50095 819
44275 -49420 2159
44275 -49820 2105
44275 -49505 692
44275 -49750 1240
44275 -49460 2084
44275 -50685 -1302
44275 -49410 1628
44275 -51005 1845
44275 -50030 3016
44275 -49560 3271
44275 -51020 982
44275 -50120 1089
44275 -49230 2840
44275 -49530 2705
44275 -50265 174
44275 -51360 1975
44275 -50075 2980
44275 -50805 1639
44275 -49045 5589
44275 -49590 4629
44275 -49590 4249
44275 -49120 4906
44275 -49260 4392
44275 -48400 6147
44275 -49025 5285
44275 -48680 7208
44275 -48890 5484
44275 -49070 6662
44275 -50010 6888
44275 -50285 6350
44275 -49560 5245
44275 -49620 6120
44275 -49205 7228
44275 -50115 5538
44275 -51260 5234
44275 -51445 5058
44335 -49530 8079
44335 -47750 9629
44465 -50935 5886
44465 -50000 6937
44465 -49310 9141
44465 -48985 9441
44465 -49570 8858
44465 -49600 6886
44605 -49505 8462
45185 -49715 7853
45185 -48995 10236
45185 -49370 9783
45185 -48720 11188
45185 -51025 5696
45185 -49695 9554
45185 -49020 9427
45185 -49190 13077
45185 -49160 12249
45185 -43145 12856
45185 -48195 12397
45185 -46540 13678
45185 -48750 12362
45185 -48750 11244
45185 -49250 12821
45185 -43085 14752
45185 -48595 12474
45185 -49295 12976
45455 -47615 14950
45455 -47300 15341
45455 -49360 10793
45455 -49725 12437
45585 -49095 11444
45585 -32270 14742
45585 -47765 12888
45585 -49975 11904
45585 -49750 13166
45585 -48895 13664
45585 -49730 10140
45585 -47475 13556
45585 -47890 11760
45585 -48925 11524
45585 -49330 12364
45585 -48280 14399
45585 -48230 14957
45585 -49410 13711
45585 -49260 13474
45585 -47770 14774
45585 -28855 17433
45585 -32715 16346
45585 -31735 16538
45585 -48495 13754
45585 -46710 16284
45585 -48860 14607
45585 -46955 14631
45585 -47395 16298
45585 -45675 15866
45585 -37015 16409
45585 -47060 16564
45585 -48425 14260
45585 -47125 16692
45585 -45790 14996
45585 -47450 16683
45585 -45735 16903
45585 -30005 18997
45585 -47265 14713
45585 -28635 18518
45585 -48890 14710
45585 -47620 17798
45585 -26955 19898
45585 -47795 15246
45585 -48015 15825
45585 -25665 19625
45585 -47820 16776
45585 -29115 17894
45585 -28095 16831
45585 -47430 16010
45585 -33840 19484
45715 -33870 19011
45715 -29970 18260
45715 -24345 20130
45715 -46880 18457
45715 -47140 16645
45715 -26260 21858
45715 -44840 17885
45715 -24335 20810
45715 -47040 18383
45715 -23830 21180
45715 -29475 21331
45715 -23945 20142
45715 -27695 20186
45715 -24415 19952
45715 -24150 20843
45715 -26900 21612
45715 -28435 19076
45715 -27495 20395
45715 -28505 21139
45715 -28115 18573
45715 -27885 19617
45715 -28505 20312
45715 -24305 19648
45715 -26265 21013
45715 -24270 20321
45845 -27835 19136
45845 -23160 22122
45845 -30665 20558
45845 -23595 21054
45845 -27995 20156
45845 -30735 18023
45845 -22605 21610
45845 -20995 23185
45845 -24775 20624
45975 -26110 21235
45975 -25650 21952
45975 -28225 20023
45975 -21975 20261
45975 -20535 22785
45975 -27235 20185
45975 -25585 19947
45975 -28245 19766
45975 -22735 22638
45975 -28095 21436
45975 -22990 22567
45975 -29085 20855
45975 -28035 20905
45975 -29265 20222
45975 -28445 20023
45975 -27025 21414
45975 -25930 21735
45975 -20960 21741
45975 -20985 22283
45975 -24235 21166
45975 -30260 21072
45975 -22550 22474
45975 -19285 23873
45975 -24685 20654
45975 -23005 24227
45975 -44265 19882
45975 -25315 20143
45975 -25220 21867
45975 -27035 22253
45975 -22175 21945
45975 -27835 19615
45975 -21170 24257
45975 -22345 22823
45975 -20245 24390
45975 -24475 22803
45975 -22215 23177
45975 -20450 23303
45975 -24975 21831
45975 -22455 22279
45975 -21130 23044
45975 -28315 21928
45975 -21095 24613
45975 -20105 25795
45975 -21860 22180
45975 -22125 22632
45975 -22890 23786
45975 -23265 23920
45975 -20235 24832
45975 -22820 22213
45975 -28445 19858
45975 -21675 22181
45975 -28265 21495
45975 -20685 23227
45975 -21130 23922
45975 -27180 21186
45975 -27155 22863
45975 -28315 20702
45975 -22300 24665
45975 -27835 21483
45975 -30785 21356
45975 -27835 22854
45975 -28175 23991
45975 -19985 25208
45975 -20235 24978
45975 -19225 25711
45975 -28115 22977
45975 -20375 23875
45975 -20205 24457
45975 -28375 21440
45975 -20505 23405
45975 -28255 23378
45975 -20105 23060
45975 -23395 25447
45975 -20585 24426
45975 -28315 24152
45975 -26050 22130
45975 -22040 24676
45975 -20105 24205
45975 -28035 21810
45975 -20105 24559
45975 -20245 25225
45975 -20155 23277
45975 -19775 25183
45975 -20605 24423
45975 -20960 26693
45975 -20195 25578
45975 -21985 25487
45975 -19815 25838
45975 -22820 25224
45975 -20595 25637
45975 -21475 23720
45975 -21470 24848
45975 -19585 25856
45975 -21435 25440
45975 -19805 25639
45975 -20020 27175
45975 -27835 24193
45975 -19815 25886
45975 -18235 27581
45975 -19720 25328
45975 -19945 25303
45975 -19385 25637
45975 -20715 23573
45975 -19815 25192
45975 -20195 25294
45975 -18200 26744
45975 -17855 26158
45975 -18635 27446
45975 -21570 25823
45975 -19715 27553
45975 -19265 26341
45975 -20925 24765
45975 -18285 27515
45975 -19350 25191
45975 -16835 30343
45975 -20635 25678
45975 -20375 25836
45975 -19010 29723
45975 -18285 28350
45975 -20185 25499
45975 -21430 24163
45975 -19815 25128
45975 -19910 25759
45975 -19455 27590
45975 -17735 29702
45975 -19480 27098
45975 -18085 28724
45975 -18875 28262
45975 -17165 28711
45975 -18345 26823
45975 -15060 32100
45975 -19585 26236
45975 -16835 30709
45975 -18875 27419
45975 -17695 28788
45975 -19765 26729
45975 -17300 27426
45975 -19745 26766
45975 -17115 30134
45975 -19570 26496
45975 -20105 27601
45975 -18435 27140
45975 -17445 29171
45975 -19295 27778
45975 -18945 27727
45975 -18285 29011
45975 -18455 26998
45975 -18415 28060
45975 -20035 27069
45975 -16885 27543
45975 -16835 30257
45975 -16690 29977
45975 -16285 31324
45975 -20645 26802
45975 -15540 32264
45975 -15145 33194
45975 -13790 32437
45975 -16885 29114
45975 -14485 31398
45975 -14965 30036
45975 -16665 31480
45975 -15345 34121
45975 -16285 31479
45975 -16665 30455
45975 -17660 28268
45975 -15355 32361
45975 -19000 30157
45975 -16565 32588
45975 -18285 30171
45975 -16755 30529
45975 -17055 30126
45975 -15345 31812
45975 -16775 32156
45975 -14575 32243
45975 -16285 30077
45975 -15885 31022
45975 -12295 35432
45975 -16685 29721
45975 -14180 32551
45975 -16785 30378
45975 -14820 30678
45975 -11335 35472
45975 -19040 29904
45975 -16685 29819
45975 -18285 28670
45975 -11135 34775
45975 -16190 31837
45975 -16485 33479
45975 -4895 34114
45975 -3440 34318
45975 1050 35548
45975 -5395 36856
45975 8375 36251
45975 -13175 34632
45975 -16285 32140
45975 -16285 32324
45975 -10695 34719
45975 40 34171
45975 9520 37094
45975 -16835 30230
45975 -11135 36199
45975 -14955 31952
45975 -12380 34347
45975 -16685 31991
45975 -14310 33551
45975 -13410 35212
45975 -16590 31235
45975 -12015 34808
45975 -13410 36065
45975 -16415 33906
45975 -12095 36062
45975 -16520 32757
45975 -325 34881
45975 -11135 35996
45975 -14625 32228
45975 -13675 33268
45975 -5050 35245
45975 -13475 35607
45975 8845 38440
45975 -9345 36472
45975 8170 36648
45975 -11375 35714
45975 -12585 35845
45975 8585 36508
45975 9655 38268
45975 -11135 36381
45975 7660 38072
45975 -6130 38228
45975 -6740 35782
45975 3740 36071
45975 -11135 35911
45975 540 37480
45975 -12210 35863
45975 7490 36283
45975 14120 37716
45975 -12775 34986
45975 8265 38092
45975 -1690 36403
45975 -1560 36528
45975 9520 38035
45975 9565 38418
45975 -4665 37601
45975 8440 36969
45975 5875 36334
45975 8375 37168
45975 -15200 34882
45975 8440 37905
45975 9925 39627
45975 10330 39766
45975 8815 38499
45975 13440 39953
45975 12175 40314
45975 11410 39109
45975 15545 41194
45975 8845 38571
45975 11410 38801
45975 12385 39337
45975 12255 38968
45975 10195 40493
45975 8585 38940
45975 12595 40713
45975 -365 37769
45975 14610 40108
45975 14220 40046
45975 12600 41126
45975 12175 40015
45975 9655 37564
45975 8815 40999
45975 14210 40595
45975 12895 38766
45975 15090 39748
45975 14950 40379
45975 9655 38489
45975 9925 39531
45975 12175 37667
45975 10330 39603
45975 8365 38497
45975 12675 39561
45975 13055 39443
45975 12595 42127
45975 15675 42396
45975 15900 42631
45975 15210 41457
45975 15000 41819
45975 15295 42237
45975 15600 41464
45975 14640 41831
45975 15930 42986
45975 14900 40794
45975 15930 42415
45975 16000 41258
45975 15065 41367
45975 15300 40364
45975 16065 42919
45975 14700 40901
45975 15600 42721
45975 14885 41101
45975 15900 43248
45975 16065 44090
45975 13540 41283
45975 14690 42216
45975 15600 41238
45975 14700 40850
45975 15300 41911
45975 16030 43420
45975 15900 42876
45975 15020 41826
45975 11290 39544
45975 13865 41099
45975 15800 42654
45975 16500 44886
45975 16100 43856
45975 24915 44997
45975 27545 45769
45975 27935 45622
45975 16000 43958
45975 16700 44793
45975 16065 43661
45975 16700 45376
45975 24915 45402
45975 17000 45367
45975 16900 45318
45975 16100 44339
45975 17065 45185
45975 15300 42892
45975 16500 44760
45975 16800 45092
45975 16500 44171
45975 16000 43925
45975 27545 45479
45975 18815 45444
45975 16100 44379
45975 16065 44264
45975 16100 43456
45975 24915 45348
45975 17955 45120
45975 16900 45367
45975 30390 45779
45975 16500 44230
45975 16000 43822
45975 17150 45317
45975 45715 45972
45975 45885 45974
45975 45975 45975
45975 45795 45973
45975 27935 45631
45975 45555 45969
45975 45975 45975
45975 45585 45968
45975 45975 45975
45975 45975 45975
45975 45975 45975
45975 45975 45975
45975 45975 45975
45975 45845 45973
45975 45715 45970
45975 45975 45975
45975 45975 45975
45975 45885 45975
45975 45585 45961
45975 45975 45975
45975 45975 45975
45975 45885 45974
45975 45715 45967
45975 45975 45975
45975 45715 45969
45975 45975 45975
45975 45975 45975
45975 45775 45971
45975 45715 45968
45975 45975 45975
45975 45975 45975
45975 45975 45975
45975 45975 45975
45975 45975 45975
45975 45975 45975
45975 45975 45975
45975 45975 45975
45975 45975 45975
45975 45975 45975
45975 45975 45975
45975 45975 45975
45975 45975 45975
45975 45975 45975
45975 45975 45975
45975 45975 45975
45975 45975 45975
45975 45975 45975
45975 45975 45975
45975 45975 45975
45975 45975 45975
45975 45975 45975
45975 45975 45975
45975 45975 45975
45975 45975 45975
45975 45975 45975
45975 45975 45975
45975 45975 45975
45975 45975 45975
45975 45975 45975
45975 45975 45975
45975 45975 45975
45975 45975 45975
45975 45975 45975
45975 45975 45975
45975 45975 45975
45975 45975 45975
45975 45975 45975
45975 45975 45975
45975 45975 45975
45975 45975 45975
45975 45975 45975
45975 45975 45975
45975 45975 45975
45975 45975 45975
45975 45975 45975
45975 45975 45975
45975 45975 45975
45975 45975 45975
45975 45975 45975
45975 45975 45975
45975 45975 45975
45975 45975 45975
45975 45975 45975
45975 45975 45975
45975 45975 45975
45975 45975 45975
45975 45975 45975
45975 45975 45975
45975 45975 45975
45975 45975 45975
45975 45975 45975
45975 45975 45975
45975 45975 45975
45975 45975 45975
45975 45975 45975
45975 45975 45975
45975 45975 45975
45975 45975 45975
45975 45975 45975
45975 45975 45975
45975 45975 45975
45975 45975 45975
45975 45975 45975
45975 45975 45975
45975 45975 45975
45975 45975 45975
45975 45975 45975
45975 45975 45975
45975 45975 45975
45975 45975 45975
45975 45975 45975
45975 45975 45975
45975 45975 45975
45975 45975 45975
45975 45975 45975
45975 45975 45975
45975 45975 45975
45975 45975 45975
45975 45975 45975
45975 45975 45975
45975 45975 45975
45975 45975 45975
45975 45975 45975
45975 45975 45975
45975 45975 45975
45975 45975 45975
45975 45975 45975
45975 45975 45975
45975 45975 45975
45975 45975 45975
45975 45975 45975
45975 45975 45975
45975 45975 45975
45975 45975 45975
45975 45975 45975
45975 45975 45975
45975 45975 45975
45975 45975 45975
45975 45975 45975
45975 45975 45975
45975 45975 45975
45975 45975 45975
45975 45975 45975
45975 45975 45975
45975 45975 45975
45975 45975 45975
45975 45975 45975
45975 45975 45975
45975 45975 45975
45975 45975 45975
45975 45975 45975
45975 45975 45975
45975 45975 45975
45975 45975 45975
45975 45975 45975
45975 45975 45975
45975 45975 45975
45975 45975 45975
45975 45975 45975
45975 45975 45975
45975 45975 45975
45975 45975 45975
45975 45975 45975
45975 45975 45975
45975 45975 45975
45975 45975 45975
45975 45975 45975
45975 45975 45975
45975 45975 45975
45975 45975 45975
45975 45975 45975
45975 45975 45975
45975 45975 45975
45975 45975 45975
45975 45975 45975
45975 45975 45975
45975 45975 45975
45975 45975 45975
45975 45975 45975
45975 45975 45975
45975 45975 45975
45975 45975 45975
45975 45975 45975
45975 45975 45975
45975 45975 45975
45975 45975 45975
45975 45975 45975
45975 45975 45975
45975 45975 45975
45975 45975 45975
45975 45975 45975
45975 45975 45975
45975 45975 45975
45975 45975 45975
45975 45975 45975
45975 45975 45975
45975 45975 45975
45975 45975 45975
45975 45975 45975
45975 45975 45975
45975 45975 45975
45975 45975 45975
45975 45975 45975
45975 45975 45975
45975 45975 45975
45975 45975 45975
45975 45975 45975
45975 45975 45975
45975 45975 45975
45975 45975 45975
45975 45975 45975
45975 45975 45975
45975 45975 45975
45975 45975 45975
45975 45975 45975
45975 45975 45975
45975 45975 45975
45975 45975 45975
45975 45975 45975
45975 45975 45975
45975 45975 45975
45975 45975 45975
45975 45975 45975
45975 45975 45975
45975 45975 45975
45975 45975 45975
45975 45975 45975
45975 45975 45975
45975 45975 45975
45975 45975 45975
45975 45975 45975
45975 45975 45975
45975 45975 45975
45975 45975 45975
45975 45975 45975
45975 45975 45975
45975 45975 45975
45975 45975 45975
45975 45975 45975
45975 45975 45975
45975 45975 45975
45975 45975 45975
45975 45975 45975
45975 45975 45975
45975 45975 45975
45975 45975 45975
45975 45975 45975
45975 45975 45975
45975 45975 45975
45975 45975 45975
45975 45975 45975
45975 45975 45975
45975 45975 45975
45975 45975 45975
45975 45975 45975
45975 45975 45975
45975 45975 45975
45975 45975 45975
45975 45975 45975
45975 45975 45975
45975 45975 45975
45975 45975 45975
45975 45975 45975
45975 45975 45975
45975 45975 45975
45975 45975 45975
45975 45975 45975
45975 45975 45975
45975 45975 45975
45975 45975 45975
45975 45975 45975
45975 45975 45975
45975 45975 45975
45975 45975 45975
45975 45975 45975
45975 45975 45975
45975 45975 45975
45975 45975 45975
45975 45975 45975
45975 45975 45975
45975 45975 45975
45975 45975 45975
45975 45975 45975
45975 45975 45975
45975 45975 45975
45975 45975 45975
45975 45975 45975
45975 45975 45975
45975 45975 45975
45975 45975 45975
45975 45975 45975
45975 45975 45975
45975 45975 45975
45975 45975 45975
45975 45975 45975
45975 45975 45975
45975 45975 45975
45975 45975 45975
45975 45975 45975
45975 45975 45975
45975 45975 45975
45975 45975 45975
45975 45975 45975
45975 45975 45975
45975 45975 45975
45975 45975 45975
45975 45975 45975
45975 45975 45975
45975 45975 45975
45975 45975 45975
45975 45975 45975
45975 45975 45975
45975 45975 45975
45975 45975 45975
45975 45975 45975
45975 45975 45975
45975 45975 45975
45975 45975 45975
45975 45975 45975
45975 45975 45975
45975 45975 45975
45975 45975 45975
45975 45975 45975
45975 45975 45975
45975 45975 45975
45975 45975 45975
45975 45975 45975
45975 45975 45975
45975 45975 45975
45975 45975 45975
45975 45975 45975
45975 45975 45975
45975 45975 45975
45975 45975 45975
45975 45975 45975
45975 45975 45975
45975 45975 45975
45975 45975 45975
45975 45975 45975
45975 45975 45975
45975 45975 45975
45975 45975 45975
45975 45975 45975
45975 45975 45975
45975 45975 45975
45975 45975 45975
45975 45975 45975
45975 45975 45975
45975 45975 45975
45975 45975 45975
45975 45975 45975
45975 45975 45975
45975 45975 45975
45975 45975 45975
45975 45975 45975
45975 45975 45975
45975 45975 45975
45975 45975 45975
45975 45975 45975
45975 45975 45975
45975 45975 45975
45975 45975 45975
45975 45975 45975
45975 45975 45975
45975 45975 45975
45975 45975 45975
45975 45975 45975
45975 45975 45975
45975 45975 45975
45975 45975 45975
45975 45975 45975
45975 45975 45975
45975 45975 45975
45975 45975 45975
45975 45975 45975
45975 45975 45975
45975 45975 45975
45975 45975 45975
45975 45975 45975
45975 45975 45975
45975 45975 45975
45975 45975 45975
45975 45975 45975
45975 45975 45975
45975 45975 45975
45975 45975 45975
45975 45975 45975
45975 45975 45975
45975 45975 45975
45975 45975 45975
45975 45975 45975
45975 45975 45975
45975 45975 45975
45975 45975 45975
45975 45975 45975
45975 45975 45975
45975 45975 45975
45975 45975 45975
45975 45975 45975
45975 45975 45975
45975 45975 45975
45975 45975 45975
45975 45975 45975
45975 45975 45975
45975 45975 45975
45975 45975 45975
45975 45975 45975
45975 45975 45975
45975 45975 45975
45975 45975 45975
45975 45975 45975
45975 45975 45975
45975 45975 45975
45975 45975 45975
45975 45975 45975
45975 45975 45975
45975 45975 45975
45975 45975 45975
45975 45975 45975
45975 45975 45975
45975 45975 45975
45975 45975 45975
45975 45975 45975
45975 45975 45975
45975 45975 45975
45975 45975 45975
45975 45975 45975
45975 45975 45975
45975 45975 45975
45975 45975 45975
45975 45975 45975
45975 45975 45975
45975 45975 45975
45975 45975 45975
45975 45975 45975
45975 45975 45975
45975 45975 45975
45975 45975 45975
45975 45975 45975
45975 45975 45975
45975 45975 45975
45975 45975 45975
45975 45975 45975
45975 45975 45975
45975 45975 45975
45975 45975 45975
45975 45975 45975
45975 45975 45975
45975 45975 45975
45975 45975 45975
45975 45975 45975
45975 45975 45975
45975 45975 45975
45975 45975 45975
45975 45975 45975
45975 45975 45975
45975 45975 45975
45975 45975 45975
45975 45975 45975
45975 45975 45975
45975 45975 45975
45975 45975 45975
45975 45975 45975
45975 45975 45975
45975 45975 45975
45975 45975 45975
45975 45975 45975
45975 45975 45975
45975 45975 45975
45975 45975 45975
45975 45975 45975
45975 45975 45975
45975 45975 45975
45975 45975 45975
45975 45975 45975
45975 45975 45975
45975 45975 45975
45975 45975 45975
45975 45975 45975
45975 45975 45975
45975 45975 45975
45975 45975 45975
45975 45975 45975
45975 45975 45975
45975 45975 45975
45975 45975 45975
45975 45975 45975
45975 45975 45975
45975 45975 45975
45975 45975 45975
45975 45975 45975
45975 45975 45975
45975 45975 45975
45975 45975 45975
45975 45975 45975
45975 45975 45975
45975 45975 45975
45975 45975 45975
45975 45975 45975
45975 45975 45975
45975 45975 45975
45975 45975 45975
45975 45975 45975
45975 45975 45975
45975 45975 45975
45975 45975 45975
45975 45975 45975
45975 45975 45975
45975 45975 45975
45975 45975 45975
45975 45975 45975
45975 45975 45975
45975 45975 45975
45975 45975 45975
45975 45975 45975
45975 45975 45975
45975 45975 45975
45975 45975 45975
45975 45975 45975
45975 45975 45975
45975 45975 45975
45975 45975 45975
45975 45975 45975
45975 45975 45975
45975 45975 45975
45975 45975 45975
45975 45975 45975
45975 45975 45975
45975 45975 45975
45975 45975 45975
45975 45975 45975
45975 45975 45975
45975 45975 45975
45975 45975 45975
45975 45975 45975
45975 45975 45975
45975 45975 45975
45975 45975 45975
