-9505 -7780 -8995
-4845 -9895 -8312
-4340 -9420 -7943
-4065 -9470 -7567
-3250 -9400 -7436
-3020 -9440 -7135
-2785 -9740 -6863
-2785 -10095 -6615
-2515 -10230 -6148
-2445 -10095 -6395
-2445 -9415 -6128
-2445 -9690 -5950
-2175 -10095 -5701
-2175 -9420 -5975
-2175 -9415 -5789
-2175 -9960 -5990
-2175 -10095 -5965
-2175 -9420 -6098
-2175 -9860 -6219
-2175 -9935 -6156
-2175 -9285 -6157
-2155 -9400 -5949
-2155 -9415 -5796
-2155 -10095 -6267
-2155 -9150 -5985
-2155 -10095 -5902
-2155 -9590 -5984
-2155 -9315 -6216
-2155 -9315 -6250
-1655 -9825 -6231
-1655 -9280 -6258
-1655 -9430 -6270
-1655 -9870 -6264
-1655 -9200 -6202
-1655 -9825 -6156
-1655 -9965 -6210
-1655 -9320 -6463
-1655 -9415 -6163
-1655 -9860 -6100
-1655 -10100 -6467
-1655 -9320 -6397
-1655 -10130 -6435
-1655 -9415 -6314
-1655 -9470 -6091
-1655 -9495 -6069
-1045 -9605 -6014
-1045 -10130 -6174
-1045 -8955 -6153
-1045 -9250 -6094
-1045 -9440 -6233
-1045 -9605 -6332
-1045 -9865 -6406
-1045 -9740 -6309
-1045 -9035 -6475
-1045 -9575 -6267
-1045 -9320 -6256
-1045 -9690 -6376
-1045 -9710 -6239
-1045 -9300 -6346
-1045 -9605 -6328
-1045 -9455 -6511
-1045 -9435 -6541
-1045 -9995 -6463
-1045 -9460 -6302
-1045 -9495 -6245
-1045 -9610 -6179
-1045 -9830 -6227
-1045 -9135 -6372
-1045 -9300 -6224
-1045 -9735 -6263
-1045 -9455 -6375
-1045 -9575 -6197
-1045 -9220 -6208
-1045 -9630 -6394
-1045 -9460 -6202
-1045 -9625 -6110
-1045 -9585 -6222
-1045 -9470 -6213
-1045 -9270 -6217
-1045 -10095 -6284
-1045 -9420 -6256
-1045 -9490 -6222
-1045 -9315 -6263
-1045 -9440 -6337
-1045 -9710 -6182
-1045 -9595 -6217
-1045 -9475 -6235
-1045 -9730 -6414
-1045 -9305 -6350
-1045 -9630 -6252
-1045 -9535 -6324
-1045 -9430 -6446
-1045 -9300 -6236
-1045 -9610 -6290
-1045 -9220 -6119
-1045 -9730 -6151
-1045 -9390 -6040
-1045 -9475 -6251
-1045 -9540 -6259
-1045 -9530 -6259
-1045 -9590 -6225
-1045 -9285 -6245
-1045 -9580 -6183
-1045 -9295 -6206
-1045 -9760 -6224
-1045 -9590 -6365
-1045 -9860 -6476
-1045 -9240 -6311
-1045 -9575 -6536
-1045 -9860 -6459
-1045 -9290 -6336
-1045 -9860 -6230
-1045 -9595 -6132
-1045 -9525 -6168
-1045 -9345 -6047
-1045 -9580 -6263
-1045 -9375 -6123
-1045 -9310 -6248
-1045 -9625 -6204
-1045 -9960 -6168
-1045 -9185 -6143
-1045 -9410 -6274
-1045 -9065 -6191
-1045 -9865 -6298
-1045 -9540 -6307
-1045 -9160 -6200
-1045 -9825 -6216
-1045 -9280 -6160
-1045 -9415 -6044
-1045 -9690 -6330
-1045 -9470 -6271
-1045 -9375 -6235
-1045 -9070 -6236
-1045 -9995 -6300
-1045 -10100 -6369
-1045 -9660 -6335
-1045 -9710 -6248
-1045 -9355 -6222
-1045 -9270 -6248
-1045 -9390 -6046
-1045 -9725 -6049
-1045 -9270 -6220
-1045 -9130 -6090
-1045 -9265 -6074
-1045 -9930 -6081
-1045 -10030 -6257
-1045 -9590 -6167
-1045 -9320 -6239
-1045 -9250 -6333
-1045 -9595 -6236
-1045 -9310 -6348
-1045 -9575 -6170
-1045 -9730 -6138
-1045 -9205 -6181
-1045 -9740 -6324
-1045 -9690 -6174
-1045 -9525 -6198
-1045 -9400 -6101
-1045 -8865 -6158
-1045 -9190 -6191
-1045 -9525 -6193
-1045 -9315 -6088
-1045 -9425 -6106
805 -9290 -6118
805 -9425 -6144
805 -9190 -6330
805 -9865 -6158
805 -9230 -6139
805 -9760 -6073
805 -9340 -6091
805 -9760 -6026
805 -9995 -6014
805 -9740 -6030
805 -9215 -6185
805 -9100 -6194
805 -9375 -5948
805 -9930 -5807
805 -8855 -5741
805 -9415 -5875
805 -9750 -5982
805 -9760 -6120
805 -9115 -5806
805 -9125 -5990
805 -9525 -5979
805 -9100 -5946
805 -9320 -5984
805 -10230 -6022
805 -9360 -6031
805 -9605 -6121
805 -9625 -6182
805 -9610 -6153
805 -9390 -6093
805 -9090 -5983
805 -9285 -6146
805 -9420 -6057
805 -9505 -6065
805 -9495 -6102
805 -9495 -6158
805 -9255 -6153
805 -9315 -6133
805 -9420 -6117
805 -9215 -6297
805 -9350 -6124
805 -9765 -6088
805 -9185 -6120
805 -9405 -6098
805 -9220 -5960
805 -9120 -6002
805 -9415 -5987
805 -9390 -6021
805 -9560 -6199
805 -9240 -6016
805 -9350 -5935
805 -9565 -6131
805 -9760 -6094
805 -9320 -6118
805 -9215 -5949
805 -9705 -6055
805 -9285 -5918
805 -9160 -6040
805 -9895 -6094
805 -9325 -6174
805 -9405 -6182
805 -9315 -5965
805 -9460 -6064
805 -9415 -6028
805 -9960 -5967
805 -9610 -5803
805 -9390 -5797
805 -9410 -5881
805 -9490 -6000
805 -9440 -5891
805 -9830 -5777
805 -9560 -6029
805 -9180 -6069
805 -9795 -5877
805 -9710 -5986
805 -9495 -5827
805 -9605 -5903
805 -9865 -5855
805 -9960 -5727
805 -9240 -5741
805 -9870 -5949
805 -9710 -5939
805 -9165 -5782
805 -9395 -5697
805 -9660 -5733
805 -9050 -5737
805 -9340 -5541
805 -9830 -5683
805 -9625 -5583
805 -9830 -5675
805 -9170 -5577
805 -9440 -5722
805 -9335 -5546
805 -9325 -5542
805 -9760 -5723
805 -9560 -5685
805 -9995 -5769
805 -9030 -5734
805 -8945 -5700
805 -9315 -5919
805 -9245 -5807
805 -9435 -5766
805 -9175 -5668
805 -9070 -5399
805 -9505 -5607
805 -9185 -5720
805 -9360 -5745
805 -9125 -5881
805 -9660 -6007
805 -8985 -5905
805 -9390 -5715
805 -9490 -5730
805 -9290 -5644
805 -9625 -5705
805 -9900 -5722
805 -9275 -5896
805 -9455 -5945
805 -9165 -6003
805 -9310 -5850
805 -9150 -5780
805 -9100 -5926
805 -9185 -5718
805 -9115 -5752
805 -9190 -5726
805 -9270 -5592
805 -9895 -5774
805 -8890 -5425
1030 -8980 -5622
1030 -9020 -5626
1030 -9050 -5682
1030 -9180 -5581
1030 -8960 -5456
1030 -8990 -5566
1030 -9210 -5598
1030 -9145 -5470
1030 -9590 -5375
1030 -9660 -5530
1030 -9610 -5702
1030 -8535 -5379
1030 -9075 -5316
1030 -9130 -5287
1030 -8915 -5498
1030 -9050 -5469
1030 -9000 -5385
1030 -9085 -5485
1030 -9375 -5633
1030 -8965 -5710
1030 -9075 -5603
1030 -9625 -5706
1995 -9420 -5555
1995 -9065 -5379
1995 -9425 -5389
1995 -9020 -5477
1995 -8850 -5530
1995 -8790 -5544
1995 -9020 -5512
1995 -9430 -5557
1995 -8750 -5617
1995 -9285 -5495
1995 -9185 -5473
1995 -8820 -5328
1995 -8980 -5550
1995 -9440 -5485
1995 -8775 -5566
1995 -8660 -5608
1995 -9300 -5532
1995 -8850 -5377
1995 -8800 -5632
1995 -8830 -5658
1995 -9025 -5781
1995 -8675 -5560
1995 -8925 -5509
1995 -8790 -5691
1995 -9370 -5486
1995 -8905 -5540
1995 -9065 -5834
1995 -8980 -5700
1995 -9195 -5522
1995 -8985 -5622
1995 -9390 -5732
1995 -8930 -5614
3840 -9290 -5504
3840 -8850 -5387
3840 -9105 -5454
3840 -9220 -5493
3840 -9015 -5426
3840 -9055 -5657
3840 -8920 -5586
3840 -9220 -5536
3840 -9430 -5388
3840 -9230 -5280
3840 -9130 -5386
3840 -9560 -5314
3840 -9660 -5459
3840 -9150 -5532
3840 -8840 -5231
3840 -9185 -5384
3840 -9175 -5578
3840 -9385 -5476
3840 -9150 -5683
3840 -9135 -5592
3840 -9510 -5664
3840 -9085 -5659
3840 -9400 -5458
3840 -9085 -5407
3840 -9170 -5365
3840 -9560 -5651
3840 -9115 -5702
3840 -9265 -5801
3840 -9460 -5716
3840 -9355 -5510
3840 -8905 -5495
3840 -9265 -5331
3840 -9170 -5170
3840 -9625 -5454
3840 -9585 -5349
3840 -8900 -5451
3840 -9530 -5477
3840 -9150 -5652
3840 -9730 -5613
3840 -9660 -5774
3840 -9170 -5638
3840 -9220 -5608
3840 -9610 -5647
3840 -8985 -5342
3840 -9665 -5511
3840 -9895 -5497
3840 -8855 -5372
3840 -9410 -5633
3840 -9065 -5707
3840 -9290 -5645
3840 -9250 -5719
3840 -9035 -5661
3840 -9050 -5447
3840 -8970 -5504
3840 -9455 -5299
3840 -8935 -5309
3840 -9315 -5426
3840 -8945 -5261
3840 -8965 -5336
3840 -9305 -5402
3840 -9420 -5266
3840 -8875 -5419
3840 -9430 -5698
3840 -8915 -5634
3840 -9560 -5736
3840 -9530 -5306
3840 -9070 -5427
3840 -8595 -5172
3840 -8930 -5380
3840 -8805 -5465
3840 -9420 -5292
3840 -9060 -5274
3840 -9135 -5270
3840 -8885 -5406
3840 -9210 -5225
3840 -9125 -5266
3840 -8755 -5159
3840 -8815 -5294
3840 -9250 -5341
3840 -8950 -5677
3840 -9065 -5787
3840 -9130 -5654
3840 -9100 -5523
3840 -9440 -5514
3840 -9455 -5475
3840 -9085 -5748
3840 -9365 -5604
3840 -9150 -5421
3840 -8860 -5601
3840 -9150 -5673
3840 -9130 -5407
3840 -9235 -5624
3840 -9350 -5509
3840 -9130 -5609
3840 -9555 -5530
3840 -9390 -5331
3840 -9100 -5120
3840 -8920 -5257
3840 -9320 -5502
3840 -9135 -5409
3840 -9265 -5458
3840 -8890 -5483
3840 -9085 -5259
3840 -8605 -5344
3840 -9485 -5395
3840 -9105 -5243
3840 -8925 -5162
3840 -9495 -5213
3840 -9115 -5175
3840 -9165 -5137
3840 -8985 -5061
3840 -9160 -5237
3840 -9005 -5223
3840 -9070 -5243
3840 -9115 -4977
3840 -8985 -5161
3840 -8790 -5286
3840 -9285 -5263
3840 -9370 -5273
3840 -9075 -5397
3840 -9180 -5495
3840 -9120 -5524
3840 -9515 -5515
3840 -9440 -5360
3840 -9190 -5334
3840 -9290 -5363
3840 -9135 -5395
3840 -9115 -5535
3840 -8895 -5223
3840 -8885 -5206
3840 -9000 -5261
3840 -8850 -5154
3840 -9035 -5453
3840 -9080 -5452
3840 -9060 -5224
3840 -9500 -5367
3840 -9165 -5400
3840 -9290 -5238
3840 -8750 -5353
3840 -9400 -5343
3840 -8875 -5128
3840 -9420 -5339
3840 -9895 -5261
3840 -9290 -5102
3840 -9120 -5289
3840 -8965 -5185
3840 -8845 -5145
3840 -9265 -5279
3840 -9085 -5456
3840 -9185 -5321
3840 -8985 -5107
3840 -9135 -5100
3840 -9440 -5348
3840 -9970 -5329
3840 -9085 -5131
3840 -8805 -4895
3840 -8645 -4907
3840 -9050 -5114
3840 -8760 -5077
3840 -9130 -4923
3840 -9135 -4901
3840 -9370 -5047
3840 -8955 -5054
3840 -8955 -5098
3840 -8870 -5116
3840 -8825 -5267
3840 -9065 -4994
3840 -9660 -5241
3840 -9960 -5244
3840 -9190 -5228
3840 -8815 -5255
3840 -9150 -5137
3840 -8755 -5113
3840 -9420 -5041
3840 -9100 -5130
3840 -8825 -5066
3840 -8695 -4982
3840 -9165 -5177
3840 -9115 -5091
3840 -9085 -5110
3840 -9415 -5303
3840 -8795 -5068
3840 -8640 -5158
3840 -9090 -5128
3840 -9320 -5333
3840 -9505 -5356
3840 -9730 -5436
3840 -9185 -5461
3840 -9630 -5257
3840 -9085 -5038
3840 -9345 -5290
3840 -9190 -5293
3840 -8920 -5224
3840 -9005 -5101
3840 -9505 -4906
3840 -9340 -5156
3840 -9190 -5003
3840 -9220 -5285
3840 -9055 -5405
3840 -8690 -5263
3840 -8785 -5350
3840 -9165 -5039
3840 -8955 -5123
3840 -9320 -5206
3840 -9010 -5076
3840 -8945 -5201
3840 -9085 -5023
3840 -9200 -5357
3840 -9170 -5143
3840 -9060 -5142
3840 -9270 -5141
3840 -8725 -5035
3880 -9085 -5085
3880 -9310 -5113
3880 -9285 -5075
3880 -9065 -5033
3880 -9080 -5170
3880 -9290 -5112
3880 -8625 -4892
3880 -9150 -4974
3880 -9330 -4870
3880 -9170 -4756
3880 -9120 -4958
3880 -9490 -4975
3880 -8950 -4859
3880 -8830 -4812
3880 -9065 -4896
3880 -9170 -5048
3880 -9030 -5065
3880 -8960 -5047
3880 -9430 -4977
3880 -9005 -4879
3880 -8795 -4617
3880 -9140 -4691
3880 -9030 -4723
3880 -8995 -4639
3880 -9300 -4806
3880 -8255 -4722
3880 -9185 -4928
3880 -9085 -4945
3880 -8925 -4835
3880 -9015 -4845
3880 -8765 -5008
3880 -9285 -5009
3880 -8945 -4834
3880 -9660 -4976
3880 -8955 -4920
3880 -9395 -4966
3880 -9080 -5001
3880 -9185 -4677
3880 -9525 -4893
3880 -9100 -4786
3880 -8860 -4776
3880 -9005 -4954
3880 -9085 -4810
3880 -8695 -4683
3880 -9040 -4726
3880 -9080 -5005
3880 -9130 -4578
3880 -8945 -4637
3880 -9900 -4850
3880 -8950 -4727
3880 -8720 -4623
3880 -8935 -4450
3880 -9245 -4523
3880 -8990 -4448
3880 -8830 -4644
3880 -9765 -4640
3880 -8865 -4721
3880 -9055 -4684
3880 -8935 -4889
3880 -8950 -4577
3880 -8795 -4509
3880 -9190 -4554
3880 -8860 -4604
3880 -9130 -4508
3880 -9215 -4621
3880 -9255 -4496
3880 -9055 -4442
3880 -8715 -4480
3880 -9090 -4429
3880 -8705 -4310
3880 -9185 -4536
3880 -8640 -4186
3880 -9085 -4236
3880 -9065 -4519
3880 -8760 -4455
3880 -9235 -4525
3880 -8960 -4629
3880 -9165 -4517
3880 -9080 -4529
3880 -9795 -4758
3880 -8945 -4814
3880 -9010 -4809
3880 -9230 -4648
3880 -9340 -4612
3880 -9530 -4578
3880 -8805 -4456
3880 -8985 -4394
3880 -9625 -4505
3880 -9030 -4463
3880 -8950 -4584
3880 -9200 -4459
3880 -9665 -4573
3880 -8615 -4403
3880 -8750 -4535
3880 -8670 -4209
3880 -8615 -4317
3880 -9560 -4797
3880 -9365 -4654
3880 -9185 -4579
3880 -8930 -4467
3880 -9040 -4320
3880 -9040 -4462
3880 -9265 -4651
3880 -9165 -4640
3880 -9220 -4653
3880 -9200 -4873
3880 -8485 -4658
3880 -9075 -4655
3880 -8980 -4598
3880 -8955 -4659
3880 -9030 -4894
3880 -8255 -4653
3880 -8915 -4858
3880 -9125 -4634
3880 -9230 -4861
3880 -9215 -4713
3880 -9190 -4596
3880 -8920 -4363
3880 -8180 -4218
3880 -8990 -4389
3880 -9215 -4682
3880 -9150 -4516
3880 -8945 -4539
3880 -9495 -4635
3880 -9035 -4585
3880 -9105 -4644
3880 -9055 -4717
3880 -9095 -4748
3880 -9590 -4375
3880 -8705 -4453
3880 -9270 -4337
3880 -9100 -4461
3880 -8655 -4407
3880 -9495 -4397
3880 -9005 -4181
3880 -8855 -4241
3880 -9085 -4359
3880 -9220 -4454
3880 -8830 -4620
3880 -9130 -4672
3880 -9490 -4623
3880 -8780 -4644
3880 -9515 -4377
3880 -8395 -4264
3880 -8900 -4239
3880 -9060 -4457
3880 -8480 -4160
3880 -8850 -4482
3880 -8680 -4392
3880 -8605 -4750
3880 -9350 -4674
3880 -8365 -4494
3880 -8795 -4786
3880 -9330 -4670
3880 -8935 -4515
3880 -9080 -4639
3880 -8975 -4728
3880 -9185 -4853
3880 -9190 -4609
3880 -9140 -4591
3880 -9015 -4358
3880 -8885 -4149
3880 -8800 -4230
4110 -9130 -4162
4110 -9200 -3972
4110 -8860 -4190
4110 -8490 -4157
4110 -8660 -4147
4110 -8965 -4257
4110 -9005 -4434
4110 -9050 -4125
4110 -9710 -4332
4110 -8930 -3869
4110 -8885 -3719
4110 -9000 -3693
4110 -8765 -3997
4110 -8515 -3846
4110 -9900 -3760
4110 -8845 -3759
4110 -9235 -3794
4110 -8800 -3781
4110 -8835 -3968
4110 -8710 -4320
4110 -8645 -3988
4110 -9050 -4347
4110 -9425 -4188
4110 -8970 -4244
4110 -9155 -4184
4110 -8900 -4241
4110 -8560 -4048
4110 -8655 -4108
4110 -9010 -4315
4110 -8735 -3951
4110 -9160 -3929
4110 -8555 -3754
4110 -8885 -3502
4110 -9290 -3798
4110 -8740 -3901
4110 -8895 -3734
4110 -8820 -3807
4110 -8690 -3991
4110 -9200 -4164
4110 -8765 -4263
4110 -9095 -4005
4110 -8860 -3734
4110 -9375 -3926
4110 -8990 -3906
4110 -9420 -3823
4110 -9165 -4112
4110 -8685 -3738
4110 -8875 -3662
4110 -8645 -3765
4110 -9085 -3742
4110 -8790 -3379
4110 -8775 -3710
4110 -8855 -3967
4110 -8935 -3811
4110 -9070 -3687
4110 -8770 -3630
4110 -8415 -3963
4110 -8890 -4000
4110 -8850 -3776
4110 -9000 -3921
4110 -8445 -3600
4110 -8695 -3361
4110 -8625 -3512
4110 -8805 -3388
4110 -9260 -3296
4110 -9030 -3744
4110 -8610 -3712
4110 -8480 -3743
4110 -8400 -3719
4110 -8805 -3869
4110 -8125 -3315
4110 -9070 -3646
4110 -8780 -3529
4110 -8430 -3455
4110 -9860 -3579
4110 -8725 -3820
4110 -8950 -3634
4110 -8830 -3512
4110 -9235 -3466
4110 -8285 -3883
4110 -8650 -3587
4110 -8780 -3869
4110 -8765 -3528
4110 -8925 -3277
4110 -8610 -3744
4110 -8695 -3929
4110 -8595 -3592
4110 -9070 -3435
4110 -9135 -3481
4110 -8765 -3497
4110 -8580 -3500
4110 -8880 -3388
4110 -8645 -3454
4110 -9230 -3300
4370 -9285 -3428
4370 -8930 -3557
4370 -8935 -3670
4370 -8985 -3589
4370 -8855 -3478
4370 -8790 -3709
4370 -8545 -3503
4370 -9230 -3823
4370 -8760 -3373
4370 -8715 -3647
4370 -8520 -3739
4370 -8975 -4023
4370 -8870 -3713
4370 -8885 -3779
4370 -8480 -3814
4370 -8480 -3839
4370 -8795 -3673
4370 -9695 -3509
4370 -8465 -3876
4370 -9320 -3681
4370 -8660 -3673
4370 -8715 -3577
4370 -9565 -3570
4370 -8875 -3451
4370 -8785 -3585
4370 -8040 -3308
4370 -8930 -3496
4370 -8755 -3653
4370 -8880 -3793
4370 -8895 -3961
4370 -8920 -3526
4370 -8290 -3226
4440 -8890 -3092
4440 -8430 -3178
4440 -8180 -2952
4440 -8670 -2896
4440 -8820 -3266
4440 -8775 -3331
4440 -8650 -3333
4440 -8815 -3443
4440 -9310 -3359
4440 -8360 -3293
4440 -9070 -3084
4440 -9085 -3511
4440 -9160 -3389
4440 -8780 -3388
4440 -8585 -3232
4570 -9155 -3035
4570 -8685 -2977
4570 -8975 -2981
4570 -8665 -2659
4570 -9105 -2759
4570 -9185 -3052
4570 -9280 -3094
4570 -9630 -3154
4570 -9050 -3075
4570 -9085 -3269
4570 -8845 -3185
4570 -8915 -2842
4570 -9560 -2524
4570 -8995 -3111
4570 -8320 -2774
4570 -8830 -2491
4570 -8895 -2584
4570 -8495 -2742
4570 -8155 -2707
4570 -8490 -2507
4570 -8980 -2718
4570 -9085 -2520
4570 -8685 -2697
4570 -8680 -2480
4570 -8815 -2871
4570 -8680 -2609
4570 -8825 -2387
4570 -8620 -2537
4570 -9595 -2765
4570 -9355 -2544
4570 -8930 -2692
4570 -8520 -2377
4770 -9170 -2680
4770 -8375 -2464
4770 -8985 -2886
4900 -8965 -2895
4900 -8835 -2795
4900 -9005 -2618
4900 -9050 -2732
5220 -8750 -2797
5220 -8735 -3128
5220 -7865 -3224
5220 -8915 -2849
5220 -8675 -2501
5220 -8080 -2396
5220 -9070 -2610
5220 -9165 -2034
5220 -8630 -2462
5220 -8740 -2481
5220 -8220 -2272
5220 -8415 -1964
5220 -8380 -1931
5220 -9570 -1716
5220 -7745 -1955
5220 -8965 -2236
5220 -7715 -1943
5350 -8755 -2113
5350 -8270 -1916
5350 -8100 -1837
5480 -8175 -1859
5480 -8525 -1961
5480 -8725 -1813
5480 -8350 -2172
5480 -8795 -2235
5480 -9065 -1983
5480 -9100 -2100
5480 -8965 -1687
5480 -7965 -2091
5480 -8740 -2221
5480 -8355 -2240
5480 -8190 -2391
5480 -9205 -2399
5480 -9130 -2236
5480 -8685 -2254
5480 -8840 -2005
5480 -8135 -1973
5480 -8745 -2009
5480 -9420 -2028
5480 -8720 -1810
5480 -8650 -2006
5480 -8375 -1970
5480 -9320 -1998
5480 -8245 -1929
5480 -8620 -1324
5480 -9145 -1475
5480 -8185 -1916
5480 -8090 -1903
5480 -8355 -1897
5480 -8685 -1893
5480 -8865 -2385
5480 -8680 -1998
5480 -8840 -1812
5480 -8590 -1669
5480 -9090 -1858
5480 -8210 -2008
5480 -8505 -2106
5480 -9420 -2344
5480 -8395 -2096
5480 -8680 -2383
5480 -9075 -2516
5480 -8790 -2516
5480 -8650 -2301
5480 -8965 -2289
5480 -8355 -2341
5480 -7775 -2165
5480 -8690 -2171
5480 -8950 -2117
5480 -8580 -1889
5480 -9130 -1794
5480 -7425 -1499
5480 -8250 -2036
5480 -8870 -2183
5480 -8470 -1971
5480 -9280 -1655
5480 -8330 -1827
5480 -8265 -1931
5480 -8515 -1612
5610 -7955 -1937
5610 -8285 -1897
5610 -8730 -2028
5610 -8880 -1752
5610 -8695 -1801
5610 -9590 -1592
5610 -8850 -1637
5610 -8430 -1739
5610 -8675 -1353
5610 -8345 -1044
5610 -7870 -1142
5610 -7745 -878
5610 -8410 -1184
5610 -7785 -1338
5610 -8245 -1366
5610 -7885 -1448
5610 -8385 -1635
5610 -8275 -1882
5610 -8505 -1577
5610 -8415 -1472
5610 -8345 -1246
5610 -7460 -1326
5610 -8475 -1641
5610 -8665 -1377
5610 -7695 -998
5610 -8880 -1261
5610 -8295 -1306
5610 -7805 -1089
5610 -7850 -1019
5610 -7955 -757
5610 -8550 -930
5610 -8430 -1061
5610 -8780 -1476
5610 -8570 -1170
5610 -8275 -777
5610 -8720 -1253
5610 -8160 -783
5610 -8140 -890
5610 -8315 -983
5610 -8625 -1196
5610 -8010 -1098
5610 -8490 -1083
5610 -8645 -1529
5610 -8520 -1324
5610 -8315 -922
5610 -7865 -1122
5610 -8785 -1148
5610 -7740 -842
5610 -8355 -1110
5610 -8615 -1349
5610 -9420 -1176
5610 -8115 -1037
5610 -9070 -688
5610 -8965 -903
5610 -8915 -492
5610 -7875 -704
5610 -8955 -710
5610 -7615 -813
5610 -8765 -1558
5610 -8545 -1462
5610 -8375 -1000
5740 -8360 -963
5740 -8910 -766
5740 -8475 -773
5740 -7930 -690
5740 -8195 -945
5740 -8790 -529
5740 -8255 -784
5740 -8555 -577
5740 -9155 -839
5740 -8615 -373
5740 -9005 -422
5740 -7905 -724
5740 -8250 -836
5740 -8550 -617
5740 -8925 -749
5740 -8375 -1348
5740 -8080 -977
5740 -8815 -585
5740 -8970 -154
5740 -8190 -345
5740 -8595 -472
5740 -8105 -608
5740 -8285 -613
5740 -8120 -715
5740 -7875 -489
5740 -8255 -421
5740 -8895 -523
5740 -8045 -445
5740 -7955 -444
5740 -8005 -579
5740 -7745 -705
5740 -8580 -278
5740 -8745 -361
5740 -8025 -358
5740 -8310 -988
5740 -8315 -460
5740 -7950 -350
5740 -7820 -512
5740 -7845 -213
5740 -8615 -507
5740 -8125 15
5740 -8185 229
5740 -8400 -188
5740 -8525 75
5740 -8730 -366
5740 -7860 -332
5740 -8545 -280
5740 -7675 -140
5740 -7735 -49
5740 -8315 164
5740 -8120 355
5740 -7905 103
5740 -8270 -120
5740 -8175 102
5740 -7910 -93
5740 -8360 -5
5740 -7540 -258
5740 -8175 -96
5740 -8590 -78
5740 -8615 -257
5740 -8780 297
5740 -7640 330
5740 -8475 -672
5740 -9035 -830
5740 -7990 -555
5740 -7995 -250
5740 -8015 -580
5740 -8270 -210
5740 -7980 269
5740 -8590 -61
5740 -8310 -120
5740 -8445 -178
5740 -8425 -96
5740 -8360 215
5740 -7635 -152
5740 -7785 -104
5740 -8510 -253
5740 -8095 -247
5740 -7975 -380
5740 -8865 -276
5740 -8170 25
5740 -8615 -333
5740 -7415 -314
5740 -7625 334
5740 -8370 504
5740 -7410 450
5740 -8005 293
5740 -8315 -292
5740 -8150 -227
5740 -7790 -43
5740 -8265 13
5740 -8055 385
5740 -7610 39
5740 -7970 571
5740 -8040 362
5740 -8405 459
5740 -7145 364
5740 -7740 48
5740 -8345 511
5740 -7705 495
5740 -7420 726
5740 -7920 523
5740 -7645 552
5740 -7495 395
5740 -7710 577
5740 -8195 630
5740 -8085 858
5740 -8290 393
5740 -8815 129
5740 -7625 300
5740 -7600 472
5740 -8335 326
5740 -7660 187
5740 -8275 275
5740 -8040 268
5740 -6725 975
5740 -8085 631
5740 -6895 763
5740 -6675 534
5740 -7035 525
5740 -7375 747
5740 -9030 485
5740 -6990 658
5740 -8440 355
5740 -7405 860
5740 -7400 974
5740 -7830 1019
5740 -8490 943
5740 -8095 873
5740 -7325 1037
5740 -6685 917
5740 -7100 653
5740 -7325 938
5740 -8950 612
5740 -7515 938
5740 -7075 1151
5740 -7890 1209
5740 -7180 1261
5740 -7845 1064
5740 -9165 1076
5740 -7340 1549
5740 -7485 1618
5740 -7665 922
5740 -7845 761
5740 -7520 1079
5740 -7735 875
5740 -7260 1208
5740 -7410 1272
5740 -8520 1536
5740 -7675 1536
5740 -7690 1638
5740 -7155 1323
5740 -8040 1409
5740 -7725 1366
5740 -8060 1360
5740 -8340 1107
5740 -6380 855
5740 -7445 981
5740 -8245 1232
5740 -7510 1262
5740 -7295 1341
5740 -7130 1197
5740 -7565 1009
5740 -7530 1346
5740 -8240 860
5740 -7970 866
5740 -7970 1647
5740 -7200 1492
5740 -7165 1535
5740 -8400 1632
5740 -7740 1328
5740 -7910 1127
5740 -7365 1347
5740 -8230 1680
5740 -6805 1606
5740 -7555 1517
5740 -6755 1729
5740 -7795 1941
5740 -7735 2138
5740 -7540 2501
5740 -7675 2274
5740 -7090 1749
5740 -7935 1569
5740 -4880 1674
5740 -8130 1541
5740 -7955 1567
5740 -6250 1885
5740 -7575 1434
5740 -6460 2235
5740 -7930 1297
5740 -7505 1738
5740 -6260 2268
5740 -6935 2004
5740 -6570 2209
5740 -6715 1677
5740 -8235 1420
5740 -6720 1750
5740 -7065 1427
5740 -7420 1440
5740 -7170 1572
5740 -6210 1682
5740 -7780 1539
5740 -5810 1618
5740 -6675 1607
5740 -7330 1326
5740 -7585 1464
5740 -7550 1046
5740 -6725 1271
5740 -6880 1577
5740 -6515 1882
5740 -4065 1680
5740 -6825 1921
5740 -6380 1987
5740 -6605 2068
5740 -7080 2304
5740 -6740 2090
5740 -6995 1735
5740 -7700 1820
5740 -6820 1816
5740 -5785 1958
5740 -8345 2389
5740 -6600 1996
5740 -6330 2021
5740 -6485 1813
5740 -7080 2004
5740 -7090 2053
5740 -7230 1975
5740 -6975 2158
5740 -7585 2073
5740 -6670 2199
5740 -6735 2177
5740 -5180 2090
5740 -7125 1749
5740 -7225 1813
5740 -6165 1845
5740 -6690 1780
5740 -6840 2141
5740 -6925 1840
5740 -8745 1816
5740 -8680 2157
5740 -9355 2655
5740 -8385 2498
5740 -3635 2917
5740 -4110 2832
5740 -7435 3016
5740 -6255 3426
5740 -5995 3061
5740 -7375 3308
5740 -8235 3063
5740 -8120 3114
5740 -7535 2796
5740 -6690 2805
5740 -6855 2855
5740 -6440 2708
5740 -7715 3049
5740 -5495 2833
5740 -7975 2511
5740 -8260 2612
5740 -6730 2410
5740 -7675 3014
5740 -6130 3228
5740 -7315 3170
5740 -6635 2965
5740 -8045 2989
5740 -6370 2924
5740 -7835 2739
5740 -8460 2329
5740 -7545 2216
5740 -8390 2231
5740 -7065 2715
5740 -4505 3056
5740 -5590 3229
5740 -6625 3538
5740 -6605 3032
5740 -6200 3121
5740 -7800 2530
5740 -6755 2803
5740 -5030 3231
5740 -3695 3328
5740 -6830 3269
5740 -6340 2999
5740 -6415 2951
5740 -4075 2951
5740 -4600 3061
5740 -6545 2653
5740 -6280 2862
5740 -6735 2607
5740 -8175 2692
5740 -6500 2801
5740 -4235 3597
5740 -7695 3151
5740 -5885 3404
5740 -5630 3552
5740 -5865 3160
5740 -6660 3232
5740 -7705 2812
5740 -7270 2604
5740 -6780 2726
5740 -7755 2420
5740 -7305 2961
5740 -3955 3255
5740 -6675 3122
5740 -6435 3257
5740 -7290 3037
5740 -6115 3596
5740 -7360 3406
5740 -6730 3211
5740 -7625 3091
5740 -6850 3176
5740 -7675 3300
5740 -7480 2840
5740 -6985 2590
5740 -7580 2694
5740 -8005 3229
5740 -6785 3150
5740 -8030 2971
5740 -7405 2642
5740 -7415 2956
5740 -7085 3197
5740 -6945 2967
5740 -7045 3162
5740 -5395 2995
5740 -5675 3129
5740 -7450 2726
5740 -7200 2794
5740 -6470 3056
5740 -6975 3116
5740 -6750 2772
5740 -7115 3265
5740 -7205 2463
5740 -6980 2575
5740 -5595 2337
5740 -6525 3520
5740 -7335 3284
5740 -6065 3422
5740 -5350 3241
5740 -7060 2935
5740 -7505 3493
5740 -7040 3263
5740 -8395 2754
5740 -8185 2197
5740 -5740 3259
5740 -6660 3413
5740 -7950 3154
5740 -7655 2872
5740 -6715 2937
5740 -6955 2926
5740 -7730 2789
5740 -8155 3013
5740 -7760 3351
5740 -7160 3067
5740 -7100 3453
5740 -6955 3016
5740 -6775 3350
5740 -5775 2752
5740 -8855 3045
5740 -7350 3309
5740 -6980 3643
5740 -6095 3546
5740 -7165 2852
5740 -7530 3093
5740 -6510 4045
5740 -7490 3384
5740 -6725 3229
5740 -6375 3617
5740 -7195 3786
5740 -3930 4258
5740 -4615 4057
5740 -3995 4319
5740 -4270 4122
5740 -7835 4163
5740 -7885 3654
5740 -8140 3719
5740 -5240 3794
5740 -7835 3294
5740 -6130 4087
5740 -4135 4022
5740 -7185 3685
5740 -6510 3088
5740 -8095 3695
5740 -7060 4046
5740 -3930 3974
5740 -4005 4208
5740 -7105 3897
5740 -6750 4132
5740 -7940 4332
5740 -7445 4036
5740 -7795 3577
5740 -6505 3705
5740 -7850 3787
5740 -7650 3860
5740 -7530 3803
5740 -7085 3852
5740 -6655 3881
5740 -7415 3467
5740 -7160 3939
5740 -7240 4175
5740 -6610 3888
5740 -7545 4074
5740 -7705 3973
5740 -7490 4526
5740 -7145 4257
5740 -2930 4771
5740 -7520 3909
5740 -7340 4284
5740 -6035 4241
5740 -7760 4136
5740 -7195 4332
5740 -7260 4327
5740 -7785 4014
5740 -7235 4414
5740 -7310 4365
5740 -5710 4544
5740 -7360 4475
5740 -7605 4073
5740 -6940 4360
5740 -6505 3932
5740 -6455 3988
5740 -7410 4264
5740 -6470 4152
5740 -6940 4200
5740 -7755 4357
5740 -6910 3971
5740 -7340 4055
5740 -7570 4144
5740 -6825 4117
5740 -7990 4171
5740 -7735 4702
5740 -7735 4739
5740 -3400 4612
5740 -7200 4676
5740 -7830 4299
5740 -7195 4104
5740 -7470 4402
5740 -7155 4693
5740 -6230 4538
5740 -7195 4369
5740 -5680 5084
5740 -7125 4599
5740 -6145 4569
5740 -6975 4632
5740 -6805 4584
5740 -7790 4466
5740 -5740 4761
5740 -7520 4600
5740 -6690 4291
5740 -7675 4573
5740 -6715 4406
5740 -7430 4436
5740 -7195 4349
5740 -6055 4806
5740 -6625 4899
5740 -6395 4403
5740 -6705 4689
5740 -3020 4834
5740 -6285 4788
5740 -6445 4541
5740 -7055 4778
5740 -5645 5000
5740 -6895 4939
5740 -6585 4774
5740 -5770 4732
5740 -6255 5119
5740 -5725 5197
5740 -6595 4659
5740 -6905 5130
5740 -6870 5035
5740 -7440 5068
5740 -5525 5411
5740 -5685 5041
5740 -6515 4975
5740 -5870 5101
5740 -3425 5138
5740 -6645 4682
5740 -6650 5027
5740 -6765 4714
5740 -6785 5050
5740 -6370 5268
5740 -5700 5106
5740 -4520 5002
5740 -6405 5111
5740 -6495 4618
5740 -6320 4735
5740 -7010 4910
5740 -6505 5054
5740 -6520 4667
5740 -6875 4906
5740 -5515 4818
5740 -5420 5087
5740 -5830 5593
5740 10 5467
5740 -6520 5222
5740 -5105 5465
5740 -5470 5166
5740 -5770 5341
5740 -5995 5456
5740 -6445 5267
5740 -4770 5355
5740 -6335 5339
5740 -5465 5337
5740 -6410 5109
5740 -6425 5369
5740 -3765 5352
5740 -6775 5246
5740 -5840 5456
5740 -4825 5386
5740 -4480 5342
5740 -6425 5108
5740 -4070 5463
5740 -5980 5276
5740 -6735 5078
5740 -4105 5106
5740 -4450 5309
5740 -3595 5376
5740 -3790 5481
5740 -4425 5249
5740 -6425 5361
5740 -6735 5212
5740 -5065 5116
5740 -5305 5050
5740 -6760 5172
5740 -6055 5264
5740 -5830 5395
5740 -4415 5267
5740 -4845 4911
5740 -4670 5229
5740 -6980 5205
5740 -5995 5064
5740 -4105 5459
5740 -3595 5336
5740 -2545 5678
5740 -4415 5111
5740 -3790 5348
5740 -6320 5360
5740 -2945 5602
5740 -2745 5521
5740 -6380 5335
5740 -6230 5299
5740 -4825 5471
5740 -4490 5069
5740 -4950 5496
5740 -6085 5188
5740 -5580 4996
5740 -5875 5052
5740 -6515 5429
5740 -4415 5240
5740 -4425 5158
5740 -4070 5501
5740 -3685 5309
5740 -5685 5014
5740 -6465 5125
5740 -4260 5589
5740 -5465 5260
5740 -5510 5364
5740 -5095 5480
5740 -5625 5289
5740 -6230 5244
5740 -3595 5340
5740 -4525 5103
5740 -5095 5374
5740 -4875 5169
5740 -5875 5361
5740 -5965 5444
5740 -4525 5304
5740 -4950 5380
5740 -5465 5145
5740 -5465 5292
5740 -3595 5492
5740 -5005 5224
5740 -6655 5227
5740 -5995 5358
5740 -3595 5151
5740 -3790 5204
5740 -5325 5423
5740 -5030 5024
5740 -4475 5204
5740 -5095 5302
5740 -3330 5304
5740 -6335 5459
5740 -4950 5035
5740 -6085 5181
5740 -3490 5211
5740 -2945 5327
5740 -4565 5546
5740 -4425 5423
5740 -5535 5098
5740 -4875 5296
5740 -6300 5502
5740 -4875 5141
5740 -5290 5216
5740 -2945 5528
5740 -4875 5240
5740 -5685 5165
5740 -6035 5240
5740 -5625 5279
5740 -6055 5370
5740 -5995 5464
5740 -4770 5191
5740 -5260 5112
5740 -5920 5200
5740 -4950 5346
5740 -4320 5193
5740 -5510 5253
5740 -6410 5132
5740 -5405 5291
5740 -5260 4902
5740 -6760 5021
5740 -5365 5301
5740 -6735 5219
5740 -6735 5162
5740 -3490 5303
5740 -2945 5350
5740 -4525 5077
5740 -4875 5371
5740 -3790 5513
5740 -4990 5320
5740 -5075 5327
5740 -5405 5043
5740 -5425 5275
5740 -5095 5270
5740 -6760 5221
5740 -6760 5348
5740 -5890 5165
5740 -4635 5318
5740 -5105 5077
5740 -5995 5243
5740 -6410 4956
5740 -4415 5205
5740 -5995 5143
5740 -6425 5125
5740 -4070 5385
5740 -6425 5123
5740 -5260 5202
5740 -5995 5311
5740 -4670 5132
5740 -2545 5230
5740 -6275 5337
5740 -4565 5374
5740 -5095 5132
5740 -4950 5438
5740 -5360 5291
5740 -6380 5389
5740 -6335 5082
5740 -6515 4975
5740 -2945 5412
5740 -6085 5210
5740 -4415 5384
5740 -3790 5324
5740 -5510 5335
5740 -6065 5298
5740 -4425 5262
5740 -6515 5276
5740 -5465 5260
5740 -4415 5167
5740 -5565 5075
5740 -3645 5478
5740 -2930 5407
5740 -2945 5193
5740 -6230 5316
5740 -4770 5345
5740 -2930 5367
5740 -6515 5154
5740 -4670 5052
5740 -5005 5187
5740 -4415 5181
5740 -4450 5359
5740 -4260 5183
5740 -5965 5086
5740 -6760 5210
5740 -6520 5113
5740 -6515 5112
5740 -2485 5512
5740 -4950 5308
5740 -6425 5031
5740 -3330 5420
5740 -5465 5166
5740 -6230 5418
5740 -4990 5360
5740 -6140 5096
5740 -3685 5428
5740 -5095 5291
5740 -3790 5256
5740 -5350 5186
5740 -5995 5222
5740 -4950 4844
5740 -3490 5409
5740 -4565 5079
5740 -3790 5381
5740 -4565 5026
5740 -5465 5307
5740 -4875 5122
5740 -6525 5052
5740 -5360 5141
5740 -5105 4915
5740 -5130 5163
5740 -6735 5265
5740 -2545 5442
5740 -6055 4901
5740 -6300 5215
5740 -4670 4802
5740 -5685 5120
5740 -5030 5153
5740 -6520 5104
5740 -4565 5298
5740 -6410 5278
5740 -5095 5202
5740 -4875 5280
5740 -4875 5089
5740 -3790 5383
5740 -6275 5089
5740 -6055 5135
5740 -4415 5232
5740 -4565 4775
5740 -6735 5256
5740 -4850 5252
5740 -6410 4797
5740 -5290 4999
5740 -5815 5231
5740 -4865 4885
5740 -6735 4937
5740 -5245 5126
5740 -4465 5220
5740 -3790 5255
5740 -4950 5099
5740 -3595 5342
5740 -4990 5249
5740 -5995 5104
5740 -6425 5087
5740 -6380 4923
5740 -4670 4949
5740 -2945 5227
5740 -4425 5289
5740 -6230 5369
5740 -4670 5216
5740 -6275 5041
5740 -6410 5134
5740 -3790 5003
5740 -5530 5108
5740 -5290 5210
5740 -5105 4972
5740 -6085 5149
5740 -5095 5165
5740 -3790 5154
5740 -5580 5371
5740 -5605 5206
5740 -2840 5384
5740 -4070 5194
5740 -3595 5348
5740 -5095 4983
5740 -6425 5143
5740 -6275 4798
5740 -4260 5125
5740 -6425 5075
5740 -3790 5329
5740 -4345 5219
5740 -6760 5221
5740 -6735 5003
5740 -5465 4913
5740 -6375 5194
5740 -4875 5060
5740 -6335 4920
5740 -6515 5034
5740 -5365 5239
5740 -4670 4910
5740 -5095 5115
5740 -3790 5241
5740 -3595 5094
5740 -5995 5183
5740 -5095 5029
5740 -6425 5191
5740 -6515 5247
5740 -6735 4782
5740 -4000 5054
5740 -6085 4856
5740 -4490 5300
5740 -5920 4715
5740 -4950 5166
5740 -6515 4988
5740 -6420 5222
5740 -4950 5201
5740 -3595 5393
5740 -6465 4980
5740 -5980 4549
5740 -3890 5383
5740 -6515 5065
5740 -4670 5224
5740 -6375 4977
5740 -5225 4891
5740 -5995 5126
5740 -4950 4861
5740 -5365 5214
5740 -6085 5028
5740 -6515 5007
5740 -4220 4990
5740 -4260 5280
5740 -6320 5139
5740 -4260 4980
5740 -2945 5408
5740 -4490 4924
5740 -2945 4987
5740 -6085 5129
5740 -4415 5228
5740 -5465 5189
5740 -6245 5211
5740 -4220 5005
5740 -5565 5375
5740 -5565 5063
5740 -6410 4767
5740 -4720 5342
5740 -6515 4783
5740 -5460 5203
5740 -3595 5061
5740 -5095 4976
5740 -6735 5088
5740 -4415 5313
5740 -5685 5351
5740 -5980 4941
5740 -5535 4763
5740 -6630 4778
5740 -3790 5144
5740 -4220 5289
5740 -5185 5042
5740 -5510 4820
5740 -4875 5196
5740 -4065 5429
5740 -5070 5227
5740 -5580 5087
5740 -4415 5336
5740 -6655 5157
5740 -4450 4966
5740 -4425 5070
5740 -5095 4887
5740 -5995 5230
5740 -3955 5156
5740 -5205 5319
5740 -5685 4981
5740 -6055 4839
5740 -5360 4933
5740 -6035 4861
5740 -4950 5215
5740 -4955 5165
5740 -4950 5216
5740 -4565 4930
5740 -4670 5195
5740 -6515 4610
5740 -4720 5195
5740 -5995 5245
5740 -5980 4804
5740 -3790 5273
5740 -4565 4991
5740 -5465 5291
5740 -6275 5045
5740 -4220 5176
5740 -6420 4948
5740 -4465 5183
5740 -3475 5344
5740 -3790 5015
5740 -6320 4882
5740 -3790 4958
5740 -6035 4835
5740 -5995 4485
5740 -5095 5230
5740 -6735 4750
5740 -6425 4885
5740 -5070 4999
5740 -5465 4988
5740 -4425 5005
5740 -6140 5094
5740 -4260 5214
5740 -4320 5186
5740 -4450 5075
5740 -4070 4960
5740 -4450 5045
5740 -5205 5179
5740 -4425 5007
5740 -6275 5220
5740 -6515 5218
5740 -3790 5196
5740 -5025 4837
5740 -6515 4895
5740 -5095 5266
5740 -5105 5264
5740 -5995 4920
5740 -4670 4859
5740 -4425 5180
5740 -6515 4861
5740 -4425 4582
5740 -5260 4691
5740 -4525 5034
5740 -2945 5276
5740 -4425 4816
5740 -4825 5161
5740 -5685 5008
5740 -6275 5422
5740 -4875 5177
5740 -4565 5061
5740 -4990 5183
5740 -5325 5107
5740 -2485 5443
5740 -4845 5278
5740 -3685 4938
5740 -5995 4895
5740 -5510 5057
5740 -6085 5091
5740 -6425 4905
5740 -5180 4920
5740 -5030 5164
5740 -4420 5280
5740 -5180 5278
5740 -6335 4993
5740 -5225 4956
5740 -2840 5137
5740 -2930 5260
5740 -3595 5134
5740 -6005 5105
5740 -5310 4960
5740 -4415 5024
5740 -6305 4795
5740 -2945 5456
5740 -5005 4867
5740 -6275 5000
5740 -4450 5279
5740 -6735 4879
5740 -4670 5154
5740 -3790 5271
5740 -4425 4849
5740 -6515 4812
5740 -6515 4749
5740 -6735 4817
5740 -5815 4879
5740 -4415 5369
5740 -5685 5083
5740 -4875 4848
5740 -6735 4614
5740 -6515 5177
5740 -6410 4960
5740 -4425 4913
5740 -6730 4845
5740 -6410 5076
5740 -4465 5420
5740 -5460 4845
5740 -4425 4736
5740 -6300 5286
5740 -4950 4988
5740 -4260 5259
5740 -4990 4824
5740 -6425 5119
5740 -4670 5164
5740 -5510 4902
5740 -3790 5178
5740 -6630 4992
5740 -4875 4881
5740 -6055 4943
5740 -6515 5169
5740 -6335 4870
5740 -3490 4893
5740 -5180 4966
5740 -4875 5282
5740 -4260 5030
5740 -4415 5172
5740 -4990 4775
5740 -5995 4668
5740 -5995 4777
5740 -6515 4841
-9505 -7780 -8995
-4845 -9895 -8312
-4340 -9420 -7943
-4065 -9470 -7567
-3250 -9400 -7436
-3020 -9440 -7135
-2785 -9740 -6863
-2785 -10095 -6615
-2515 -10230 -6148
-2445 -10095 -6395
-2445 -9415 -6128
-2445 -9690 -5950
-2175 -10095 -5701
-2175 -9420 -5975
-2175 -9415 -5789
-2175 -9960 -5990
-2175 -10095 -5965
-2175 -9420 -6098
-2175 -9860 -6219
-2175 -9935 -6156
-2175 -9285 -6157
-2155 -9400 -5949
-2155 -9415 -5796
-2155 -10095 -6267
-2155 -9150 -5985
-2155 -10095 -5902
-2155 -9590 -5984
-2155 -9315 -6216
-2155 -9315 -6250
-1655 -9825 -6231
-1655 -9280 -6258
-1655 -9430 -6270
-1655 -9870 -6264
-1655 -9200 -6202
-1655 -9825 -6156
-1655 -9965 -6210
-1655 -9320 -6463
-1655 -9415 -6163
-1655 -9860 -6100
-1655 -10100 -6467
-1655 -9320 -6397
-1655 -10130 -6435
-1655 -9415 -6314
-1655 -9470 -6091
-1655 -9495 -6069
-1045 -9605 -6014
-1045 -10130 -6174
-1045 -8955 -6153
-1045 -9250 -6094
-1045 -9440 -6233
-1045 -9605 -6332
-1045 -9865 -6406
-1045 -9740 -6309
-1045 -9035 -6475
-1045 -9575 -6267
-1045 -9320 -6256
-1045 -9690 -6376
-1045 -9710 -6239
-1045 -9300 -6346
-1045 -9605 -6328
-1045 -9455 -6511
-1045 -9435 -6541
-1045 -9995 -6463
-1045 -9460 -6302
-1045 -9495 -6245
-1045 -9610 -6179
-1045 -9830 -6227
-1045 -9135 -6372
-1045 -9300 -6224
-1045 -9735 -6263
-1045 -9455 -6375
-1045 -9575 -6197
-1045 -9220 -6208
-1045 -9630 -6394
-1045 -9460 -6202
-1045 -9625 -6110
-1045 -9585 -6222
-1045 -9470 -6213
-1045 -9270 -6217
-1045 -10095 -6284
-1045 -9420 -6256
-1045 -9490 -6222
-1045 -9315 -6263
-1045 -9440 -6337
-1045 -9710 -6182
-1045 -9595 -6217
-1045 -9475 -6235
-1045 -9730 -6414
-1045 -9305 -6350
-1045 -9630 -6252
-1045 -9535 -6324
-1045 -9430 -6446
-1045 -9300 -6236
-1045 -9610 -6290
-1045 -9220 -6119
-1045 -9730 -6151
-1045 -9390 -6040
-1045 -9475 -6251
-1045 -9540 -6259
-1045 -9530 -6259
-1045 -9590 -6225
-1045 -9285 -6245
-1045 -9580 -6183
-1045 -9295 -6206
-1045 -9760 -6224
-1045 -9590 -6365
-1045 -9860 -6476
-1045 -9240 -6311
-1045 -9575 -6536
-1045 -9860 -6459
-1045 -9290 -6336
-1045 -9860 -6230
-1045 -9595 -6132
-1045 -9525 -6168
-1045 -9345 -6047
-1045 -9580 -6263
-1045 -9375 -6123
-1045 -9310 -6248
-1045 -9625 -6204
-1045 -9960 -6168
-1045 -9185 -6143
-1045 -9410 -6274
-1045 -9065 -6191
-1045 -9865 -6298
-1045 -9540 -6307
-1045 -9160 -6200
-1045 -9825 -6216
-1045 -9280 -6160
-1045 -9415 -6044
-1045 -9690 -6330
-1045 -9470 -6271
-1045 -9375 -6235
-1045 -9070 -6236
-1045 -9995 -6300
-1045 -10100 -6369
-1045 -9660 -6335
-1045 -9710 -6248
-1045 -9355 -6222
-1045 -9270 -6248
-1045 -9390 -6046
-1045 -9725 -6049
-1045 -9270 -6220
-1045 -9130 -6090
-1045 -9265 -6074
-1045 -9930 -6081
-1045 -10030 -6257
-1045 -9590 -6167
-1045 -9320 -6239
-1045 -9250 -6333
-1045 -9595 -6236
-1045 -9310 -6348
-1045 -9575 -6170
-1045 -9730 -6138
-1045 -9205 -6181
-1045 -9740 -6324
-1045 -9690 -6174
-1045 -9525 -6198
-1045 -9400 -6101
-1045 -8865 -6158
-1045 -9190 -6191
-1045 -9525 -6193
-1045 -9315 -6088
-1045 -9425 -6106
805 -9290 -6118
805 -9425 -6144
805 -9190 -6330
805 -9865 -6158
805 -9230 -6139
805 -9760 -6073
805 -9340 -6091
805 -9760 -6026
805 -9995 -6014
805 -9740 -6030
805 -9215 -6185
805 -9100 -6194
805 -9375 -5948
805 -9930 -5807
805 -8855 -5741
805 -9415 -5875
805 -9750 -5982
805 -9760 -6120
805 -9115 -5806
805 -9125 -5990
805 -9525 -5979
805 -9100 -5946
805 -9320 -5984
805 -10230 -6022
805 -9360 -6031
805 -9605 -6121
805 -9625 -6182
805 -9610 -6153
805 -9390 -6093
805 -9090 -5983
805 -9285 -6146
805 -9420 -6057
805 -9505 -6065
805 -9495 -6102
805 -9495 -6158
805 -9255 -6153
805 -9315 -6133
805 -9420 -6117
805 -9215 -6297
805 -9350 -6124
805 -9765 -6088
805 -9185 -6120
805 -9405 -6098
805 -9220 -5960
805 -9120 -6002
805 -9415 -5987
805 -9390 -6021
805 -9560 -6199
805 -9240 -6016
805 -9350 -5935
805 -9565 -6131
805 -9760 -6094
805 -9320 -6118
805 -9215 -5949
805 -9705 -6055
805 -9285 -5918
805 -9160 -6040
805 -9895 -6094
805 -9325 -6174
805 -9405 -6182
805 -9315 -5965
805 -9460 -6064
805 -9415 -6028
805 -9960 -5967
805 -9610 -5803
805 -9390 -5797
805 -9410 -5881
805 -9490 -6000
805 -9440 -5891
805 -9830 -5777
805 -9560 -6029
805 -9180 -6069
805 -9795 -5877
805 -9710 -5986
805 -9495 -5827
805 -9605 -5903
805 -9865 -5855
805 -9960 -5727
805 -9240 -5741
805 -9870 -5949
805 -9710 -5939
805 -9165 -5782
805 -9395 -5697
805 -9660 -5733
805 -9050 -5737
805 -9340 -5541
805 -9830 -5683
805 -9625 -5583
805 -9830 -5675
805 -9170 -5577
805 -9440 -5722
805 -9335 -5546
805 -9325 -5542
805 -9760 -5723
805 -9560 -5685
805 -9995 -5769
805 -9030 -5734
805 -8945 -5700
805 -9315 -5919
805 -9245 -5807
805 -9435 -5766
805 -9175 -5668
805 -9070 -5399
805 -9505 -5607
805 -9185 -5720
805 -9360 -5745
805 -9125 -5881
805 -9660 -6007
805 -8985 -5905
805 -9390 -5715
805 -9490 -5730
805 -9290 -5644
805 -9625 -5705
805 -9900 -5722
805 -9275 -5896
805 -9455 -5945
805 -9165 -6003
805 -9310 -5850
805 -9150 -5780
805 -9100 -5926
805 -9185 -5718
805 -9115 -5752
805 -9190 -5726
805 -9270 -5592
805 -9895 -5774
805 -8890 -5425
1030 -8980 -5622
1030 -9020 -5626
1030 -9050 -5682
1030 -9180 -5581
1030 -8960 -5456
1030 -8990 -5566
1030 -9210 -5598
1030 -9145 -5470
1030 -9590 -5375
1030 -9660 -5530
1030 -9610 -5702
1030 -8535 -5379
1030 -9075 -5316
1030 -9130 -5287
1030 -8915 -5498
1030 -9050 -5469
1030 -9000 -5385
1030 -9085 -5485
1030 -9375 -5633
1030 -8965 -5710
1030 -9075 -5603
1030 -9625 -5706
1995 -9420 -5555
1995 -9065 -5379
1995 -9425 -5389
1995 -9020 -5477
1995 -8850 -5530
1995 -8790 -5544
1995 -9020 -5512
1995 -9430 -5557
1995 -8750 -5617
1995 -9285 -5495
1995 -9185 -5473
1995 -8820 -5328
1995 -8980 -5550
1995 -9440 -5485
1995 -8775 -5566
1995 -8660 -5608
1995 -9300 -5532
1995 -8850 -5377
1995 -8800 -5632
1995 -8830 -5658
1995 -9025 -5781
1995 -8675 -5560
1995 -8925 -5509
1995 -8790 -5691
1995 -9370 -5486
1995 -8905 -5540
1995 -9065 -5834
1995 -8980 -5700
1995 -9195 -5522
1995 -8985 -5622
1995 -9390 -5732
1995 -8930 -5614
3840 -9290 -5504
3840 -8850 -5387
3840 -9105 -5454
3840 -9220 -5493
3840 -9015 -5426
3840 -9055 -5657
3840 -8920 -5586
3840 -9220 -5536
3840 -9430 -5388
3840 -9230 -5280
3840 -9130 -5386
3840 -9560 -5314
3840 -9660 -5459
3840 -9150 -5532
3840 -8840 -5231
3840 -9185 -5384
3840 -9175 -5578
3840 -9385 -5476
3840 -9150 -5683
3840 -9135 -5592
3840 -9510 -5664
3840 -9085 -5659
3840 -9400 -5458
3840 -9085 -5407
3840 -9170 -5365
3840 -9560 -5651
3840 -9115 -5702
3840 -9265 -5801
3840 -9460 -5716
3840 -9355 -5510
3840 -8905 -5495
3840 -9265 -5331
3840 -9170 -5170
3840 -9625 -5454
3840 -9585 -5349
3840 -8900 -5451
3840 -9530 -5477
3840 -9150 -5652
3840 -9730 -5613
3840 -9660 -5774
3840 -9170 -5638
3840 -9220 -5608
3840 -9610 -5647
3840 -8985 -5342
3840 -9665 -5511
3840 -9895 -5497
3840 -8855 -5372
3840 -9410 -5633
3840 -9065 -5707
3840 -9290 -5645
3840 -9250 -5719
3840 -9035 -5661
3840 -9050 -5447
3840 -8970 -5504
3840 -9455 -5299
3840 -8935 -5309
3840 -9315 -5426
3840 -8945 -5261
3840 -8965 -5336
3840 -9305 -5402
3840 -9420 -5266
3840 -8875 -5419
3840 -9430 -5698
3840 -8915 -5634
3840 -9560 -5736
3840 -9530 -5306
3840 -9070 -5427
3840 -8595 -5172
3840 -8930 -5380
3840 -8805 -5465
3840 -9420 -5292
3840 -9060 -5274
3840 -9135 -5270
3840 -8885 -5406
3840 -9210 -5225
3840 -9125 -5266
3840 -8755 -5159
3840 -8815 -5294
3840 -9250 -5341
3840 -8950 -5677
3840 -9065 -5787
3840 -9130 -5654
3840 -9100 -5523
3840 -9440 -5514
3840 -9455 -5475
3840 -9085 -5748
3840 -9365 -5604
3840 -9150 -5421
3840 -8860 -5601
3840 -9150 -5673
3840 -9130 -5407
3840 -9235 -5624
3840 -9350 -5509
3840 -9130 -5609
3840 -9555 -5530
3840 -9390 -5331
3840 -9100 -5120
3840 -8920 -5257
3840 -9320 -5502
3840 -9135 -5409
3840 -9265 -5458
3840 -8890 -5483
3840 -9085 -5259
3840 -8605 -5344
3840 -9485 -5395
3840 -9105 -5243
3840 -8925 -5162
3840 -9495 -5213
3840 -9115 -5175
3840 -9165 -5137
3840 -8985 -5061
3840 -9160 -5237
3840 -9005 -5223
3840 -9070 -5243
3840 -9115 -4977
3840 -8985 -5161
3840 -8790 -5286
3840 -9285 -5263
3840 -9370 -5273
3840 -9075 -5397
3840 -9180 -5495
3840 -9120 -5524
3840 -9515 -5515
3840 -9440 -5360
3840 -9190 -5334
3840 -9290 -5363
3840 -9135 -5395
3840 -9115 -5535
3840 -8895 -5223
3840 -8885 -5206
3840 -9000 -5261
3840 -8850 -5154
3840 -9035 -5453
3840 -9080 -5452
3840 -9060 -5224
3840 -9500 -5367
3840 -9165 -5400
3840 -9290 -5238
3840 -8750 -5353
3840 -9400 -5343
3840 -8875 -5128
3840 -9420 -5339
3840 -9895 -5261
3840 -9290 -5102
3840 -9120 -5289
3840 -8965 -5185
3840 -8845 -5145
3840 -9265 -5279
3840 -9085 -5456
3840 -9185 -5321
3840 -8985 -5107
3840 -9135 -5100
3840 -9440 -5348
3840 -9970 -5329
3840 -9085 -5131
3840 -8805 -4895
3840 -8645 -4907
3840 -9050 -5114
3840 -8760 -5077
3840 -9130 -4923
3840 -9135 -4901
3840 -9370 -5047
3840 -8955 -5054
3840 -8955 -5098
3840 -8870 -5116
3840 -8825 -5267
3840 -9065 -4994
3840 -9660 -5241
3840 -9960 -5244
3840 -9190 -5228
3840 -8815 -5255
3840 -9150 -5137
3840 -8755 -5113
3840 -9420 -5041
3840 -9100 -5130
3840 -8825 -5066
3840 -8695 -4982
3840 -9165 -5177
3840 -9115 -5091
3840 -9085 -5110
3840 -9415 -5303
3840 -8795 -5068
3840 -8640 -5158
3840 -9090 -5128
3840 -9320 -5333
3840 -9505 -5356
3840 -9730 -5436
3840 -9185 -5461
3840 -9630 -5257
3840 -9085 -5038
3840 -9345 -5290
3840 -9190 -5293
3840 -8920 -5224
3840 -9005 -5101
3840 -9505 -4906
3840 -9340 -5156
3840 -9190 -5003
3840 -9220 -5285
3840 -9055 -5405
3840 -8690 -5263
3840 -8785 -5350
3840 -9165 -5039
3840 -8955 -5123
3840 -9320 -5206
3840 -9010 -5076
3840 -8945 -5201
3840 -9085 -5023
3840 -9200 -5357
3840 -9170 -5143
3840 -9060 -5142
3840 -9270 -5141
3840 -8725 -5035
3880 -9085 -5085
3880 -9310 -5113
3880 -9285 -5075
3880 -9065 -5033
3880 -9080 -5170
3880 -9290 -5112
3880 -8625 -4892
3880 -9150 -4974
3880 -9330 -4870
3880 -9170 -4756
3880 -9120 -4958
3880 -9490 -4975
3880 -8950 -4859
3880 -8830 -4812
3880 -9065 -4896
3880 -9170 -5048
3880 -9030 -5065
3880 -8960 -5047
3880 -9430 -4977
3880 -9005 -4879
3880 -8795 -4617
3880 -9140 -4691
3880 -9030 -4723
3880 -8995 -4639
3880 -9300 -4806
3880 -8255 -4722
3880 -9185 -4928
3880 -9085 -4945
3880 -8925 -4835
3880 -9015 -4845
3880 -8765 -5008
3880 -9285 -5009
3880 -8945 -4834
3880 -9660 -4976
3880 -8955 -4920
3880 -9395 -4966
3880 -9080 -5001
3880 -9185 -4677
3880 -9525 -4893
3880 -9100 -4786
3880 -8860 -4776
3880 -9005 -4954
3880 -9085 -4810
3880 -8695 -4683
3880 -9040 -4726
3880 -9080 -5005
3880 -9130 -4578
3880 -8945 -4637
3880 -9900 -4850
3880 -8950 -4727
3880 -8720 -4623
3880 -8935 -4450
3880 -9245 -4523
3880 -8990 -4448
3880 -8830 -4644
3880 -9765 -4640
3880 -8865 -4721
3880 -9055 -4684
3880 -8935 -4889
3880 -8950 -4577
3880 -8795 -4509
3880 -9190 -4554
3880 -8860 -4604
3880 -9130 -4508
3880 -9215 -4621
3880 -9255 -4496
3880 -9055 -4442
3880 -8715 -4480
3880 -9090 -4429
3880 -8705 -4310
3880 -9185 -4536
3880 -8640 -4186
3880 -9085 -4236
3880 -9065 -4519
3880 -8760 -4455
3880 -9235 -4525
3880 -8960 -4629
3880 -9165 -4517
3880 -9080 -4529
3880 -9795 -4758
3880 -8945 -4814
3880 -9010 -4809
3880 -9230 -4648
3880 -9340 -4612
3880 -9530 -4578
3880 -8805 -4456
3880 -8985 -4394
3880 -9625 -4505
3880 -9030 -4463
3880 -8950 -4584
3880 -9200 -4459
3880 -9665 -4573
3880 -8615 -4403
3880 -8750 -4535
3880 -8670 -4209
3880 -8615 -4317
3880 -9560 -4797
3880 -9365 -4654
3880 -9185 -4579
3880 -8930 -4467
3880 -9040 -4320
3880 -9040 -4462
3880 -9265 -4651
3880 -9165 -4640
3880 -9220 -4653
3880 -9200 -4873
3880 -8485 -4658
3880 -9075 -4655
3880 -8980 -4598
3880 -8955 -4659
3880 -9030 -4894
3880 -8255 -4653
3880 -8915 -4858
3880 -9125 -4634
3880 -9230 -4861
3880 -9215 -4713
3880 -9190 -4596
3880 -8920 -4363
3880 -8180 -4218
3880 -8990 -4389
3880 -9215 -4682
3880 -9150 -4516
3880 -8945 -4539
3880 -9495 -4635
3880 -9035 -4585
3880 -9105 -4644
3880 -9055 -4717
3880 -9095 -4748
3880 -9590 -4375
3880 -8705 -4453
3880 -9270 -4337
3880 -9100 -4461
3880 -8655 -4407
3880 -9495 -4397
3880 -9005 -4181
3880 -8855 -4241
3880 -9085 -4359
3880 -9220 -4454
3880 -8830 -4620
3880 -9130 -4672
3880 -9490 -4623
3880 -8780 -4644
3880 -9515 -4377
3880 -8395 -4264
3880 -8900 -4239
3880 -9060 -4457
3880 -8480 -4160
3880 -8850 -4482
3880 -8680 -4392
3880 -8605 -4750
3880 -9350 -4674
3880 -8365 -4494
3880 -8795 -4786
3880 -9330 -4670
3880 -8935 -4515
3880 -9080 -4639
3880 -8975 -4728
3880 -9185 -4853
3880 -9190 -4609
3880 -9140 -4591
3880 -9015 -4358
3880 -8885 -4149
3880 -8800 -4230
4110 -9130 -4162
4110 -9200 -3972
4110 -8860 -4190
4110 -8490 -4157
4110 -8660 -4147
4110 -8965 -4257
4110 -9005 -4434
4110 -9050 -4125
4110 -9710 -4332
4110 -8930 -3869
4110 -8885 -3719
4110 -9000 -3693
4110 -8765 -3997
4110 -8515 -3846
4110 -9900 -3760
4110 -8845 -3759
4110 -9235 -3794
4110 -8800 -3781
4110 -8835 -3968
4110 -8710 -4320
4110 -8645 -3988
4110 -9050 -4347
4110 -9425 -4188
4110 -8970 -4244
4110 -9155 -4184
4110 -8900 -4241
4110 -8560 -4048
4110 -8655 -4108
4110 -9010 -4315
4110 -8735 -3951
4110 -9160 -3929
4110 -8555 -3754
4110 -8885 -3502
4110 -9290 -3798
4110 -8740 -3901
4110 -8895 -3734
4110 -8820 -3807
4110 -8690 -3991
4110 -9200 -4164
4110 -8765 -4263
4110 -9095 -4005
4110 -8860 -3734
4110 -9375 -3926
4110 -8990 -3906
4110 -9420 -3823
4110 -9165 -4112
4110 -8685 -3738
4110 -8875 -3662
4110 -8645 -3765
4110 -9085 -3742
4110 -8790 -3379
4110 -8775 -3710
4110 -8855 -3967
4110 -8935 -3811
4110 -9070 -3687
4110 -8770 -3630
4110 -8415 -3963
4110 -8890 -4000
4110 -8850 -3776
4110 -9000 -3921
4110 -8445 -3600
4110 -8695 -3361
4110 -8625 -3512
4110 -8805 -3388
4110 -9260 -3296
4110 -9030 -3744
4110 -8610 -3712
4110 -8480 -3743
4110 -8400 -3719
4110 -8805 -3869
4110 -8125 -3315
4110 -9070 -3646
4110 -8780 -3529
4110 -8430 -3455
4110 -9860 -3579
4110 -8725 -3820
4110 -8950 -3634
4110 -8830 -3512
4110 -9235 -3466
4110 -8285 -3883
4110 -8650 -3587
4110 -8780 -3869
4110 -8765 -3528
4110 -8925 -3277
4110 -8610 -3744
4110 -8695 -3929
4110 -8595 -3592
4110 -9070 -3435
4110 -9135 -3481
4110 -8765 -3497
4110 -8580 -3500
4110 -8880 -3388
4110 -8645 -3454
4110 -9230 -3300
4370 -9285 -3428
4370 -8930 -3557
4370 -8935 -3670
4370 -8985 -3589
4370 -8855 -3478
4370 -8790 -3709
4370 -8545 -3503
4370 -9230 -3823
4370 -8760 -3373
4370 -8715 -3647
4370 -8520 -3739
4370 -8975 -4023
4370 -8870 -3713
4370 -8885 -3779
4370 -8480 -3814
4370 -8480 -3839
4370 -8795 -3673
4370 -9695 -3509
4370 -8465 -3876
4370 -9320 -3681
4370 -8660 -3673
4370 -8715 -3577
4370 -9565 -3570
4370 -8875 -3451
4370 -8785 -3585
4370 -8040 -3308
4370 -8930 -3496
4370 -8755 -3653
4370 -8880 -3793
4370 -8895 -3961
4370 -8920 -3526
4370 -8290 -3226
4440 -8890 -3092
4440 -8430 -3178
4440 -8180 -2952
4440 -8670 -2896
4440 -8820 -3266
4440 -8775 -3331
4440 -8650 -3333
4440 -8815 -3443
4440 -9310 -3359
4440 -8360 -3293
4440 -9070 -3084
4440 -9085 -3511
4440 -9160 -3389
4440 -8780 -3388
4440 -8585 -3232
4570 -9155 -3035
4570 -8685 -2977
4570 -8975 -2981
4570 -8665 -2659
4570 -9105 -2759
4570 -9185 -3052
4570 -9280 -3094
4570 -9630 -3154
4570 -9050 -3075
4570 -9085 -3269
4570 -8845 -3185
4570 -8915 -2842
4570 -9560 -2524
4570 -8995 -3111
4570 -8320 -2774
4570 -8830 -2491
4570 -8895 -2584
4570 -8495 -2742
4570 -8155 -2707
4570 -8490 -2507
4570 -8980 -2718
4570 -9085 -2520
4570 -8685 -2697
4570 -8680 -2480
4570 -8815 -2871
4570 -8680 -2609
4570 -8825 -2387
4570 -8620 -2537
4570 -9595 -2765
4570 -9355 -2544
4570 -8930 -2692
4570 -8520 -2377
4770 -9170 -2680
4770 -8375 -2464
4770 -8985 -2886
4900 -8965 -2895
4900 -8835 -2795
4900 -9005 -2618
4900 -9050 -2732
5220 -8750 -2797
5220 -8735 -3128
5220 -7865 -3224
5220 -8915 -2849
5220 -8675 -2501
5220 -8080 -2396
5220 -9070 -2610
5220 -9165 -2034
5220 -8630 -2462
5220 -8740 -2481
5220 -8220 -2272
5220 -8415 -1964
5220 -8380 -1931
5220 -9570 -1716
5220 -7745 -1955
5220 -8965 -2236
5220 -7715 -1943
5350 -8755 -2113
5350 -8270 -1916
5350 -8100 -1837
5480 -8175 -1859
5480 -8525 -1961
5480 -8725 -1813
5480 -8350 -2172
5480 -8795 -2235
5480 -9065 -1983
5480 -9100 -2100
5480 -8965 -1687
5480 -7965 -2091
5480 -8740 -2221
5480 -8355 -2240
5480 -8190 -2391
5480 -9205 -2399
5480 -9130 -2236
5480 -8685 -2254
5480 -8840 -2005
5480 -8135 -1973
5480 -8745 -2009
5480 -9420 -2028
5480 -8720 -1810
5480 -8650 -2006
5480 -8375 -1970
5480 -9320 -1998
5480 -8245 -1929
5480 -8620 -1324
5480 -9145 -1475
5480 -8185 -1916
5480 -8090 -1903
5480 -8355 -1897
5480 -8685 -1893
5480 -8865 -2385
5480 -8680 -1998
5480 -8840 -1812
5480 -8590 -1669
5480 -9090 -1858
5480 -8210 -2008
5480 -8505 -2106
5480 -9420 -2344
5480 -8395 -2096
5480 -8680 -2383
5480 -9075 -2516
5480 -8790 -2516
5480 -8650 -2301
5480 -8965 -2289
5480 -8355 -2341
5480 -7775 -2165
5480 -8690 -2171
5480 -8950 -2117
5480 -8580 -1889
5480 -9130 -1794
5480 -7425 -1499
5480 -8250 -2036
5480 -8870 -2183
5480 -8470 -1971
5480 -9280 -1655
5480 -8330 -1827
5480 -8265 -1931
5480 -8515 -1612
5610 -7955 -1937
5610 -8285 -1897
5610 -8730 -2028
5610 -8880 -1752
5610 -8695 -1801
5610 -9590 -1592
5610 -8850 -1637
5610 -8430 -1739
5610 -8675 -1353
5610 -8345 -1044
5610 -7870 -1142
5610 -7745 -878
5610 -8410 -1184
5610 -7785 -1338
5610 -8245 -1366
5610 -7885 -1448
5610 -8385 -1635
5610 -8275 -1882
5610 -8505 -1577
5610 -8415 -1472
5610 -8345 -1246
5610 -7460 -1326
5610 -8475 -1641
5610 -8665 -1377
5610 -7695 -998
5610 -8880 -1261
5610 -8295 -1306
5610 -7805 -1089
5610 -7850 -1019
5610 -7955 -757
5610 -8550 -930
5610 -8430 -1061
5610 -8780 -1476
5610 -8570 -1170
5610 -8275 -777
5610 -8720 -1253
5610 -8160 -783
5610 -8140 -890
5610 -8315 -983
5610 -8625 -1196
5610 -8010 -1098
5610 -8490 -1083
5610 -8645 -1529
5610 -8520 -1324
5610 -8315 -922
5610 -7865 -1122
5610 -8785 -1148
5610 -7740 -842
5610 -8355 -1110
5610 -8615 -1349
5610 -9420 -1176
5610 -8115 -1037
5610 -9070 -688
5610 -8965 -903
5610 -8915 -492
5610 -7875 -704
5610 -8955 -710
5610 -7615 -813
5610 -8765 -1558
5610 -8545 -1462
5610 -8375 -1000
5740 -8360 -963
5740 -8910 -766
5740 -8475 -773
5740 -7930 -690
5740 -8195 -945
5740 -8790 -529
5740 -8255 -784
5740 -8555 -577
5740 -9155 -839
5740 -8615 -373
5740 -9005 -422
5740 -7905 -724
5740 -8250 -836
5740 -8550 -617
5740 -8925 -749
5740 -8375 -1348
5740 -8080 -977
5740 -8815 -585
5740 -8970 -154
5740 -8190 -345
5740 -8595 -472
5740 -8105 -608
5740 -8285 -613
5740 -8120 -715
5740 -7875 -489
5740 -8255 -421
5740 -8895 -523
5740 -8045 -445
5740 -7955 -444
5740 -8005 -579
5740 -7745 -705
5740 -8580 -278
5740 -8745 -361
5740 -8025 -358
5740 -8310 -988
5740 -8315 -460
5740 -7950 -350
5740 -7820 -512
5740 -7845 -213
5740 -8615 -507
5740 -8125 15
5740 -8185 229
5740 -8400 -188
5740 -8525 75
5740 -8730 -366
5740 -7860 -332
5740 -8545 -280
5740 -7675 -140
5740 -7735 -49
5740 -8315 164
5740 -8120 355
5740 -7905 103
5740 -8270 -120
5740 -8175 102
5740 -7910 -93
5740 -8360 -5
5740 -7540 -258
5740 -8175 -96
5740 -8590 -78
5740 -8615 -257
5740 -8780 297
5740 -7640 330
5740 -8475 -672
5740 -9035 -830
5740 -7990 -555
5740 -7995 -250
5740 -8015 -580
5740 -8270 -210
5740 -7980 269
5740 -8590 -61
5740 -8310 -120
5740 -8445 -178
5740 -8425 -96
5740 -8360 215
5740 -7635 -152
5740 -7785 -104
5740 -8510 -253
5740 -8095 -247
5740 -7975 -380
5740 -8865 -276
5740 -8170 25
5740 -8615 -333
5740 -7415 -314
5740 -7625 334
5740 -8370 504
5740 -7410 450
5740 -8005 293
5740 -8315 -292
5740 -8150 -227
5740 -7790 -43
5740 -8265 13
5740 -8055 385
5740 -7610 39
5740 -7970 571
5740 -8040 362
5740 -8405 459
5740 -7145 364
5740 -7740 48
5740 -8345 511
5740 -7705 495
5740 -7420 726
5740 -7920 523
5740 -7645 552
5740 -7495 395
5740 -7710 577
5740 -8195 630
5740 -8085 858
5740 -8290 393
5740 -8815 129
5740 -7625 300
5740 -7600 472
5740 -8335 326
5740 -7660 187
5740 -8275 275
5740 -8040 268
5740 -6725 975
5740 -8085 631
5740 -6895 763
5740 -6675 534
5740 -7035 525
5740 -7375 747
5740 -9030 485
5740 -6990 658
5740 -8440 355
5740 -7405 860
5740 -7400 974
5740 -7830 1019
5740 -8490 943
5740 -8095 873
5740 -7325 1037
5740 -6685 917
5740 -7100 653
5740 -7325 938
5740 -8950 612
5740 -7515 938
5740 -7075 1151
5740 -7890 1209
5740 -7180 1261
5740 -7845 1064
5740 -9165 1076
5740 -7340 1549
5740 -7485 1618
5740 -7665 922
5740 -7845 761
5740 -7520 1079
5740 -7735 875
5740 -7260 1208
5740 -7410 1272
5740 -8520 1536
5740 -7675 1536
5740 -7690 1638
5740 -7155 1323
5740 -8040 1409
5740 -7725 1366
5740 -8060 1360
5740 -8340 1107
5740 -6380 855
5740 -7445 981
5740 -8245 1232
5740 -7510 1262
5740 -7295 1341
5740 -7130 1197
5740 -7565 1009
5740 -7530 1346
5740 -8240 860
5740 -7970 866
5740 -7970 1647
5740 -7200 1492
5740 -7165 1535
5740 -8400 1632
5740 -7740 1328
5740 -7910 1127
5740 -7365 1347
5740 -8230 1680
5740 -6805 1606
5740 -7555 1517
5740 -6755 1729
5740 -7795 1941
5740 -7735 2138
5740 -7540 2501
5740 -7675 2274
5740 -7090 1749
5740 -7935 1569
5740 -4880 1674
5740 -8130 1541
5740 -7955 1567
5740 -6250 1885
5740 -7575 1434
5740 -6460 2235
5740 -7930 1297
5740 -7505 1738
5740 -6260 2268
5740 -6935 2004
5740 -6570 2209
5740 -6715 1677
5740 -8235 1420
5740 -6720 1750
5740 -7065 1427
5740 -7420 1440
5740 -7170 1572
5740 -6210 1682
5740 -7780 1539
5740 -5810 1618
5740 -6675 1607
5740 -7330 1326
5740 -7585 1464
5740 -7550 1046
5740 -6725 1271
5740 -6880 1577
5740 -6515 1882
5740 -4065 1680
5740 -6825 1921
5740 -6380 1987
5740 -6605 2068
5740 -7080 2304
5740 -6740 2090
5740 -6995 1735
5740 -7700 1820
5740 -6820 1816
5740 -5785 1958
5740 -8345 2389
5740 -6600 1996
5740 -6330 2021
5740 -6485 1813
5740 -7080 2004
5740 -7090 2053
5740 -7230 1975
5740 -6975 2158
5740 -7585 2073
5740 -6670 2199
5740 -6735 2177
5740 -5180 2090
5740 -7125 1749
5740 -7225 1813
5740 -6165 1845
5740 -6690 1780
5740 -6840 2141
5740 -6925 1840
5740 -8745 1816
5740 -8680 2157
5740 -9355 2655
5740 -8385 2498
5740 -3635 2917
5740 -4110 2832
5740 -7435 3016
5740 -6255 3426
5740 -5995 3061
5740 -7375 3308
5740 -8235 3063
5740 -8120 3114
5740 -7535 2796
5740 -6690 2805
5740 -6855 2855
5740 -6440 2708
5740 -7715 3049
5740 -5495 2833
5740 -7975 2511
5740 -8260 2612
5740 -6730 2410
5740 -7675 3014
5740 -6130 3228
5740 -7315 3170
5740 -6635 2965
5740 -8045 2989
5740 -6370 2924
5740 -7835 2739
5740 -8460 2329
5740 -7545 2216
5740 -8390 2231
5740 -7065 2715
5740 -4505 3056
5740 -5590 3229
5740 -6625 3538
5740 -6605 3032
5740 -6200 3121
5740 -7800 2530
5740 -6755 2803
5740 -5030 3231
5740 -3695 3328
5740 -6830 3269
5740 -6340 2999
5740 -6415 2951
5740 -4075 2951
5740 -4600 3061
5740 -6545 2653
5740 -6280 2862
5740 -6735 2607
5740 -8175 2692
5740 -6500 2801
5740 -4235 3597
5740 -7695 3151
5740 -5885 3404
5740 -5630 3552
5740 -5865 3160
5740 -6660 3232
5740 -7705 2812
5740 -7270 2604
5740 -6780 2726
5740 -7755 2420
5740 -7305 2961
5740 -3955 3255
5740 -6675 3122
5740 -6435 3257
5740 -7290 3037
5740 -6115 3596
5740 -7360 3406
5740 -6730 3211
5740 -7625 3091
5740 -6850 3176
5740 -7675 3300
5740 -7480 2840
5740 -6985 2590
5740 -7580 2694
5740 -8005 3229
5740 -6785 3150
5740 -8030 2971
5740 -7405 2642
5740 -7415 2956
5740 -7085 3197
5740 -6945 2967
5740 -7045 3162
5740 -5395 2995
5740 -5675 3129
5740 -7450 2726
5740 -7200 2794
5740 -6470 3056
5740 -6975 3116
5740 -6750 2772
5740 -7115 3265
5740 -7205 2463
5740 -6980 2575
5740 -5595 2337
5740 -6525 3520
5740 -7335 3284
5740 -6065 3422
5740 -5350 3241
5740 -7060 2935
5740 -7505 3493
5740 -7040 3263
5740 -8395 2754
5740 -8185 2197
5740 -5740 3259
5740 -6660 3413
5740 -7950 3154
5740 -7655 2872
5740 -6715 2937
5740 -6955 2926
5740 -7730 2789
5740 -8155 3013
5740 -7760 3351
5740 -7160 3067
5740 -7100 3453
5740 -6955 3016
5740 -6775 3350
5740 -5775 2752
5740 -8855 3045
5740 -7350 3309
5740 -6980 3643
5740 -6095 3546
5740 -7165 2852
5740 -7530 3093
5740 -6510 4045
5740 -7490 3384
5740 -6725 3229
5740 -6375 3617
5740 -7195 3786
5740 -3930 4258
5740 -4615 4057
5740 -3995 4319
5740 -4270 4122
5740 -7835 4163
5740 -7885 3654
5740 -8140 3719
5740 -5240 3794
5740 -7835 3294
5740 -6130 4087
5740 -4135 4022
5740 -7185 3685
5740 -6510 3088
5740 -8095 3695
5740 -7060 4046
5740 -3930 3974
5740 -4005 4208
5740 -7105 3897
5740 -6750 4132
5740 -7940 4332
5740 -7445 4036
5740 -7795 3577
5740 -6505 3705
5740 -7850 3787
5740 -7650 3860
5740 -7530 3803
5740 -7085 3852
5740 -6655 3881
5740 -7415 3467
5740 -7160 3939
5740 -7240 4175
5740 -6610 3888
5740 -7545 4074
5740 -7705 3973
5740 -7490 4526
5740 -7145 4257
5740 -2930 4771
5740 -7520 3909
5740 -7340 4284
5740 -6035 4241
5740 -7760 4136
5740 -7195 4332
5740 -7260 4327
5740 -7785 4014
5740 -7235 4414
5740 -7310 4365
5740 -5710 4544
5740 -7360 4475
5740 -7605 4073
5740 -6940 4360
5740 -6505 3932
5740 -6455 3988
5740 -7410 4264
5740 -6470 4152
5740 -6940 4200
5740 -7755 4357
5740 -6910 3971
5740 -7340 4055
5740 -7570 4144
5740 -6825 4117
5740 -7990 4171
5740 -7735 4702
5740 -7735 4739
5740 -3400 4612
5740 -7200 4676
5740 -7830 4299
5740 -7195 4104
5740 -7470 4402
5740 -7155 4693
5740 -6230 4538
5740 -7195 4369
5740 -5680 5084
5740 -7125 4599
5740 -6145 4569
5740 -6975 4632
5740 -6805 4584
5740 -7790 4466
5740 -5740 4761
5740 -7520 4600
5740 -6690 4291
5740 -7675 4573
5740 -6715 4406
5740 -7430 4436
5740 -7195 4349
5740 -6055 4806
5740 -6625 4899
5740 -6395 4403
5740 -6705 4689
5740 -3020 4834
5740 -6285 4788
5740 -6445 4541
5740 -7055 4778
5740 -5645 5000
5740 -6895 4939
5740 -6585 4774
5740 -5770 4732
5740 -6255 5119
5740 -5725 5197
5740 -6595 4659
5740 -6905 5130
5740 -6870 5035
5740 -7440 5068
5740 -5525 5411
5740 -5685 5041
5740 -6515 4975
5740 -5870 5101
5740 -3425 5138
5740 -6645 4682
5740 -6650 5027
5740 -6765 4714
5740 -6785 5050
5740 -6370 5268
5740 -5700 5106
5740 -4520 5002
5740 -6405 5111
5740 -6495 4618
5740 -6320 4735
5740 -7010 4910
5740 -6505 5054
5740 -6520 4667
5740 -6875 4906
5740 -5515 4818
5740 -5420 5087
5740 -5830 5593
5740 10 5467
5740 -6520 5222
5740 -5105 5465
5740 -5470 5166
5740 -5770 5341
5740 -5995 5456
5740 -6445 5267
5740 -4770 5355
5740 -6335 5339
5740 -5465 5337
5740 -6410 5109
5740 -6425 5369
5740 -3765 5352
5740 -6775 5246
5740 -5840 5456
5740 -4825 5386
5740 -4480 5342
5740 -6425 5108
5740 -4070 5463
5740 -5980 5276
5740 -6735 5078
5740 -4105 5106
5740 -4450 5309
5740 -3595 5376
5740 -3790 5481
5740 -4425 5249
5740 -6425 5361
5740 -6735 5212
5740 -5065 5116
5740 -5305 5050
5740 -6760 5172
5740 -6055 5264
5740 -5830 5395
5740 -4415 5267
5740 -4845 4911
5740 -4670 5229
5740 -6980 5205
5740 -5995 5064
5740 -4105 5459
5740 -3595 5336
5740 -2545 5678
5740 -4415 5111
5740 -3790 5348
5740 -6320 5360
5740 -2945 5602
5740 -2745 5521
5740 -6380 5335
5740 -6230 5299
5740 -4825 5471
5740 -4490 5069
5740 -4950 5496
5740 -6085 5188
5740 -5580 4996
5740 -5875 5052
5740 -6515 5429
5740 -4415 5240
5740 -4425 5158
5740 -4070 5501
5740 -3685 5309
5740 -5685 5014
5740 -6465 5125
5740 -4260 5589
5740 -5465 5260
5740 -5510 5364
5740 -5095 5480
5740 -5625 5289
5740 -6230 5244
5740 -3595 5340
5740 -4525 5103
5740 -5095 5374
5740 -4875 5169
5740 -5875 5361
5740 -5965 5444
5740 -4525 5304
5740 -4950 5380
5740 -5465 5145
5740 -5465 5292
5740 -3595 5492
5740 -5005 5224
5740 -6655 5227
5740 -5995 5358
5740 -3595 5151
5740 -3790 5204
5740 -5325 5423
5740 -5030 5024
5740 -4475 5204
5740 -5095 5302
5740 -3330 5304
5740 -6335 5459
5740 -4950 5035
5740 -6085 5181
5740 -3490 5211
5740 -2945 5327
5740 -4565 5546
5740 -4425 5423
5740 -5535 5098
5740 -4875 5296
5740 -6300 5502
5740 -4875 5141
5740 -5290 5216
5740 -2945 5528
5740 -4875 5240
5740 -5685 5165
5740 -6035 5240
5740 -5625 5279
5740 -6055 5370
5740 -5995 5464
5740 -4770 5191
5740 -5260 5112
5740 -5920 5200
5740 -4950 5346
5740 -4320 5193
5740 -5510 5253
5740 -6410 5132
5740 -5405 5291
5740 -5260 4902
5740 -6760 5021
5740 -5365 5301
5740 -6735 5219
5740 -6735 5162
5740 -3490 5303
5740 -2945 5350
5740 -4525 5077
5740 -4875 5371
5740 -3790 5513
5740 -4990 5320
5740 -5075 5327
5740 -5405 5043
5740 -5425 5275
5740 -5095 5270
5740 -6760 5221
5740 -6760 5348
5740 -5890 5165
5740 -4635 5318
5740 -5105 5077
5740 -5995 5243
5740 -6410 4956
5740 -4415 5205
5740 -5995 5143
5740 -6425 5125
5740 -4070 5385
5740 -6425 5123
5740 -5260 5202
5740 -5995 5311
5740 -4670 5132
5740 -2545 5230
5740 -6275 5337
5740 -4565 5374
5740 -5095 5132
5740 -4950 5438
5740 -5360 5291
5740 -6380 5389
5740 -6335 5082
5740 -6515 4975
5740 -2945 5412
5740 -6085 5210
5740 -4415 5384
5740 -3790 5324
5740 -5510 5335
5740 -6065 5298
5740 -4425 5262
5740 -6515 5276
5740 -5465 5260
5740 -4415 5167
5740 -5565 5075
5740 -3645 5478
5740 -2930 5407
5740 -2945 5193
5740 -6230 5316
5740 -4770 5345
5740 -2930 5367
5740 -6515 5154
5740 -4670 5052
5740 -5005 5187
5740 -4415 5181
5740 -4450 5359
5740 -4260 5183
5740 -5965 5086
5740 -6760 5210
5740 -6520 5113
5740 -6515 5112
5740 -2485 5512
5740 -4950 5308
5740 -6425 5031
5740 -3330 5420
5740 -5465 5166
5740 -6230 5418
5740 -4990 5360
5740 -6140 5096
5740 -3685 5428
5740 -5095 5291
5740 -3790 5256
5740 -5350 5186
5740 -5995 5222
5740 -4950 4844
5740 -3490 5409
5740 -4565 5079
5740 -3790 5381
5740 -4565 5026
5740 -5465 5307
5740 -4875 5122
5740 -6525 5052
5740 -5360 5141
5740 -5105 4915
5740 -5130 5163
5740 -6735 5265
5740 -2545 5442
5740 -6055 4901
5740 -6300 5215
5740 -4670 4802
5740 -5685 5120
5740 -5030 5153
5740 -6520 5104
5740 -4565 5298
5740 -6410 5278
5740 -5095 5202
5740 -4875 5280
5740 -4875 5089
5740 -3790 5383
5740 -6275 5089
5740 -6055 5135
5740 -4415 5232
5740 -4565 4775
5740 -6735 5256
5740 -4850 5252
5740 -6410 4797
5740 -5290 4999
5740 -5815 5231
5740 -4865 4885
5740 -6735 4937
5740 -5245 5126
5740 -4465 5220
5740 -3790 5255
5740 -4950 5099
5740 -3595 5342
5740 -4990 5249
5740 -5995 5104
5740 -6425 5087
5740 -6380 4923
5740 -4670 4949
5740 -2945 5227
5740 -4425 5289
5740 -6230 5369
5740 -4670 5216
5740 -6275 5041
5740 -6410 5134
5740 -3790 5003
5740 -5530 5108
5740 -5290 5210
5740 -5105 4972
5740 -6085 5149
5740 -5095 5165
5740 -3790 5154
5740 -5580 5371
5740 -5605 5206
5740 -2840 5384
5740 -4070 5194
5740 -3595 5348
5740 -5095 4983
5740 -6425 5143
5740 -6275 4798
5740 -4260 5125
5740 -6425 5075
5740 -3790 5329
5740 -4345 5219
5740 -6760 5221
5740 -6735 5003
5740 -5465 4913
5740 -6375 5194
5740 -4875 5060
5740 -6335 4920
5740 -6515 5034
5740 -5365 5239
5740 -4670 4910
5740 -5095 5115
5740 -3790 5241
5740 -3595 5094
5740 -5995 5183
5740 -5095 5029
5740 -6425 5191
5740 -6515 5247
5740 -6735 4782
5740 -4000 5054
5740 -6085 4856
5740 -4490 5300
5740 -5920 4715
5740 -4950 5166
5740 -6515 4988
5740 -6420 5222
5740 -4950 5201
5740 -3595 5393
5740 -6465 4980
5740 -5980 4549
5740 -3890 5383
5740 -6515 5065
5740 -4670 5224
5740 -6375 4977
5740 -5225 4891
5740 -5995 5126
5740 -4950 4861
5740 -5365 5214
5740 -6085 5028
5740 -6515 5007
5740 -4220 4990
5740 -4260 5280
5740 -6320 5139
5740 -4260 4980
5740 -2945 5408
5740 -4490 4924
5740 -2945 4987
5740 -6085 5129
5740 -4415 5228
5740 -5465 5189
5740 -6245 5211
5740 -4220 5005
5740 -5565 5375
5740 -5565 5063
5740 -6410 4767
5740 -4720 5342
5740 -6515 4783
5740 -5460 5203
5740 -3595 5061
5740 -5095 4976
5740 -6735 5088
5740 -4415 5313
5740 -5685 5351
5740 -5980 4941
5740 -5535 4763
5740 -6630 4778
5740 -3790 5144
5740 -4220 5289
5740 -5185 5042
5740 -5510 4820
5740 -4875 5196
5740 -4065 5429
5740 -5070 5227
5740 -5580 5087
5740 -4415 5336
5740 -6655 5157
5740 -4450 4966
5740 -4425 5070
5740 -5095 4887
5740 -5995 5230
5740 -3955 5156
5740 -5205 5319
5740 -5685 4981
5740 -6055 4839
5740 -5360 4933
5740 -6035 4861
5740 -4950 5215
5740 -4955 5165
5740 -4950 5216
5740 -4565 4930
5740 -4670 5195
5740 -6515 4610
5740 -4720 5195
5740 -5995 5245
5740 -5980 4804
5740 -3790 5273
5740 -4565 4991
5740 -5465 5291
5740 -6275 5045
5740 -4220 5176
5740 -6420 4948
5740 -4465 5183
5740 -3475 5344
5740 -3790 5015
5740 -6320 4882
5740 -3790 4958
5740 -6035 4835
5740 -5995 4485
5740 -5095 5230
5740 -6735 4750
5740 -6425 4885
5740 -5070 4999
5740 -5465 4988
5740 -4425 5005
5740 -6140 5094
5740 -4260 5214
5740 -4320 5186
5740 -4450 5075
5740 -4070 4960
5740 -4450 5045
5740 -5205 5179
5740 -4425 5007
5740 -6275 5220
5740 -6515 5218
5740 -3790 5196
5740 -5025 4837
5740 -6515 4895
5740 -5095 5266
5740 -5105 5264
5740 -5995 4920
5740 -4670 4859
5740 -4425 5180
5740 -6515 4861
5740 -4425 4582
5740 -5260 4691
5740 -4525 5034
5740 -2945 5276
5740 -4425 4816
5740 -4825 5161
5740 -5685 5008
5740 -6275 5422
5740 -4875 5177
5740 -4565 5061
5740 -4990 5183
5740 -5325 5107
5740 -2485 5443
5740 -4845 5278
5740 -3685 4938
5740 -5995 4895
5740 -5510 5057
5740 -6085 5091
5740 -6425 4905
5740 -5180 4920
5740 -5030 5164
5740 -4420 5280
5740 -5180 5278
5740 -6335 4993
5740 -5225 4956
5740 -2840 5137
5740 -2930 5260
5740 -3595 5134
5740 -6005 5105
5740 -5310 4960
5740 -4415 5024
5740 -6305 4795
5740 -2945 5456
5740 -5005 4867
5740 -6275 5000
5740 -4450 5279
5740 -6735 4879
5740 -4670 5154
5740 -3790 5271
5740 -4425 4849
5740 -6515 4812
5740 -6515 4749
5740 -6735 4817
5740 -5815 4879
5740 -4415 5369
5740 -5685 5083
5740 -4875 4848
5740 -6735 4614
5740 -6515 5177
5740 -6410 4960
5740 -4425 4913
5740 -6730 4845
5740 -6410 5076
5740 -4465 5420
5740 -5460 4845
5740 -4425 4736
5740 -6300 5286
5740 -4950 4988
5740 -4260 5259
5740 -4990 4824
5740 -6425 5119
5740 -4670 5164
5740 -5510 4902
5740 -3790 5178
5740 -6630 4992
5740 -4875 4881
5740 -6055 4943
5740 -6515 5169
5740 -6335 4870
5740 -3490 4893
5740 -5180 4966
5740 -4875 5282
5740 -4260 5030
5740 -4415 5172
5740 -4990 4775
5740 -5995 4668
5740 -5995 4777
5740 -6515 4841
-9505	-7780	-8995
-4845	-9895	-8312
-4340	-9420	-7943
-4065	-9470	-7567
-3250	-9400	-7436
-3020	-9440	-7135
-2785	-9740	-6863
-2785	-10095	-6615
-2515	-10230	-6148
-2445	-10095	-6395
-2445	-9415	-6128
-2445	-9690	-5950
-2175	-10095	-5701
-2175	-9420	-5975
-2175	-9415	-5789
-2175	-9960	-5990
-2175	-10095	-5965
-2175	-9420	-6098
-2175	-9860	-6219
-2175	-9935	-6156
-2175	-9285	-6157
-2155	-9400	-5949
-2155	-9415	-5796
-2155	-10095	-6267
-2155	-9150	-5985
-2155	-10095	-5902
-2155	-9590	-5984
-2155	-9315	-6216
-2155	-9315	-6250
-1655	-9825	-6231
-1655	-9280	-6258
-1655	-9430	-6270
-1655	-9870	-6264
-1655	-9200	-6202
-1655	-9825	-6156
-1655	-9965	-6210
-1655	-9320	-6463
-1655	-9415	-6163
-1655	-9860	-6100
-1655	-10100	-6467
-1655	-9320	-6397
-1655	-10130	-6435
-1655	-9415	-6314
-1655	-9470	-6091
-1655	-9495	-6069
-1045	-9605	-6014
-1045	-10130	-6174
-1045	-8955	-6153
-1045	-9250	-6094
-1045	-9440	-6233
-1045	-9605	-6332
-1045	-9865	-6406
-1045	-9740	-6309
-1045	-9035	-6475
-1045	-9575	-6267
-1045	-9320	-6256
-1045	-9690	-6376
-1045	-9710	-6239
-1045	-9300	-6346
-1045	-9605	-6328
-1045	-9455	-6511
-1045	-9435	-6541
-1045	-9995	-6463
-1045	-9460	-6302
-1045	-9495	-6245
-1045	-9610	-6179
-1045	-9830	-6227
-1045	-9135	-6372
-1045	-9300	-6224
-1045	-9735	-6263
-1045	-9455	-6375
-1045	-9575	-6197
-1045	-9220	-6208
-1045	-9630	-6394
-1045	-9460	-6202
-1045	-9625	-6110
-1045	-9585	-6222
-1045	-9470	-6213
-1045	-9270	-6217
-1045	-10095	-6284
-1045	-9420	-6256
-1045	-9490	-6222
-1045	-9315	-6263
-1045	-9440	-6337
-1045	-9710	-6182
-1045	-9595	-6217
-1045	-9475	-6235
-1045	-9730	-6414
-1045	-9305	-6350
-1045	-9630	-6252
-1045	-9535	-6324
-1045	-9430	-6446
-1045	-9300	-6236
-1045	-9610	-6290
-1045	-9220	-6119
-1045	-9730	-6151
-1045	-9390	-6040
-1045	-9475	-6251
-1045	-9540	-6259
-1045	-9530	-6259
-1045	-9590	-6225
-1045	-9285	-6245
-1045	-9580	-6183
-1045	-9295	-6206
-1045	-9760	-6224
-1045	-9590	-6365
-1045	-9860	-6476
-1045	-9240	-6311
-1045	-9575	-6536
-1045	-9860	-6459
-1045	-9290	-6336
-1045	-9860	-6230
-1045	-9595	-6132
-1045	-9525	-6168
-1045	-9345	-6047
-1045	-9580	-6263
-1045	-9375	-6123
-1045	-9310	-6248
-1045	-9625	-6204
-1045	-9960	-6168
-1045	-9185	-6143
-1045	-9410	-6274
-1045	-9065	-6191
-1045	-9865	-6298
-1045	-9540	-6307
-1045	-9160	-6200
-1045	-9825	-6216
-1045	-9280	-6160
-1045	-9415	-6044
-1045	-9690	-6330
-1045	-9470	-6271
-1045	-9375	-6235
-1045	-9070	-6236
-1045	-9995	-6300
-1045	-10100	-6369
-1045	-9660	-6335
-1045	-9710	-6248
-1045	-9355	-6222
-1045	-9270	-6248
-1045	-9390	-6046
-1045	-9725	-6049
-1045	-9270	-6220
-1045	-9130	-6090
-1045	-9265	-6074
-1045	-9930	-6081
-1045	-10030	-6257
-1045	-9590	-6167
-1045	-9320	-6239
-1045	-9250	-6333
-1045	-9595	-6236
-1045	-9310	-6348
-1045	-9575	-6170
-1045	-9730	-6138
-1045	-9205	-6181
-1045	-9740	-6324
-1045	-9690	-6174
-1045	-9525	-6198
-1045	-9400	-6101
-1045	-8865	-6158
-1045	-9190	-6191
-1045	-9525	-6193
-1045	-9315	-6088
-1045	-9425	-6106
805	-9290	-6118
805	-9425	-6144
805	-9190	-6330
805	-9865	-6158
805	-9230	-6139
805	-9760	-6073
805	-9340	-6091
805	-9760	-6026
805	-9995	-6014
805	-9740	-6030
805	-9215	-6185
805	-9100	-6194
805	-9375	-5948
805	-9930	-5807
805	-8855	-5741
805	-9415	-5875
805	-9750	-5982
805	-9760	-6120
805	-9115	-5806
805	-9125	-5990
805	-9525	-5979
805	-9100	-5946
805	-9320	-5984
805	-10230	-6022
805	-9360	-6031
805	-9605	-6121
805	-9625	-6182
805	-9610	-6153
805	-9390	-6093
805	-9090	-5983
805	-9285	-6146
805	-9420	-6057
805	-9505	-6065
805	-9495	-6102
805	-9495	-6158
805	-9255	-6153
805	-9315	-6133
805	-9420	-6117
805	-9215	-6297
805	-9350	-6124
805	-9765	-6088
805	-9185	-6120
805	-9405	-6098
805	-9220	-5960
805	-9120	-6002
805	-9415	-5987
805	-9390	-6021
805	-9560	-6199
805	-9240	-6016
805	-9350	-5935
805	-9565	-6131
805	-9760	-6094
805	-9320	-6118
805	-9215	-5949
805	-9705	-6055
805	-9285	-5918
805	-9160	-6040
805	-9895	-6094
805	-9325	-6174
805	-9405	-6182
805	-9315	-5965
805	-9460	-6064
805	-9415	-6028
805	-9960	-5967
805	-9610	-5803
805	-9390	-5797
805	-9410	-5881
805	-9490	-6000
805	-9440	-5891
805	-9830	-5777
805	-9560	-6029
805	-9180	-6069
805	-9795	-5877
805	-9710	-5986
805	-9495	-5827
805	-9605	-5903
805	-9865	-5855
805	-9960	-5727
805	-9240	-5741
805	-9870	-5949
805	-9710	-5939
805	-9165	-5782
805	-9395	-5697
805	-9660	-5733
805	-9050	-5737
805	-9340	-5541
805	-9830	-5683
805	-9625	-5583
805	-9830	-5675
805	-9170	-5577
805	-9440	-5722
805	-9335	-5546
805	-9325	-5542
805	-9760	-5723
805	-9560	-5685
805	-9995	-5769
805	-9030	-5734
805	-8945	-5700
805	-9315	-5919
805	-9245	-5807
805	-9435	-5766
805	-9175	-5668
805	-9070	-5399
805	-9505	-5607
805	-9185	-5720
805	-9360	-5745
805	-9125	-5881
805	-9660	-6007
805	-8985	-5905
805	-9390	-5715
805	-9490	-5730
805	-9290	-5644
805	-9625	-5705
805	-9900	-5722
805	-9275	-5896
805	-9455	-5945
805	-9165	-6003
805	-9310	-5850
805	-9150	-5780
805	-9100	-5926
805	-9185	-5718
805	-9115	-5752
805	-9190	-5726
805	-9270	-5592
805	-9895	-5774
805	-8890	-5425
1030	-8980	-5622
1030	-9020	-5626
1030	-9050	-5682
1030	-9180	-5581
1030	-8960	-5456
1030	-8990	-5566
1030	-9210	-5598
1030	-9145	-5470
1030	-9590	-5375
1030	-9660	-5530
1030	-9610	-5702
1030	-8535	-5379
1030	-9075	-5316
1030	-9130	-5287
1030	-8915	-5498
1030	-9050	-5469
1030	-9000	-5385
1030	-9085	-5485
1030	-9375	-5633
1030	-8965	-5710
1030	-9075	-5603
1030	-9625	-5706
1995	-9420	-5555
1995	-9065	-5379
1995	-9425	-5389
1995	-9020	-5477
1995	-8850	-5530
1995	-8790	-5544
1995	-9020	-5512
1995	-9430	-5557
1995	-8750	-5617
1995	-9285	-5495
1995	-9185	-5473
1995	-8820	-5328
1995	-8980	-5550
1995	-9440	-5485
1995	-8775	-5566
1995	-8660	-5608
1995	-9300	-5532
1995	-8850	-5377
1995	-8800	-5632
1995	-8830	-5658
1995	-9025	-5781
1995	-8675	-5560
1995	-8925	-5509
1995	-8790	-5691
1995	-9370	-5486
1995	-8905	-5540
1995	-9065	-5834
1995	-8980	-5700
1995	-9195	-5522
1995	-8985	-5622
1995	-9390	-5732
1995	-8930	-5614
3840	-9290	-5504
3840	-8850	-5387
3840	-9105	-5454
3840	-9220	-5493
3840	-9015	-5426
3840	-9055	-5657
3840	-8920	-5586
3840	-9220	-5536
3840	-9430	-5388
3840	-9230	-5280
3840	-9130	-5386
3840	-9560	-5314
3840	-9660	-5459
3840	-9150	-5532
3840	-8840	-5231
3840	-9185	-5384
3840	-9175	-5578
3840	-9385	-5476
3840	-9150	-5683
3840	-9135	-5592
3840	-9510	-5664
3840	-9085	-5659
3840	-9400	-5458
3840	-9085	-5407
3840	-9170	-5365
3840	-9560	-5651
3840	-9115	-5702
3840	-9265	-5801
3840	-9460	-5716
3840	-9355	-5510
3840	-8905	-5495
3840	-9265	-5331
3840	-9170	-5170
3840	-9625	-5454
3840	-9585	-5349
3840	-8900	-5451
3840	-9530	-5477
3840	-9150	-5652
3840	-9730	-5613
3840	-9660	-5774
3840	-9170	-5638
3840	-9220	-5608
3840	-9610	-5647
3840	-8985	-5342
3840	-9665	-5511
3840	-9895	-5497
3840	-8855	-5372
3840	-9410	-5633
3840	-9065	-5707
3840	-9290	-5645
3840	-9250	-5719
3840	-9035	-5661
3840	-9050	-5447
3840	-8970	-5504
3840	-9455	-5299
3840	-8935	-5309
3840	-9315	-5426
3840	-8945	-5261
3840	-8965	-5336
3840	-9305	-5402
3840	-9420	-5266
3840	-8875	-5419
3840	-9430	-5698
3840	-8915	-5634
3840	-9560	-5736
3840	-9530	-5306
3840	-9070	-5427
3840	-8595	-5172
3840	-8930	-5380
3840	-8805	-5465
3840	-9420	-5292
3840	-9060	-5274
3840	-9135	-5270
3840	-8885	-5406
3840	-9210	-5225
3840	-9125	-5266
3840	-8755	-5159
3840	-8815	-5294
3840	-9250	-5341
3840	-8950	-5677
3840	-9065	-5787
3840	-9130	-5654
3840	-9100	-5523
3840	-9440	-5514
3840	-9455	-5475
3840	-9085	-5748
3840	-9365	-5604
3840	-9150	-5421
3840	-8860	-5601
3840	-9150	-5673
3840	-9130	-5407
3840	-9235	-5624
3840	-9350	-5509
3840	-9130	-5609
3840	-9555	-5530
3840	-9390	-5331
3840	-9100	-5120
3840	-8920	-5257
3840	-9320	-5502
3840	-9135	-5409
3840	-9265	-5458
3840	-8890	-5483
3840	-9085	-5259
3840	-8605	-5344
3840	-9485	-5395
3840	-9105	-5243
3840	-8925	-5162
3840	-9495	-5213
3840	-9115	-5175
3840	-9165	-5137
3840	-8985	-5061
3840	-9160	-5237
3840	-9005	-5223
3840	-9070	-5243
3840	-9115	-4977
3840	-8985	-5161
3840	-8790	-5286
3840	-9285	-5263
3840	-9370	-5273
3840	-9075	-5397
3840	-9180	-5495
3840	-9120	-5524
3840	-9515	-5515
3840	-9440	-5360
3840	-9190	-5334
3840	-9290	-5363
3840	-9135	-5395
3840	-9115	-5535
3840	-8895	-5223
3840	-8885	-5206
3840	-9000	-5261
3840	-8850	-5154
3840	-9035	-5453
3840	-9080	-5452
3840	-9060	-5224
3840	-9500	-5367
3840	-9165	-5400
3840	-9290	-5238
3840	-8750	-5353
3840	-9400	-5343
3840	-8875	-5128
3840	-9420	-5339
3840	-9895	-5261
3840	-9290	-5102
3840	-9120	-5289
3840	-8965	-5185
3840	-8845	-5145
3840	-9265	-5279
3840	-9085	-5456
3840	-9185	-5321
3840	-8985	-5107
3840	-9135	-5100
3840	-9440	-5348
3840	-9970	-5329
3840	-9085	-5131
3840	-8805	-4895
3840	-8645	-4907
3840	-9050	-5114
3840	-8760	-5077
3840	-9130	-4923
3840	-9135	-4901
3840	-9370	-5047
3840	-8955	-5054
3840	-8955	-5098
3840	-8870	-5116
3840	-8825	-5267
3840	-9065	-4994
3840	-9660	-5241
3840	-9960	-5244
3840	-9190	-5228
3840	-8815	-5255
3840	-9150	-5137
3840	-8755	-5113
3840	-9420	-5041
3840	-9100	-5130
3840	-8825	-5066
3840	-8695	-4982
3840	-9165	-5177
3840	-9115	-5091
3840	-9085	-5110
3840	-9415	-5303
3840	-8795	-5068
3840	-8640	-5158
3840	-9090	-5128
3840	-9320	-5333
3840	-9505	-5356
3840	-9730	-5436
3840	-9185	-5461
3840	-9630	-5257
3840	-9085	-5038
3840	-9345	-5290
3840	-9190	-5293
3840	-8920	-5224
3840	-9005	-5101
3840	-9505	-4906
3840	-9340	-5156
3840	-9190	-5003
3840	-9220	-5285
3840	-9055	-5405
3840	-8690	-5263
3840	-8785	-5350
3840	-9165	-5039
3840	-8955	-5123
3840	-9320	-5206
3840	-9010	-5076
3840	-8945	-5201
3840	-9085	-5023
3840	-9200	-5357
3840	-9170	-5143
3840	-9060	-5142
3840	-9270	-5141
3840	-8725	-5035
3880	-9085	-5085
3880	-9310	-5113
3880	-9285	-5075
3880	-9065	-5033
3880	-9080	-5170
3880	-9290	-5112
3880	-8625	-4892
3880	-9150	-4974
3880	-9330	-4870
3880	-9170	-4756
3880	-9120	-4958
3880	-9490	-4975
3880	-8950	-4859
3880	-8830	-4812
3880	-9065	-4896
3880	-9170	-5048
3880	-9030	-5065
3880	-8960	-5047
3880	-9430	-4977
3880	-9005	-4879
3880	-8795	-4617
3880	-9140	-4691
3880	-9030	-4723
3880	-8995	-4639
3880	-9300	-4806
3880	-8255	-4722
3880	-9185	-4928
3880	-9085	-4945
3880	-8925	-4835
3880	-9015	-4845
3880	-8765	-5008
3880	-9285	-5009
3880	-8945	-4834
3880	-9660	-4976
3880	-8955	-4920
3880	-9395	-4966
3880	-9080	-5001
3880	-9185	-4677
3880	-9525	-4893
3880	-9100	-4786
3880	-8860	-4776
3880	-9005	-4954
3880	-9085	-4810
3880	-8695	-4683
3880	-9040	-4726
3880	-9080	-5005
3880	-9130	-4578
3880	-8945	-4637
3880	-9900	-4850
3880	-8950	-4727
3880	-8720	-4623
3880	-8935	-4450
3880	-9245	-4523
3880	-8990	-4448
3880	-8830	-4644
3880	-9765	-4640
3880	-8865	-4721
3880	-9055	-4684
3880	-8935	-4889
3880	-8950	-4577
3880	-8795	-4509
3880	-9190	-4554
3880	-8860	-4604
3880	-9130	-4508
3880	-9215	-4621
3880	-9255	-4496
3880	-9055	-4442
3880	-8715	-4480
3880	-9090	-4429
3880	-8705	-4310
3880	-9185	-4536
3880	-8640	-4186
3880	-9085	-4236
3880	-9065	-4519
3880	-8760	-4455
3880	-9235	-4525
3880	-8960	-4629
3880	-9165	-4517
3880	-9080	-4529
3880	-9795	-4758
3880	-8945	-4814
3880	-9010	-4809
3880	-9230	-4648
3880	-9340	-4612
3880	-9530	-4578
3880	-8805	-4456
3880	-8985	-4394
3880	-9625	-4505
3880	-9030	-4463
3880	-8950	-4584
3880	-9200	-4459
3880	-9665	-4573
3880	-8615	-4403
3880	-8750	-4535
3880	-8670	-4209
3880	-8615	-4317
3880	-9560	-4797
3880	-9365	-4654
3880	-9185	-4579
3880	-8930	-4467
3880	-9040	-4320
3880	-9040	-4462
3880	-9265	-4651
3880	-9165	-4640
3880	-9220	-4653
3880	-9200	-4873
3880	-8485	-4658
3880	-9075	-4655
3880	-8980	-4598
3880	-8955	-4659
3880	-9030	-4894
3880	-8255	-4653
3880	-8915	-4858
3880	-9125	-4634
3880	-9230	-4861
3880	-9215	-4713
3880	-9190	-4596
3880	-8920	-4363
3880	-8180	-4218
3880	-8990	-4389
3880	-9215	-4682
3880	-9150	-4516
3880	-8945	-4539
3880	-9495	-4635
3880	-9035	-4585
3880	-9105	-4644
3880	-9055	-4717
3880	-9095	-4748
3880	-9590	-4375
3880	-8705	-4453
3880	-9270	-4337
3880	-9100	-4461
3880	-8655	-4407
3880	-9495	-4397
3880	-9005	-4181
3880	-8855	-4241
3880	-9085	-4359
3880	-9220	-4454
3880	-8830	-4620
3880	-9130	-4672
3880	-9490	-4623
3880	-8780	-4644
3880	-9515	-4377
3880	-8395	-4264
3880	-8900	-4239
3880	-9060	-4457
3880	-8480	-4160
3880	-8850	-4482
3880	-8680	-4392
3880	-8605	-4750
3880	-9350	-4674
3880	-8365	-4494
3880	-8795	-4786
3880	-9330	-4670
3880	-8935	-4515
3880	-9080	-4639
3880	-8975	-4728
3880	-9185	-4853
3880	-9190	-4609
3880	-9140	-4591
3880	-9015	-4358
3880	-8885	-4149
3880	-8800	-4230
4110	-9130	-4162
4110	-9200	-3972
4110	-8860	-4190
4110	-8490	-4157
4110	-8660	-4147
4110	-8965	-4257
4110	-9005	-4434
4110	-9050	-4125
4110	-9710	-4332
4110	-8930	-3869
4110	-8885	-3719
4110	-9000	-3693
4110	-8765	-3997
4110	-8515	-3846
4110	-9900	-3760
4110	-8845	-3759
4110	-9235	-3794
4110	-8800	-3781
4110	-8835	-3968
4110	-8710	-4320
4110	-8645	-3988
4110	-9050	-4347
4110	-9425	-4188
4110	-8970	-4244
4110	-9155	-4184
4110	-8900	-4241
4110	-8560	-4048
4110	-8655	-4108
4110	-9010	-4315
4110	-8735	-3951
4110	-9160	-3929
4110	-8555	-3754
4110	-8885	-3502
4110	-9290	-3798
4110	-8740	-3901
4110	-8895	-3734
4110	-8820	-3807
4110	-8690	-3991
4110	-9200	-4164
4110	-8765	-4263
4110	-9095	-4005
4110	-8860	-3734
4110	-9375	-3926
4110	-8990	-3906
4110	-9420	-3823
4110	-9165	-4112
4110	-8685	-3738
4110	-8875	-3662
4110	-8645	-3765
4110	-9085	-3742
4110	-8790	-3379
4110	-8775	-3710
4110	-8855	-3967
4110	-8935	-3811
4110	-9070	-3687
4110	-8770	-3630
4110	-8415	-3963
4110	-8890	-4000
4110	-8850	-3776
4110	-9000	-3921
4110	-8445	-3600
4110	-8695	-3361
4110	-8625	-3512
4110	-8805	-3388
4110	-9260	-3296
4110	-9030	-3744
4110	-8610	-3712
4110	-8480	-3743
4110	-8400	-3719
4110	-8805	-3869
4110	-8125	-3315
4110	-9070	-3646
4110	-8780	-3529
4110	-8430	-3455
4110	-9860	-3579
4110	-8725	-3820
4110	-8950	-3634
4110	-8830	-3512
4110	-9235	-3466
4110	-8285	-3883
4110	-8650	-3587
4110	-8780	-3869
4110	-8765	-3528
4110	-8925	-3277
4110	-8610	-3744
4110	-8695	-3929
4110	-8595	-3592
4110	-9070	-3435
4110	-9135	-3481
4110	-8765	-3497
4110	-8580	-3500
4110	-8880	-3388
4110	-8645	-3454
4110	-9230	-3300
4370	-9285	-3428
4370	-8930	-3557
4370	-8935	-3670
4370	-8985	-3589
4370	-8855	-3478
4370	-8790	-3709
4370	-8545	-3503
4370	-9230	-3823
4370	-8760	-3373
4370	-8715	-3647
4370	-8520	-3739
4370	-8975	-4023
4370	-8870	-3713
4370	-8885	-3779
4370	-8480	-3814
4370	-8480	-3839
4370	-8795	-3673
4370	-9695	-3509
4370	-8465	-3876
4370	-9320	-3681
4370	-8660	-3673
4370	-8715	-3577
4370	-9565	-3570
4370	-8875	-3451
4370	-8785	-3585
4370	-8040	-3308
4370	-8930	-3496
4370	-8755	-3653
4370	-8880	-3793
4370	-8895	-3961
4370	-8920	-3526
4370	-8290	-3226
4440	-8890	-3092
4440	-8430	-3178
4440	-8180	-2952
4440	-8670	-2896
4440	-8820	-3266
4440	-8775	-3331
4440	-8650	-3333
4440	-8815	-3443
4440	-9310	-3359
4440	-8360	-3293
4440	-9070	-3084
4440	-9085	-3511
4440	-9160	-3389
4440	-8780	-3388
4440	-8585	-3232
4570	-9155	-3035
4570	-8685	-2977
4570	-8975	-2981
4570	-8665	-2659
4570	-9105	-2759
4570	-9185	-3052
4570	-9280	-3094
4570	-9630	-3154
4570	-9050	-3075
4570	-9085	-3269
4570	-8845	-3185
4570	-8915	-2842
4570	-9560	-2524
4570	-8995	-3111
4570	-8320	-2774
4570	-8830	-2491
4570	-8895	-2584
4570	-8495	-2742
4570	-8155	-2707
4570	-8490	-2507
4570	-8980	-2718
4570	-9085	-2520
4570	-8685	-2697
4570	-8680	-2480
4570	-8815	-2871
4570	-8680	-2609
4570	-8825	-2387
4570	-8620	-2537
4570	-9595	-2765
4570	-9355	-2544
4570	-8930	-2692
4570	-8520	-2377
4770	-9170	-2680
4770	-8375	-2464
4770	-8985	-2886
4900	-8965	-2895
4900	-8835	-2795
4900	-9005	-2618
4900	-9050	-2732
5220	-8750	-2797
5220	-8735	-3128
5220	-7865	-3224
5220	-8915	-2849
5220	-8675	-2501
5220	-8080	-2396
5220	-9070	-2610
5220	-9165	-2034
5220	-8630	-2462
5220	-8740	-2481
5220	-8220	-2272
5220	-8415	-1964
5220	-8380	-1931
5220	-9570	-1716
5220	-7745	-1955
5220	-8965	-2236
5220	-7715	-1943
5350	-8755	-2113
5350	-8270	-1916
5350	-8100	-1837
5480	-8175	-1859
5480	-8525	-1961
5480	-8725	-1813
5480	-8350	-2172
5480	-8795	-2235
5480	-9065	-1983
5480	-9100	-2100
5480	-8965	-1687
5480	-7965	-2091
5480	-8740	-2221
5480	-8355	-2240
5480	-8190	-2391
5480	-9205	-2399
5480	-9130	-2236
5480	-8685	-2254
5480	-8840	-2005
5480	-8135	-1973
5480	-8745	-2009
5480	-9420	-2028
5480	-8720	-1810
5480	-8650	-2006
5480	-8375	-1970
5480	-9320	-1998
5480	-8245	-1929
5480	-8620	-1324
5480	-9145	-1475
5480	-8185	-1916
5480	-8090	-1903
5480	-8355	-1897
5480	-8685	-1893
5480	-8865	-2385
5480	-8680	-1998
5480	-8840	-1812
5480	-8590	-1669
5480	-9090	-1858
5480	-8210	-2008
5480	-8505	-2106
5480	-9420	-2344
5480	-8395	-2096
5480	-8680	-2383
5480	-9075	-2516
5480	-8790	-2516
5480	-8650	-2301
5480	-8965	-2289
5480	-8355	-2341
5480	-7775	-2165
5480	-8690	-2171
5480	-8950	-2117
5480	-8580	-1889
5480	-9130	-1794
5480	-7425	-1499
5480	-8250	-2036
5480	-8870	-2183
5480	-8470	-1971
5480	-9280	-1655
5480	-8330	-1827
5480	-8265	-1931
5480	-8515	-1612
5610	-7955	-1937
5610	-8285	-1897
5610	-8730	-2028
5610	-8880	-1752
5610	-8695	-1801
5610	-9590	-1592
5610	-8850	-1637
5610	-8430	-1739
5610	-8675	-1353
5610	-8345	-1044
5610	-7870	-1142
5610	-7745	-878
5610	-8410	-1184
5610	-7785	-1338
5610	-8245	-1366
5610	-7885	-1448
5610	-8385	-1635
5610	-8275	-1882
5610	-8505	-1577
5610	-8415	-1472
5610	-8345	-1246
5610	-7460	-1326
5610	-8475	-1641
5610	-8665	-1377
5610	-7695	-998
5610	-8880	-1261
5610	-8295	-1306
5610	-7805	-1089
5610	-7850	-1019
5610	-7955	-757
5610	-8550	-930
5610	-8430	-1061
5610	-8780	-1476
5610	-8570	-1170
5610	-8275	-777
5610	-8720	-1253
5610	-8160	-783
5610	-8140	-890
5610	-8315	-983
5610	-8625	-1196
5610	-8010	-1098
5610	-8490	-1083
5610	-8645	-1529
5610	-8520	-1324
5610	-8315	-922
5610	-7865	-1122
5610	-8785	-1148
5610	-7740	-842
5610	-8355	-1110
5610	-8615	-1349
5610	-9420	-1176
5610	-8115	-1037
5610	-9070	-688
5610	-8965	-903
5610	-8915	-492
5610	-7875	-704
5610	-8955	-710
5610	-7615	-813
5610	-8765	-1558
5610	-8545	-1462
5610	-8375	-1000
5740	-8360	-963
5740	-8910	-766
5740	-8475	-773
5740	-7930	-690
5740	-8195	-945
5740	-8790	-529
5740	-8255	-784
5740	-8555	-577
5740	-9155	-839
5740	-8615	-373
5740	-9005	-422
5740	-7905	-724
5740	-8250	-836
5740	-8550	-617
5740	-8925	-749
5740	-8375	-1348
5740	-8080	-977
5740	-8815	-585
5740	-8970	-154
5740	-8190	-345
5740	-8595	-472
5740	-8105	-608
5740	-8285	-613
5740	-8120	-715
5740	-7875	-489
5740	-8255	-421
5740	-8895	-523
5740	-8045	-445
5740	-7955	-444
5740	-8005	-579
5740	-7745	-705
5740	-8580	-278
5740	-8745	-361
5740	-8025	-358
5740	-8310	-988
5740	-8315	-460
5740	-7950	-350
5740	-7820	-512
5740	-7845	-213
5740	-8615	-507
5740	-8125	15
5740	-8185	229
5740	-8400	-188
5740	-8525	75
5740	-8730	-366
5740	-7860	-332
5740	-8545	-280
5740	-7675	-140
5740	-7735	-49
5740	-8315	164
5740	-8120	355
5740	-7905	103
5740	-8270	-120
5740	-8175	102
5740	-7910	-93
5740	-8360	-5
5740	-7540	-258
5740	-8175	-96
5740	-8590	-78
5740	-8615	-257
5740	-8780	297
5740	-7640	330
5740	-8475	-672
5740	-9035	-830
5740	-7990	-555
5740	-7995	-250
5740	-8015	-580
5740	-8270	-210
5740	-7980	269
5740	-8590	-61
5740	-8310	-120
5740	-8445	-178
5740	-8425	-96
5740	-8360	215
5740	-7635	-152
5740	-7785	-104
5740	-8510	-253
5740	-8095	-247
5740	-7975	-380
5740	-8865	-276
5740	-8170	25
5740	-8615	-333
5740	-7415	-314
5740	-7625	334
5740	-8370	504
5740	-7410	450
5740	-8005	293
5740	-8315	-292
5740	-8150	-227
5740	-7790	-43
5740	-8265	13
5740	-8055	385
5740	-7610	39
5740	-7970	571
5740	-8040	362
5740	-8405	459
5740	-7145	364
5740	-7740	48
5740	-8345	511
5740	-7705	495
5740	-7420	726
5740	-7920	523
5740	-7645	552
5740	-7495	395
5740	-7710	577
5740	-8195	630
5740	-8085	858
5740	-8290	393
5740	-8815	129
5740	-7625	300
5740	-7600	472
5740	-8335	326
5740	-7660	187
5740	-8275	275
5740	-8040	268
5740	-6725	975
5740	-8085	631
5740	-6895	763
5740	-6675	534
5740	-7035	525
5740	-7375	747
5740	-9030	485
5740	-6990	658
5740	-8440	355
5740	-7405	860
5740	-7400	974
5740	-7830	1019
5740	-8490	943
5740	-8095	873
5740	-7325	1037
5740	-6685	917
5740	-7100	653
5740	-7325	938
5740	-8950	612
5740	-7515	938
5740	-7075	1151
5740	-7890	1209
5740	-7180	1261
5740	-7845	1064
5740	-9165	1076
5740	-7340	1549
5740	-7485	1618
5740	-7665	922
5740	-7845	761
5740	-7520	1079
5740	-7735	875
5740	-7260	1208
5740	-7410	1272
5740	-8520	1536
5740	-7675	1536
5740	-7690	1638
5740	-7155	1323
5740	-8040	1409
5740	-7725	1366
5740	-8060	1360
5740	-8340	1107
5740	-6380	855
5740	-7445	981
5740	-8245	1232
5740	-7510	1262
5740	-7295	1341
5740	-7130	1197
5740	-7565	1009
5740	-7530	1346
5740	-8240	860
5740	-7970	866
5740	-7970	1647
5740	-7200	1492
5740	-7165	1535
5740	-8400	1632
5740	-7740	1328
5740	-7910	1127
5740	-7365	1347
5740	-8230	1680
5740	-6805	1606
5740	-7555	1517
5740	-6755	1729
5740	-7795	1941
5740	-7735	2138
5740	-7540	2501
5740	-7675	2274
5740	-7090	1749
5740	-7935	1569
5740	-4880	1674
5740	-8130	1541
5740	-7955	1567
5740	-6250	1885
5740	-7575	1434
5740	-6460	2235
5740	-7930	1297
5740	-7505	1738
5740	-6260	2268
5740	-6935	2004
5740	-6570	2209
5740	-6715	1677
5740	-8235	1420
5740	-6720	1750
5740	-7065	1427
5740	-7420	1440
5740	-7170	1572
5740	-6210	1682
5740	-7780	1539
5740	-5810	1618
5740	-6675	1607
5740	-7330	1326
5740	-7585	1464
5740	-7550	1046
5740	-6725	1271
5740	-6880	1577
5740	-6515	1882
5740	-4065	1680
5740	-6825	1921
5740	-6380	1987
5740	-6605	2068
5740	-7080	2304
5740	-6740	2090
5740	-6995	1735
5740	-7700	1820
5740	-6820	1816
5740	-5785	1958
5740	-8345	2389
5740	-6600	1996
5740	-6330	2021
5740	-6485	1813
5740	-7080	2004
5740	-7090	2053
5740	-7230	1975
5740	-6975	2158
5740	-7585	2073
5740	-6670	2199
5740	-6735	2177
5740	-5180	2090
5740	-7125	1749
5740	-7225	1813
5740	-6165	1845
5740	-6690	1780
5740	-6840	2141
5740	-6925	1840
5740	-8745	1816
5740	-8680	2157
5740	-9355	2655
5740	-8385	2498
5740	-3635	2917
5740	-4110	2832
5740	-7435	3016
5740	-6255	3426
5740	-5995	3061
5740	-7375	3308
5740	-8235	3063
5740	-8120	3114
5740	-7535	2796
5740	-6690	2805
5740	-6855	2855
5740	-6440	2708
5740	-7715	3049
5740	-5495	2833
5740	-7975	2511
5740	-8260	2612
5740	-6730	2410
5740	-7675	3014
5740	-6130	3228
5740	-7315	3170
5740	-6635	2965
5740	-8045	2989
5740	-6370	2924
5740	-7835	2739
5740	-8460	2329
5740	-7545	2216
5740	-8390	2231
5740	-7065	2715
5740	-4505	3056
5740	-5590	3229
5740	-6625	3538
5740	-6605	3032
5740	-6200	3121
5740	-7800	2530
5740	-6755	2803
5740	-5030	3231
5740	-3695	3328
5740	-6830	3269
5740	-6340	2999
5740	-6415	2951
5740	-4075	2951
5740	-4600	3061
5740	-6545	2653
5740	-6280	2862
5740	-6735	2607
5740	-8175	2692
5740	-6500	2801
5740	-4235	3597
5740	-7695	3151
5740	-5885	3404
5740	-5630	3552
5740	-5865	3160
5740	-6660	3232
5740	-7705	2812
5740	-7270	2604
5740	-6780	2726
5740	-7755	2420
5740	-7305	2961
5740	-3955	3255
5740	-6675	3122
5740	-6435	3257
5740	-7290	3037
5740	-6115	3596
5740	-7360	3406
5740	-6730	3211
5740	-7625	3091
5740	-6850	3176
5740	-7675	3300
5740	-7480	2840
5740	-6985	2590
5740	-7580	2694
5740	-8005	3229
5740	-6785	3150
5740	-8030	2971
5740	-7405	2642
5740	-7415	2956
5740	-7085	3197
5740	-6945	2967
5740	-7045	3162
5740	-5395	2995
5740	-5675	3129
5740	-7450	2726
5740	-7200	2794
5740	-6470	3056
5740	-6975	3116
5740	-6750	2772
5740	-7115	3265
5740	-7205	2463
5740	-6980	2575
5740	-5595	2337
5740	-6525	3520
5740	-7335	3284
5740	-6065	3422
5740	-5350	3241
5740	-7060	2935
5740	-7505	3493
5740	-7040	3263
5740	-8395	2754
5740	-8185	2197
5740	-5740	3259
5740	-6660	3413
5740	-7950	3154
5740	-7655	2872
5740	-6715	2937
5740	-6955	2926
5740	-7730	2789
5740	-8155	3013
5740	-7760	3351
5740	-7160	3067
5740	-7100	3453
5740	-6955	3016
5740	-6775	3350
5740	-5775	2752
5740	-8855	3045
5740	-7350	3309
5740	-6980	3643
5740	-6095	3546
5740	-7165	2852
5740	-7530	3093
5740	-6510	4045
5740	-7490	3384
5740	-6725	3229
5740	-6375	3617
5740	-7195	3786
5740	-3930	4258
5740	-4615	4057
5740	-3995	4319
5740	-4270	4122
5740	-7835	4163
5740	-7885	3654
5740	-8140	3719
5740	-5240	3794
5740	-7835	3294
5740	-6130	4087
5740	-4135	4022
5740	-7185	3685
5740	-6510	3088
5740	-8095	3695
5740	-7060	4046
5740	-3930	3974
5740	-4005	4208
5740	-7105	3897
5740	-6750	4132
5740	-7940	4332
5740	-7445	4036
5740	-7795	3577
5740	-6505	3705
5740	-7850	3787
5740	-7650	3860
5740	-7530	3803
5740	-7085	3852
5740	-6655	3881
5740	-7415	3467
5740	-7160	3939
5740	-7240	4175
5740	-6610	3888
5740	-7545	4074
5740	-7705	3973
5740	-7490	4526
5740	-7145	4257
5740	-2930	4771
5740	-7520	3909
5740	-7340	4284
5740	-6035	4241
5740	-7760	4136
5740	-7195	4332
5740	-7260	4327
5740	-7785	4014
5740	-7235	4414
5740	-7310	4365
5740	-5710	4544
5740	-7360	4475
5740	-7605	4073
5740	-6940	4360
5740	-6505	3932
5740	-6455	3988
5740	-7410	4264
5740	-6470	4152
5740	-6940	4200
5740	-7755	4357
5740	-6910	3971
5740	-7340	4055
5740	-7570	4144
5740	-6825	4117
5740	-7990	4171
5740	-7735	4702
5740	-7735	4739
5740	-3400	4612
5740	-7200	4676
5740	-7830	4299
5740	-7195	4104
5740	-7470	4402
5740	-7155	4693
5740	-6230	4538
5740	-7195	4369
5740	-5680	5084
5740	-7125	4599
5740	-6145	4569
5740	-6975	4632
5740	-6805	4584
5740	-7790	4466
5740	-5740	4761
5740	-7520	4600
5740	-6690	4291
5740	-7675	4573
5740	-6715	4406
5740	-7430	4436
5740	-7195	4349
5740	-6055	4806
5740	-6625	4899
5740	-6395	4403
5740	-6705	4689
5740	-3020	4834
5740	-6285	4788
5740	-6445	4541
5740	-7055	4778
5740	-5645	5000
5740	-6895	4939
5740	-6585	4774
5740	-5770	4732
5740	-6255	5119
5740	-5725	5197
5740	-6595	4659
5740	-6905	5130
5740	-6870	5035
5740	-7440	5068
5740	-5525	5411
5740	-5685	5041
5740	-6515	4975
5740	-5870	5101
5740	-3425	5138
5740	-6645	4682
5740	-6650	5027
5740	-6765	4714
5740	-6785	5050
5740	-6370	5268
5740	-5700	5106
5740	-4520	5002
5740	-6405	5111
5740	-6495	4618
5740	-6320	4735
5740	-7010	4910
5740	-6505	5054
5740	-6520	4667
5740	-6875	4906
5740	-5515	4818
5740	-5420	5087
5740	-5830	5593
5740	10	5467
5740	-6520	5222
5740	-5105	5465
5740	-5470	5166
5740	-5770	5341
5740	-5995	5456
5740	-6445	5267
5740	-4770	5355
5740	-6335	5339
5740	-5465	5337
5740	-6410	5109
5740	-6425	5369
5740	-3765	5352
5740	-6775	5246
5740	-5840	5456
5740	-4825	5386
5740	-4480	5342
5740	-6425	5108
5740	-4070	5463
5740	-5980	5276
5740	-6735	5078
5740	-4105	5106
5740	-4450	5309
5740	-3595	5376
5740	-3790	5481
5740	-4425	5249
5740	-6425	5361
5740	-6735	5212
5740	-5065	5116
5740	-5305	5050
5740	-6760	5172
5740	-6055	5264
5740	-5830	5395
5740	-4415	5267
5740	-4845	4911
5740	-4670	5229
5740	-6980	5205
5740	-5995	5064
5740	-4105	5459
5740	-3595	5336
5740	-2545	5678
5740	-4415	5111
5740	-3790	5348
5740	-6320	5360
5740	-2945	5602
5740	-2745	5521
5740	-6380	5335
5740	-6230	5299
5740	-4825	5471
5740	-4490	5069
5740	-4950	5496
5740	-6085	5188
5740	-5580	4996
5740	-5875	5052
5740	-6515	5429
5740	-4415	5240
5740	-4425	5158
5740	-4070	5501
5740	-3685	5309
5740	-5685	5014
5740	-6465	5125
5740	-4260	5589
5740	-5465	5260
5740	-5510	5364
5740	-5095	5480
5740	-5625	5289
5740	-6230	5244
5740	-3595	5340
5740	-4525	5103
5740	-5095	5374
5740	-4875	5169
5740	-5875	5361
5740	-5965	5444
5740	-4525	5304
5740	-4950	5380
5740	-5465	5145
5740	-5465	5292
5740	-3595	5492
5740	-5005	5224
5740	-6655	5227
5740	-5995	5358
5740	-3595	5151
5740	-3790	5204
5740	-5325	5423
5740	-5030	5024
5740	-4475	5204
5740	-5095	5302
5740	-3330	5304
5740	-6335	5459
5740	-4950	5035
5740	-6085	5181
5740	-3490	5211
5740	-2945	5327
5740	-4565	5546
5740	-4425	5423
5740	-5535	5098
5740	-4875	5296
5740	-6300	5502
5740	-4875	5141
5740	-5290	5216
5740	-2945	5528
5740	-4875	5240
5740	-5685	5165
5740	-6035	5240
5740	-5625	5279
5740	-6055	5370
5740	-5995	5464
5740	-4770	5191
5740	-5260	5112
5740	-5920	5200
5740	-4950	5346
5740	-4320	5193
5740	-5510	5253
5740	-6410	5132
5740	-5405	5291
5740	-5260	4902
5740	-6760	5021
5740	-5365	5301
5740	-6735	5219
5740	-6735	5162
5740	-3490	5303
5740	-2945	5350
5740	-4525	5077
5740	-4875	5371
5740	-3790	5513
5740	-4990	5320
5740	-5075	5327
5740	-5405	5043
5740	-5425	5275
5740	-5095	5270
5740	-6760	5221
5740	-6760	5348
5740	-5890	5165
5740	-4635	5318
5740	-5105	5077
5740	-5995	5243
5740	-6410	4956
5740	-4415	5205
5740	-5995	5143
5740	-6425	5125
5740	-4070	5385
5740	-6425	5123
5740	-5260	5202
5740	-5995	5311
5740	-4670	5132
5740	-2545	5230
5740	-6275	5337
5740	-4565	5374
5740	-5095	5132
5740	-4950	5438
5740	-5360	5291
5740	-6380	5389
5740	-6335	5082
5740	-6515	4975
5740	-2945	5412
5740	-6085	5210
5740	-4415	5384
5740	-3790	5324
5740	-5510	5335
5740	-6065	5298
5740	-4425	5262
5740	-6515	5276
5740	-5465	5260
5740	-4415	5167
5740	-5565	5075
5740	-3645	5478
5740	-2930	5407
5740	-2945	5193
5740	-6230	5316
5740	-4770	5345
5740	-2930	5367
5740	-6515	5154
5740	-4670	5052
5740	-5005	5187
5740	-4415	5181
5740	-4450	5359
5740	-4260	5183
5740	-5965	5086
5740	-6760	5210
5740	-6520	5113
5740	-6515	5112
5740	-2485	5512
5740	-4950	5308
5740	-6425	5031
5740	-3330	5420
5740	-5465	5166
5740	-6230	5418
5740	-4990	5360
5740	-6140	5096
5740	-3685	5428
5740	-5095	5291
5740	-3790	5256
5740	-5350	5186
5740	-5995	5222
5740	-4950	4844
5740	-3490	5409
5740	-4565	5079
5740	-3790	5381
5740	-4565	5026
5740	-5465	5307
5740	-4875	5122
5740	-6525	5052
5740	-5360	5141
5740	-5105	4915
5740	-5130	5163
5740	-6735	5265
5740	-2545	5442
5740	-6055	4901
5740	-6300	5215
5740	-4670	4802
5740	-5685	5120
5740	-5030	5153
5740	-6520	5104
5740	-4565	5298
5740	-6410	5278
5740	-5095	5202
5740	-4875	5280
5740	-4875	5089
5740	-3790	5383
5740	-6275	5089
5740	-6055	5135
5740	-4415	5232
5740	-4565	4775
5740	-6735	5256
5740	-4850	5252
5740	-6410	4797
5740	-5290	4999
5740	-5815	5231
5740	-4865	4885
5740	-6735	4937
5740	-5245	5126
5740	-4465	5220
5740	-3790	5255
5740	-4950	5099
5740	-3595	5342
5740	-4990	5249
5740	-5995	5104
5740	-6425	5087
5740	-6380	4923
5740	-4670	4949
5740	-2945	5227
5740	-4425	5289
5740	-6230	5369
5740	-4670	5216
5740	-6275	5041
5740	-6410	5134
5740	-3790	5003
5740	-5530	5108
5740	-5290	5210
5740	-5105	4972
5740	-6085	5149
5740	-5095	5165
5740	-3790	5154
5740	-5580	5371
5740	-5605	5206
5740	-2840	5384
5740	-4070	5194
5740	-3595	5348
5740	-5095	4983
5740	-6425	5143
5740	-6275	4798
5740	-4260	5125
5740	-6425	5075
5740	-3790	5329
5740	-4345	5219
5740	-6760	5221
5740	-6735	5003
5740	-5465	4913
5740	-6375	5194
5740	-4875	5060
5740	-6335	4920
5740	-6515	5034
5740	-5365	5239
5740	-4670	4910
5740	-5095	5115
5740	-3790	5241
5740	-3595	5094
5740	-5995	5183
5740	-5095	5029
5740	-6425	5191
5740	-6515	5247
5740	-6735	4782
5740	-4000	5054
5740	-6085	4856
5740	-4490	5300
5740	-5920	4715
5740	-4950	5166
5740	-6515	4988
5740	-6420	5222
5740	-4950	5201
5740	-3595	5393
5740	-6465	4980
5740	-5980	4549
5740	-3890	5383
5740	-6515	5065
5740	-4670	5224
5740	-6375	4977
5740	-5225	4891
5740	-5995	5126
5740	-4950	4861
5740	-5365	5214
5740	-6085	5028
5740	-6515	5007
5740	-4220	4990
5740	-4260	5280
5740	-6320	5139
5740	-4260	4980
5740	-2945	5408
5740	-4490	4924
5740	-2945	4987
5740	-6085	5129
5740	-4415	5228
5740	-5465	5189
5740	-6245	5211
5740	-4220	5005
5740	-5565	5375
5740	-5565	5063
5740	-6410	4767
5740	-4720	5342
5740	-6515	4783
5740	-5460	5203
5740	-3595	5061
5740	-5095	4976
5740	-6735	5088
5740	-4415	5313
5740	-5685	5351
5740	-5980	4941
5740	-5535	4763
5740	-6630	4778
5740	-3790	5144
5740	-4220	5289
5740	-5185	5042
5740	-5510	4820
5740	-4875	5196
5740	-4065	5429
5740	-5070	5227
5740	-5580	5087
5740	-4415	5336
5740	-6655	5157
5740	-4450	4966
5740	-4425	5070
5740	-5095	4887
5740	-5995	5230
5740	-3955	5156
5740	-5205	5319
5740	-5685	4981
5740	-6055	4839
5740	-5360	4933
5740	-6035	4861
5740	-4950	5215
5740	-4955	5165
5740	-4950	5216
5740	-4565	4930
5740	-4670	5195
5740	-6515	4610
5740	-4720	5195
5740	-5995	5245
5740	-5980	4804
5740	-3790	5273
5740	-4565	4991
5740	-5465	5291
5740	-6275	5045
5740	-4220	5176
5740	-6420	4948
5740	-4465	5183
5740	-3475	5344
5740	-3790	5015
5740	-6320	4882
5740	-3790	4958
5740	-6035	4835
5740	-5995	4485
5740	-5095	5230
5740	-6735	4750
5740	-6425	4885
5740	-5070	4999
5740	-5465	4988
5740	-4425	5005
5740	-6140	5094
5740	-4260	5214
5740	-4320	5186
5740	-4450	5075
5740	-4070	4960
5740	-4450	5045
5740	-5205	5179
5740	-4425	5007
5740	-6275	5220
5740	-6515	5218
5740	-3790	5196
5740	-5025	4837
5740	-6515	4895
5740	-5095	5266
5740	-5105	5264
5740	-5995	4920
5740	-4670	4859
5740	-4425	5180
5740	-6515	4861
5740	-4425	4582
5740	-5260	4691
5740	-4525	5034
5740	-2945	5276
5740	-4425	4816
5740	-4825	5161
5740	-5685	5008
5740	-6275	5422
5740	-4875	5177
5740	-4565	5061
5740	-4990	5183
5740	-5325	5107
5740	-2485	5443
5740	-4845	5278
5740	-3685	4938
5740	-5995	4895
5740	-5510	5057
5740	-6085	5091
5740	-6425	4905
5740	-5180	4920
5740	-5030	5164
5740	-4420	5280
5740	-5180	5278
5740	-6335	4993
5740	-5225	4956
5740	-2840	5137
5740	-2930	5260
5740	-3595	5134
5740	-6005	5105
5740	-5310	4960
5740	-4415	5024
5740	-6305	4795
5740	-2945	5456
5740	-5005	4867
5740	-6275	5000
5740	-4450	5279
5740	-6735	4879
5740	-4670	5154
5740	-3790	5271
5740	-4425	4849
5740	-6515	4812
5740	-6515	4749
5740	-6735	4817
5740	-5815	4879
5740	-4415	5369
5740	-5685	5083
5740	-4875	4848
5740	-6735	4614
5740	-6515	5177
5740	-6410	4960
5740	-4425	4913
5740	-6730	4845
5740	-6410	5076
5740	-4465	5420
5740	-5460	4845
5740	-4425	4736
5740	-6300	5286
5740	-4950	4988
5740	-4260	5259
5740	-4990	4824
5740	-6425	5119
5740	-4670	5164
5740	-5510	4902
5740	-3790	5178
5740	-6630	4992
5740	-4875	4881
5740	-6055	4943
5740	-6515	5169
5740	-6335	4870
5740	-3490	4893
5740	-5180	4966
5740	-4875	5282
5740	-4260	5030
5740	-4415	5172
5740	-4990	4775
5740	-5995	4668
5740	-5995	4777
5740	-6515	4841
