-9505	-7780	-8995
-6520	-9710	-8156
-5360	-9315	-7621
-4485	-9345	-7107
-1540	-8830	-6577
-1375	-9310	-6078
-810	-9270	-5175
-645	-9185	-4473
-65	-9170	-4314
65	-10095	-4147
65	-9625	-4016
455	-9035	-3805
455	-9010	-3969
585	-8480	-3523
585	-9240	-3350
585	-8635	-3541
3270	-9265	-3423
3270	-9425	-2913
3670	-9490	-2947
4360	-9500	-2617
4360	-10230	-3236
4360	-8615	-2812
4130	-9090	-2422
4530	-9160	-2450
4530	-8265	-2626
4760	-9895	-2524
4760	-8545	-2309
4500	-10230	-2286
4390	-8920	-2317
4320	-9020	-2914
4120	-8660	-2381
4190	-9095	-2291
4170	-8785	-2580
4040	-9530	-2644
3680	-9795	-2871
3880	-9625	-2854
3750	-8840	-2748
4300	-8680	-2589
4300	-8755	-3038
2820	-9130	-3300
3180	-8730	-2651
3160	-8540	-3044
3840	-8725	-2612
4690	-8720	-2614
4690	-9085	-2493
4690	-8700	-2624
4760	-8280	-2220
4820	-8835	-2342
4820	-9590	-2331
4820	-8415	-2132
4820	-9375	-2292
3900	-9145	-2243
3220	-9590	-2267
3420	-8715	-2674
4470	-9410	-2556
4210	-8910	-2282
3180	-8160	-2109
3580	-8320	-2201
3320	-8800	-2339
3320	-8520	-2329
3520	-8395	-2532
3910	-8435	-2382
3620	-8775	-2731
3930	-9830	-2109
2115	-8475	-2058
3350	-8660	-2292
3220	-8520	-2130
3780	-9155	-2324
4300	-8690	-2007
4200	-8105	-1828
4820	-8870	-1927
4850	-8480	-1740
5080	-8955	-1981
5210	-8150	-1480
5210	-8480	-1843
5210	-8625	-1993
5210	-7850	-1452
5080	-8295	-1365
5210	-8620	-1594
5210	-9200	-1794
5280	-8700	-1419
5280	-9045	-1327
5410	-7915	-909
5280	-8185	-987
5280	-8730	-1120
5280	-8565	-1192
5280	-8610	-1113
5280	-8000	-1079
5280	-7920	-1366
5280	-10100	-1123
5280	-8695	-1015
5350	-8035	-527
5480	-8090	-800
5480	-8730	-805
5480	-9180	-641
5480	-8535	-156
5480	-8370	-713
5480	-8025	-361
5610	-8625	-631
5480	-8830	-692
5480	-8480	-572
5480	-9035	-19
5610	-8000	81
5610	-9420	-174
5610	-8245	-439
5610	-8915	-128
5610	-9590	105
5610	-8445	-10
5610	-8580	-247
5350	-8455	-104
5350	-8880	49
5350	-8490	82
5350	-8485	-50
5350	-8410	-362
5420	-9055	-358
5420	-8355	17
5420	-8350	-365
5610	-8395	-50
5740	-7415	197
5740	-7955	-219
5740	-8625	161
5480	-9145	26
5420	-8350	299
5550	-8645	529
5550	-9475	271
5610	-7335	268
5550	-9725	62
5550	-7950	623
5420	-8580	270
5420	-7355	943
5420	-8040	201
5290	-8275	-284
5290	-8510	138
5290	-8080	248
5290	-8080	342
5280	-8050	109
5280	-8535	100
5220	-8175	216
5220	-8385	13
5220	-7100	-93
5220	-8255	-115
5350	-9025	88
5480	-8975	-310
5480	-8200	-139
5480	-7615	-21
5480	-8675	-190
5480	-8110	-431
5480	-7780	-92
5480	-8865	26
5480	-8930	-378
5610	-9590	-171
5610	-8980	-149
5410	-9465	-579
5610	-8580	-394
5610	-8005	-149
5480	-8180	70
5480	-8375	-152
5480	-8755	-213
5410	-8680	-659
5410	-8360	-1235
5410	-8020	-1147
5410	-9080	-1663
5480	-8935	-1786
5480	-8500	-1285
5480	-8965	-1245
5480	-8910	-785
5510	-9320	-593
5510	-9830	-506
5610	-8490	-517
5610	-9215	-239
5610	-9070	-109
5610	-8775	261
5610	-8005	110
5740	-9120	193
5410	-7505	129
5410	-8690	-201
5410	-8760	-633
5410	-8550	-419
5280	-8390	-614
5640	-8470	-444
5640	-8320	-327
5640	-7655	-634
5640	-9760	-365
5250	-9250	-151
5640	-8725	-425
5640	-8085	-437
5640	-9710	-177
5640	-8665	-58
5640	-8830	-214
5640	-7760	-304
5640	-7790	-462
5640	-8315	-486
5640	-8755	-284
5510	-8710	-429
5510	-8440	-554
5510	-8235	-489
5410	-8680	-195
5480	-8290	148
5610	-8405	396
5480	-7745	695
5740	-8480	425
5510	-8985	784
5380	-8340	536
5480	-8780	764
5510	-7920	904
5640	-8610	930
5640	-9065	767
5640	-8690	284
5640	-9050	214
5410	-8780	-104
5640	-9030	222
5640	-9015	17
5640	-9200	886
5740	-9500	175
5740	-9185	-560
5510	-9455	-147
5510	-7975	67
5510	-8285	145
5640	-8645	770
5510	-8570	533
5640	-9225	147
5640	-8145	122
5510	-8115	194
5510	-10095	146
5640	-9050	554
5640	-8635	249
5640	-8685	561
5610	-8765	357
5510	-8020	-360
5510	-8455	210
5640	-8715	-423
5640	-9420	-275
5640	-8465	-565
5610	-9175	-266
5610	-8995	-752
5610	-8005	-374
5480	-9860	-60
5480	-9625	-107
5480	-8550	-351
5350	-8010	-341
5480	-8885	-267
5480	-8275	-359
5350	-9625	-734
5610	-7920	-456
5610	-8045	-666
5480	-7795	-538
5190	-8390	-973
5190	-8190	-1001
5480	-8295	-1118
5190	-8375	-1184
5090	-8810	-710
5480	-8405	-697
5480	-8925	-511
5480	-9055	-351
5480	-8925	-131
5610	-9175	-351
5610	-9305	-460
5610	-8970	-548
5610	-8555	-935
5610	-9145	-650
5610	-7945	-125
5610	-9590	-192
5610	-8750	-344
5610	-8445	-461
5610	-8815	-223
5610	-9960	28
5610	-9280	-57
5610	-9725	-66
5610	-9860	-344
5610	-8775	-83
5610	-9625	-793
5610	-9525	-182
5480	-8195	-786
5480	-9130	-469
5480	-9195	-320
5480	-9425	-326
5480	-9860	-859
5610	-8950	-296
5610	-9305	-337
5610	-9960	-483
5610	-9165	-195
5610	-9900	495
5610	-9215	1116
5610	-8285	478
5610	-8845	135
5610	-9355	200
5610	-9860	248
5610	-9100	494
5610	-9590	541
5610	-9220	583
5610	-8795	-172
5610	-8245	416
5610	-8870	144
5610	-9185	931
5610	-9440	564
5610	-9490	318
5610	-9695	-76
5610	-8485	124
5610	-8175	-17
5610	-9490	-212
5610	-9210	-589
5610	-8750	-29
5610	-8950	-202
5610	-8620	-385
5740	-8750	-52
5740	-8650	-26
5610	-9395	235
5610	-9425	-13
5610	-9725	152
5610	-8380	168
5610	-8695	507
5740	-9140	619
5740	-8050	312
5740	-8235	279
5740	-8580	368
5740	-8220	577
5740	-9740	628
5740	-8815	534
5740	-8400	675
5740	-8255	617
5740	-9470	-15
5740	-8195	-62
5740	-9105	-565
5740	-9085	-320
5740	-8880	-97
5740	-8545	-399
5740	-8860	27
5740	-8705	268
5740	-9995	222
5740	-8425	565
5740	-9290	241
5740	-8285	-372
5540	-9155	-279
5610	-8675	-121
5610	-9125	23
5610	-9095	-309
5740	-8595	460
5740	-9170	963
5740	-9725	117
5740	-8965	386
5740	-8560	391
5740	-8930	265
5740	-9625	328
5740	-9185	135
5740	-9290	292
5610	-9290	347
5740	-8815	165
5740	-8125	617
5740	-8950	380
5740	-8905	763
5740	-8725	904
5740	-8920	955
5740	-8925	1246
5740	-8710	892
5740	-8650	326
5740	-8990	214
5740	-8795	1045
5740	-8875	595
5740	-9660	528
5740	-8015	933
5740	-9590	1228
5740	-8320	863
5740	-8190	1074
5740	-8220	1405
5740	-8330	714
5740	-7995	842
5740	-8935	1216
5740	-8210	603
5740	-8585	1211
5740	-8405	933
5740	-8510	950
5740	-8215	1121
5740	-7865	889
5740	-8125	1044
5740	-7795	1181
5740	-8820	1292
5740	-8085	739
5740	-8775	724
5740	-8520	712
5740	-8195	601
5740	-8035	950
5740	-8135	950
5740	-8860	1075
5740	-9145	949
5740	-7990	1179
5740	-9420	1040
5740	-8250	718
5740	-8390	1165
5740	-8360	1065
5740	-8375	1172
5740	-7790	1549
5740	-8750	624
5740	-8615	907
5740	-8005	1163
5740	-7860	800
5740	-8985	1125
5740	-9285	921
5740	-8045	1197
5740	-8240	986
5740	-8225	1191
5740	-7820	661
5740	-8790	860
5740	-8090	508
5740	-8875	495
5740	-8320	514
5740	-8090	459
5740	-8025	689
5740	-8545	413
5740	-8120	1089
5740	-8725	932
5740	-8570	485
5740	-8910	1271
5740	-8415	1058
5740	-8375	773
5740	-8290	627
5740	-8875	981
5740	-8680	1194
5740	-9195	653
5740	-8545	652
5740	-9145	635
5610	-8560	1196
5610	-9495	643
5610	-8220	655
5610	-8440	837
5610	-8250	867
5740	-8695	426
5740	-8750	499
5740	-8810	562
5740	-8140	723
5740	-8525	837
5740	-8250	1152
5740	-8525	844
5740	-8880	560
5740	-8660	712
5740	-8450	741
5740	-8795	483
5740	-8325	311
5740	-8915	670
5740	-8615	582
5740	-7865	334
5740	-9040	930
5740	-8380	467
5740	-8510	208
5740	-9555	478
5740	-9520	22
5740	-9090	499
5740	-8505	387
5740	-9500	176
5740	-8450	487
5740	-7870	530
5740	-8655	626
5740	-8780	626
5740	-8745	678
5740	-9170	632
5740	-9120	827
5740	-8440	969
5740	-8095	1014
5740	-9150	954
5740	-7780	790
5740	-8120	809
5740	-8405	1103
5740	-9050	779
5740	-8175	824
5740	-8190	972
5740	-8750	1060
5740	-8105	1359
5740	-8650	504
5740	-8450	640
5740	-9190	402
5740	-8375	312
5740	-8560	879
5740	-7965	823
5740	-9050	825
5740	-7840	660
5740	-8420	585
5740	-8545	142
5610	-8065	467
5540	-8860	637
5540	-9960	291
5540	-9525	-116
5540	-7550	78
5610	-8920	-32
5740	-8585	357
5740	-8520	548
5740	-8240	682
5740	-8340	478
5740	-9390	645
5740	-9220	277
5740	-7920	1202
5740	-7930	883
5740	-9170	1062
5740	-7975	940
5740	-7990	1306
5740	-8680	1079
5740	-7745	1094
5740	-8980	946
5740	-8515	1618
5740	-9425	1545
5740	-8555	1234
5740	-8660	1021
5740	-8755	1029
5740	-8780	1140
5740	-9455	1238
5740	-9185	535
5740	-8655	1078
5740	-8775	1214
5740	-8300	482
5740	-8660	1131
5740	-8780	708
5740	-8455	471
5740	-9590	1107
5740	-8180	1080
5740	-8000	1368
5740	-8495	822
5740	-8645	941
5740	-9285	391
5740	-8475	297
5740	-8140	583
5740	-8005	536
5740	-8875	856
5610	-8585	451
5610	-9385	533
5610	-9390	915
5740	-9130	781
5740	-8140	881
5740	-9455	662
5610	-9660	189
5610	-8950	343
5640	-8180	697
5640	-8750	430
5740	-9830	90
5740	-8715	-307
5740	-8950	214
5740	-8785	215
5740	-8760	223
5740	-9280	-209
5740	-8590	268
5740	-9220	267
5740	-7895	263
5740	-8740	345
5740	-9455	-389
5740	-8300	53
5740	-9255	669
5740	-8795	739
5740	-8940	282
5740	-8525	154
5740	-7785	900
5740	-8485	408
5740	-9050	497
5740	-8090	749
5740	-8055	856
5740	-9340	508
5740	-8430	582
5740	-8275	767
5740	-8685	530
5740	-9045	1266
5740	-9020	785
5740	-9290	1111
5740	-8615	677
5740	-8410	726
5740	-8095	428
5740	-8285	844
5740	-8535	595
5740	-8240	924
5740	-8085	727
5740	-8620	1234
5610	-8760	1058
5740	-8525	1090
5740	-8415	845
5740	-8320	1113
5740	-9555	960
5740	-8660	596
5740	-7475	1328
5740	-8345	1103
5740	-8655	1127
5740	-8800	1012
5740	-9180	1091
5740	-9625	978
5740	-9040	1072
5740	-8480	1250
5740	-8805	620
5740	-9220	939
5740	-8130	855
5740	-9200	674
5740	-9270	193
5740	-8170	1264
5740	-8990	940
5740	-8010	548
5740	-8785	464
5540	-8525	635
5540	-8470	810
5540	-9555	669
5740	-8500	692
5610	-8520	319
5740	-8780	1131
5740	-8460	521
5740	-8110	689
5740	-8160	823
5740	-8610	751
5740	-8550	1035
5740	-8350	862
5740	-7630	887
5740	-8525	1245
5740	-7950	1400
5610	-8210	964
5480	-8860	242
5480	-8980	718
5480	-8765	327
5740	-9225	52
5610	-8660	219
5740	-8510	182
5610	-9320	419
5610	-8850	412
5610	-8940	364
5610	-9930	657
5610	-8410	809
5740	-8455	837
5740	-8595	801
5610	-8945	678
5610	-9355	663
5610	-8880	753
5610	-9070	802
5610	-8350	938
5740	-8530	538
5740	-9455	648
5740	-9205	582
5740	-8845	1377
5740	-9590	824
5740	-9285	754
5740	-8960	934
5610	-9150	396
5740	-8940	631
5610	-8955	586
5610	-9120	864
5610	-8950	789
5610	-8710	961
5610	-8865	995
5740	-9705	767
5740	-8715	1054
5740	-9690	1149
5740	-9390	800
5740	-8340	1315
5740	-8650	1113
5740	-9050	644
5740	-8980	1243
5740	-9050	1198
5740	-9015	1422
5740	-8605	875
5740	-9210	1492
5740	-8820	1237
5740	-8855	1345
5740	-8760	1152
5740	-9285	945
5740	-9420	1236
5740	-8685	1723
5740	-8520	1060
5740	-8895	1441
5740	-9150	1185
5740	-8285	1193
5740	-8875	1110
5740	-9080	1568
5740	-9115	1442
5740	-9125	901
5740	-9020	819
5740	-9795	807
5740	-8575	1083
5740	-8450	775
5740	-9630	889
5740	-8070	1291
5740	-8705	546
5740	-9420	747
5740	-9155	851
5740	-9010	591
5740	-8685	603
5740	-9045	969
5740	-8780	934
5740	-8900	937
5740	-8510	267
5740	-8230	916
5740	-8955	742
5740	-9285	611
5740	-8515	931
5740	-9120	1097
5740	-8960	293
5740	-8850	115
5740	-9150	-43
5740	-9010	751
5740	-8880	777
5740	-9155	146
5740	-8610	1126
5740	-9150	1378
5740	-8415	1029
5740	-7895	1210
5740	-8770	848
5740	-8550	834
5740	-8970	942
5740	-8615	1204
5740	-8170	1133
5740	-8850	1116
5740	-9160	510
5740	-8035	1267
5740	-9085	850
5740	-8595	1262
5740	-8915	1219
5740	-7965	1135
5740	-9095	1329
5740	-8085	1636
5740	-8915	1400
5740	-8380	1535
5740	-8485	1108
5740	-8890	861
5740	-7905	1666
5740	-8655	1771
5740	-8340	1304
5740	-9150	1492
5740	-8845	1228
5740	-8515	1489
5740	-9695	1296
5740	-8390	1535
5740	-8685	1508
5740	-8520	1445
5740	-8025	1384
5740	-8480	1579
5740	-8440	1422
5740	-9195	1398
5740	-8530	1501
5740	-8480	1494
5740	-8360	1210
5740	-8730	1189
5740	-8480	1728
5740	-8540	1330
5740	-8590	1370
5740	-9390	1462
5740	-8270	922
5740	-8575	1944
5740	-8095	1758
5740	-8745	1485
5740	-8480	1732
5740	-8695	1637
5740	-8815	1298
5740	-8675	1682
5740	-8735	1580
5740	-8685	688
5740	-8475	1731
5740	-8370	1482
5740	-8580	795
5740	-8915	675
5740	-9300	324
5740	-8715	646
5740	-8535	693
5740	-9050	469
5740	-8765	325
5740	-8895	383
5740	-8815	235
5740	-8895	134
5740	-8950	-97
5740	-9185	722
5740	-9010	199
5740	-8780	293
5740	-8820	1143
5740	-8490	1074
5740	-8875	1094
5740	-8310	1167
5740	-8125	1213
5740	-8400	1493
5740	-8910	1232
5740	-8990	1558
5740	-8115	1071
5740	-8400	1801
5740	-8840	1269
5740	-8415	1280
5740	-9300	1800
5740	-8745	1292
5740	-9020	1422
5740	-9050	1268
5740	-8320	685
5740	-8905	1510
5740	-8795	1122
5740	-9185	991
5740	-8660	558
5740	-9030	1116
5740	-8765	871
5740	-8400	1087
5740	-8650	430
5740	-8620	542
5740	-8860	747
5740	-9455	522
5740	-9390	885
5740	-9165	1106
5610	-9455	1303
5610	-9660	954
5740	-8775	1349
5740	-8345	1350
5740	-8360	1194
5610	-8655	902
5610	-8280	814
5610	-9795	-14
5740	-8660	198
5740	-8725	664
5740	-8730	566
5740	-9420	35
5740	-9695	529
5610	-9520	-253
5610	-9525	199
5610	-9455	237
5740	-9590	207
5740	-8825	1134
5740	-9230	618
5740	-9435	1051
5740	-9230	1103
5740	-9095	898
5740	-9145	958
5740	-9725	485
5740	-9825	118
5740	-9180	206
5740	-9690	330
5740	-9230	623
5740	-9150	690
5740	-9795	978
5740	-9120	1078
5740	-9830	973
5740	-9825	1030
5740	-9490	443
5740	-8975	709
5740	-9660	1059
5740	-9490	572
5740	-9770	667
5740	-9095	353
5740	-8950	613
5740	-9320	1291
5740	-9460	744
5740	-9525	557
5740	-8630	590
5740	-9540	1069
5740	-9285	1555
5740	-9385	845
5740	-8625	1034
5740	-8615	1053
5740	-9150	800
5740	-9590	518
5740	-8595	834
5740	-9825	1523
5740	-8825	1134
5740	-8915	1083
5740	-9150	854
5740	-9150	1230
5740	-9165	1696
5740	-9335	1028
5740	-9795	1008
5740	-9725	812
5740	-9135	1143
5740	-9255	711
5740	-8935	863
5740	-9590	1091
5740	-9860	1578
5740	-9040	916
5740	-9150	868
5740	-9420	1025
5740	-8745	1156
5740	-9390	911
5740	-8745	1269
5740	-9070	1331
5740	-9370	1480
5740	-9660	1305
5740	-9725	935
5740	-9030	1020
5740	-9175	1079
5740	-9325	1172
5740	-8780	1016
5740	-8995	1172
5740	-8450	1178
5740	-9045	1235
5740	-9130	1450
5740	-9555	1559
5740	-9285	1626
5740	-8880	1956
5740	-8415	1754
5740	-8830	1750
5740	-8545	1429
5740	-9425	851
5740	-9390	861
5740	-9035	1329
5740	-9040	1650
5740	-9015	824
5740	-8940	498
5740	-8995	949
5740	-8940	1376
5740	-8915	1013
5740	-8820	1263
5740	-9120	1123
5740	-9555	1697
5740	-8995	1275
5740	-8780	1365
5740	-8895	1611
5740	-9390	1157
5740	-8780	950
5740	-8955	1996
5740	-8750	1320
5740	-9255	686
5740	-9260	1308
5740	-8815	1491
5740	-9420	1570
5740	-9420	946
5740	-9165	973
5740	-8890	1531
5740	-9825	1294
5740	-8860	1971
5740	-9590	1246
5740	-8860	1129
5740	-9455	1312
5740	-9160	1585
5740	-8860	1273
5740	-9020	1342
5740	-8940	1296
5740	-8355	1556
5740	-9665	1440
5740	-9385	1807
5740	-8440	1366
5740	-8685	1180
5740	-9150	1607
5740	-8880	1390
5740	-8910	1383
5740	-9220	1418
5740	-8845	1612
5740	-8565	1590
5740	-8625	1166
5740	-9420	951
5740	-8860	733
5740	-8510	897
5740	-8760	1035
5740	-9165	1095
5740	-9185	1302
5740	-8415	953
5740	-8245	1454
5740	-9860	886
5740	-9690	752
5740	-9455	1203
5740	-9555	1009
5740	-9355	793
5740	-8880	1198
5740	-8740	724
5740	-8485	307
5740	-9320	547
5740	-9190	769
5740	-8470	792
5740	-8620	1140
5740	-9825	341
5740	-8780	1108
5740	-8880	832
5740	-8610	804
5740	-8980	385
5740	-8680	807
5740	-9320	594
5740	-9355	77
5740	-9690	469
5740	-8645	-116
5740	-9425	755
5740	-9690	952
5740	-8440	466
5740	-8585	1485
5740	-9020	207
5740	-9290	1144
5740	-8520	1298
5740	-8450	1349
5740	-8470	919
5740	-8600	1175
5740	-8990	692
5740	-8850	507
5740	-9320	1529
5740	-9150	1167
5740	-8405	1022
5740	-8580	948
5740	-8725	1112
5740	-8535	304
5740	-8045	915
5740	-8610	667
5740	-8660	676
5740	-8550	1072
5740	-8845	1472
5740	-8470	1628
5740	-7975	1499
5740	-7850	1015
5740	-7975	291
5740	-8085	834
5740	-7660	1265
5740	-8525	676
5740	-9800	701
5740	-8240	1231
5740	-8080	609
5740	-8325	796
5740	-8380	1147
5740	-8475	969
5740	-9360	1297
5740	-8375	1176
5740	-8530	723
5740	-8195	1159
5740	-8545	1160
5740	-9250	927
5740	-8420	968
5740	-9110	399
5740	-8870	1096
5740	-8465	811
5740	-8855	1262
5740	-9285	1108
5740	-8310	956
5740	-8175	1020
5740	-7770	1234
5740	-8455	159
5740	-7935	566
5740	-9010	123
5740	-7680	424
5740	-7655	1431
5740	-8500	1020
5740	-7875	772
5740	-8305	57
5740	-8750	466
5740	-8485	383
5740	-8225	345
5740	-8260	882
5740	-9150	609
5740	-8725	461
5740	-8135	653
5740	-8410	630
5740	-8175	583
5740	-8850	691
5740	-8520	1114
5740	-8525	658
5740	-9360	775
5740	-7915	639
5740	-8445	692
5740	-8110	989
5740	-8925	908
5740	-8985	1077
5740	-8395	571
5740	-8245	476
5740	-8680	436
5740	-8765	533
5740	-8515	-371
5740	-8440	-30
5740	-9250	401
5740	-8610	144
5740	-8225	253
5740	-8880	879
5740	-8995	441
5740	-8150	967
5740	-8750	203
5740	-7930	436
5740	-8435	265
5740	-8780	192
5740	-8795	980
5740	-8495	424
5740	-8045	654
5740	-8245	435
5740	-9220	860
5740	-8245	1223
5740	-9690	1105
5740	-7905	1105
5740	-8020	1005
5740	-8135	1545
5740	-8985	507
5740	-8080	1193
5740	-9420	1005
5740	-8775	1521
5740	-8270	230
5740	-8475	1300
5740	-9150	451
5740	-8415	822
5740	-8375	733
5740	-8505	1244
5740	-8100	318
5740	-8745	747
5740	-8100	462
5740	-9215	649
5740	-8235	839
5740	-8235	679
5740	-8735	520
5740	-8550	264
5740	-8340	1016
5740	-8680	277
5740	-7935	1027
5740	-8150	95
5740	-8560	197
5740	-8480	-66
5740	-8740	389
5740	-8940	731
5740	-8500	969
5740	-8235	597
5740	-8250	1084
5740	-8285	859
5740	-7975	1408
5740	-8040	1329
5740	-8175	840
5740	-8345	344
5740	-8510	957
5740	-8210	1240
5740	-8505	1231
5740	-8055	704
5740	-8075	1311
5740	-8750	176
5740	-8355	1262
5740	-8780	574
5740	-8315	646
5740	-8395	679
5740	-8210	960
5740	-8745	554
5740	-8110	1098
5740	-8500	1545
5740	-8280	1084
5740	-8115	726
5740	-8695	1024
5740	-8620	723
5740	-8640	1563
5740	-8655	1468
5740	-8720	1128
5740	-8245	1536
5740	-8850	1000
5740	-8655	1634
5740	-8655	1440
5740	-9120	950
5740	-9130	682
5740	-8720	1386
5740	-8800	1595
5740	-9415	562
5740	-9255	1446
5740	-9255	1148
5740	-8785	266
5740	-8915	1321
5740	-8570	1163
5740	-8780	840
5740	-9285	801
5740	-9285	286
5740	-8500	928
5740	-8955	583
5740	-9555	1214
5740	-8725	1260
5740	-8800	428
5740	-8915	1310
5740	-9265	674
5740	-8725	462
5740	-8445	632
5740	-8690	1095
5740	-8780	970
5740	-9150	475
5740	-9145	1387
5740	-8665	855
5740	-8725	1032
5740	-8825	1020
5740	-8625	909
5740	-9130	1010
5740	-8755	658
5740	-8815	471
5740	-8615	758
5740	-8615	789
5740	-8645	435
5740	-8670	194
5740	-8575	279
5740	-8610	946
5740	-8745	1402
5740	-8035	1138
5740	-8355	1191
5740	-8650	1382
5740	-8520	1710
5740	-8950	1309
5740	-8725	918
5740	-8400	1070
5740	-8615	1470
5740	-9010	625
5740	-8605	1035
5740	-8615	863
5740	-8890	1089
5740	-8115	904
5740	-8695	709
5740	-8235	979
5740	-8340	1304
5740	-8570	957
5740	-8230	1376
5740	-8590	641
5740	-9115	1360
5740	-8645	1321
5740	-8600	933
5740	-8740	1077
5740	-8405	869
5740	-8570	1138
5740	-8800	1371
5740	-8780	1057
5740	-8580	1409
5740	-8825	806
5740	-9175	705
5740	-8800	724
5740	-9795	980
5740	-9285	228
5740	-8895	631
5740	-8800	1030
5740	-8915	1109
5740	-9520	551
5740	-8750	907
5740	-8740	1200
5740	-9050	-526
5740	-9435	266
5740	-8915	-10
5740	-8625	1299
5740	-9255	603
5740	-9120	939
5740	-8690	454
5740	-9065	993
5740	-8895	1020
5740	-8895	737
5740	-9150	1047
5740	-9150	423
5740	-9795	1186
5740	-9285	1329
5740	-9115	661
5740	-8690	1539
5740	-9285	1285
5740	-9060	1366
5740	-8480	1562
5740	-7960	1454
5740	-9320	739
5740	-7700	1541
5740	-9150	1904
5740	-9150	993
5740	-9150	1143
5740	-9085	1131
5740	-8980	1550
5740	-8240	1235
5740	-9420	758
5740	-8575	1473
5740	-9080	649
5740	-8460	1217
5740	-8700	1658
5740	-9525	1161
5740	-9050	1561
5740	-9050	1197
5740	-8815	949
5740	-8830	1384
5740	-9150	1114
5740	-9015	707
5740	-9180	1274
5740	-9175	740
5740	-8760	858
5740	-9420	1299
5740	-8385	1061
5740	-8125	1338
5740	-9150	1149
5740	-8745	1144
5740	-9080	1151
5740	-9050	592
5740	-8795	858
5740	-9050	1746
5740	-9150	704
5740	-9690	1199
5740	-9150	424
5740	-9185	54
5740	-9050	1186
5740	-9490	497
5740	-9320	1112
5740	-8900	1391
5740	-8660	1228
5740	-9145	868
5740	-9420	1277
5740	-9120	1479
5740	-9120	311
5740	-9725	550
5740	-8915	1979
5740	-9120	1249
5740	-9760	854
5740	-8760	1530
5740	-8660	2494
5740	-9150	1488
5740	-8655	1749
5740	-9050	1511
5740	-9085	1140
5740	-8525	1655
5740	-8750	1111
5740	-8245	1460
5740	-9285	1680
5740	-9285	1244
5740	-8750	938
5740	-9285	939
5740	-9825	750
5740	-9455	-94
5740	-9285	1011
5740	-9555	1174
5740	-9285	698
5740	-9285	-20
5740	-8980	911
5740	-9015	510
5740	-9150	1059
5740	-9045	346
5740	-8625	100
5740	-8915	629
5740	-8915	463
5740	-9010	970
5740	-8915	599
5740	-8480	1041
5740	-8520	1036
5740	-8585	558
5740	-8380	321
5740	-8950	1318
5740	-9195	1024
5740	-9660	653
5740	-8850	1233
5740	-8815	556
5740	-8480	833
5740	-8480	1011
5740	-8680	1233
5740	-9420	1226
5740	-8740	219
5740	-9200	158
5740	-9030	1049
5740	-8610	770
5740	-8430	-356
5740	-8980	284
5740	-9420	610
5740	-8660	54
5740	-9150	176
5740	-8885	426
5740	-9015	1002
5740	-9420	-47
5740	-8765	1077
5740	-8515	57
5740	-8515	1020
5740	-8645	551
5740	-8780	665
5740	-8380	784
5740	-8195	829
5740	-8270	681
5740	-8305	460
5740	-9020	95
5740	-8240	911
5740	-8315	322
5740	-8590	431
5740	-8575	354
5740	-8450	595
5740	-8505	465
5740	-8235	481
5740	-9115	758
5740	-8950	65
5740	-8725	335
5740	-8320	1301
5740	-8280	356
5740	-8910	738
5740	-8205	494
5740	-8740	1737
5740	-8085	644
5740	-9420	1039
5740	-8825	457
5740	-9090	380
5740	-8685	1205
5740	-9320	529
5740	-8685	121
5740	-9030	-67
5740	-8715	816
5740	-8740	641
5740	-8960	-4
5740	-8880	162
5740	-8915	-13
5740	-8915	226
5740	-9070	-224
5740	-9285	741
5740	-9050	233
5740	-9050	-339
5740	-8815	579
5740	-8915	448
5740	-8815	461
5740	-8385	918
5740	-8885	1121
5740	-9150	1012
5740	-7950	1063
5740	-8515	649
5740	-9865	755
5740	-8860	348
5740	-9150	991
5740	-8780	909
5740	-9185	600
5740	-9050	372
5740	-8950	419
5740	-9015	230
5740	-9120	858
5740	-8920	344
5740	-9150	571
5740	-8725	508
5740	-9150	1333
5740	-9690	199
5740	-8985	246
5740	-8815	552
5740	-8490	745
5740	-8650	494
5740	-8615	695
5740	-9825	402
5740	-9020	911
5740	-9150	633
5740	-8950	299
5740	-9330	-516
5740	-9090	769
5740	-9150	397
5740	-9860	383
5740	-9725	132
5740	-9145	853
5740	-8990	-121
5740	-9525	858
5740	-9725	601
5740	-9420	1126
5740	-9690	1518
5740	-9590	1401
5740	-9725	1086
5740	-9090	1221
5740	-8620	536
5740	-9185	312
5740	-8715	944
5740	-9015	1967
5740	-9015	1322
5740	-8930	1045
5740	-9000	1335
5740	-9390	928
5740	-8745	389
5740	-8845	695
5740	-9520	1173
5740	-9825	1404
5740	-8745	906
5740	-9590	685
5740	-9090	1379
5740	-8745	909
5740	-8725	1180
5740	-9825	836
5740	-9030	977
5740	-8805	1395
5740	-9090	947
5740	-9060	921
5740	-8865	296
5740	-9825	1147
5740	-9385	1714
5740	-8625	1455
5740	-8495	1206
5740	-8070	1517
5740	-7870	1185
5740	-8655	1662
5740	-8250	1488
5740	-8595	1471
5740	-8800	1493
5740	-8725	2117
5740	-8390	1626
5740	-8930	1984
5740	-8765	2304
5740	-8495	1721
5740	-8390	1933
5740	-8725	2228
5740	-9555	1674
5740	-8870	1755
5740	-8525	1976
5740	-8870	1980
5740	-8725	1754
5740	-8725	1243
5740	-9590	1358
5740	-8725	1812
5740	-9690	1271
5740	-8725	1243
5740	-8995	782
5740	-8725	1692
5740	-8890	1591
5740	-9275	366
5740	-9555	1109
5740	-8630	1162
5740	-9170	1999
5740	-9590	1137
5740	-9590	1086
5740	-9825	1457
5740	-9825	1134
5740	-8200	1793
5740	-9420	1372
5740	-9130	914
5740	-9690	1447
5740	-8730	1345
5740	-8870	1706
5740	-9035	1065
5740	-8625	960
5740	-8985	857
5740	-8520	866
5740	-9330	922
5740	-9070	544
5740	-8900	880
5740	-8485	1258
5740	-8620	1092
5740	-9275	1705
5740	-8970	1178
5740	-8935	260
5740	-9230	873
5740	-9825	1180
5740	-8490	1541
5740	-8595	1572
5740	-8625	1163
5740	-9165	1774
5740	-9690	1313
5740	-9590	1104
5740	-8725	1222
5740	-9355	885
5740	-8725	1094
5740	-9690	901
5740	-8725	1591
5740	-9130	1280
5740	-9035	1487
5740	-8725	481
5740	-9825	440
5740	-9690	-129
5740	-8725	503
5740	-8915	911
5740	-8805	1022
5740	-9090	410
5740	-9825	1161
5740	-9590	986
5740	-8915	533
5740	-9825	1369
5740	-8520	796
5740	-9825	1759
5740	-8865	1712
5740	-8725	819
5740	-9130	307
5740	-9030	481
5740	-8915	1129
5740	-9825	802
5740	-8725	1189
5740	-8955	1063
5740	-8930	1253
5740	-8725	1073
5740	-8795	1076
5740	-9305	493
5740	-8995	973
5740	-8870	897
5740	-9305	773
5740	-8725	1175
5740	-8955	1088
5740	-8725	1188
5740	-8725	986
5740	-8930	800
5740	-8795	1279
5740	-9690	1501
5740	-8725	1004
5740	-8830	916
5740	-9825	903
5740	-8930	891
5740	-9015	429
5740	-9825	125
5740	-8825	217
5740	-9030	-524
5740	-9090	416
5740	-9590	-114
5740	-8520	563
5740	-8760	858
5740	-9520	614
5740	-8960	162
5740	-8855	795
5740	-9385	848
5740	-8820	950
5740	-9690	297
5740	-8520	1103
5740	-9725	372
5740	-9825	449
5740	-9825	266
5740	-9725	392
5740	-9520	1021
5740	-9690	477
5740	-8930	619
5740	-9520	855
5740	-9590	791
5740	-8725	483
5740	-8725	-171
5740	-8970	681
5740	-9825	1361
5740	-9150	862
5740	-9590	528
5740	-8655	471
5740	-8995	444
5740	-8760	449
5740	-9590	386
5740	-9025	504
5740	-9690	598
5740	-9590	283
5740	-8725	247
5740	-8725	1179
5740	-9690	442
5740	-8725	356
5740	-9825	494
5740	-8990	790
5740	-9590	1079
5740	-9725	351
5740	-9690	-54
5740	-9555	1101
5740	-9825	304
5740	-8815	1003
5740	-8735	311
5740	-8725	943
5740	-9590	560
5740	-8725	-543
5740	-9825	1182
5740	-8995	534
5740	-9255	1469
5740	-8620	1162
5740	-8725	689
5740	-9825	919
5740	-8780	1197
5740	-9555	1216
5740	-8625	1671
5740	-8725	1318
5740	-9455	1150
5740	-8725	1676
5740	-8725	456
5740	-8725	580
5740	-8725	1028
5740	-8655	810
5740	-9825	244
5740	-9555	1157
5740	-8655	208
5740	-9285	949
5740	-9690	1091
5740	-8695	907
5740	-9725	585
5740	-8860	838
5740	-9725	449
5740	-9825	1195
5740	-9825	646
5740	-8725	347
5740	-9825	473
5740	-9825	-267
5740	-9825	818
5740	-8870	616
5740	-9555	441
5740	-9825	395
5740	-9690	375
5740	-9690	563
5740	-9590	1030
5740	-9825	-268
5740	-8930	-56
5740	-9825	-89
5740	-9305	-93
5740	-9825	527
5740	-9590	315
5740	-9590	98
5740	-9320	871
5740	-9825	273
5740	-8795	601
5740	-9825	821
5740	-9825	-574
5740	-8625	615
5740	-9590	452
5740	-8725	541
5740	-8915	-423
5740	-8930	-31
5740	-9725	-253
5740	-8725	763
5740	-9320	-13
5740	-8625	164
5740	-9690	401
5740	-9130	573
5740	-9690	113
5740	-9690	25
5740	-9690	-429
5740	-8725	877
5740	-9825	-614
5740	-9390	-342
5740	-9590	640
5740	-8905	-425
5740	-8780	-130
5740	-9690	824
5740	-9285	276
5740	-9040	718
5740	-9165	-380
5740	-9320	339
5740	-8970	-96
5740	-8725	278
5740	-8770	184
5740	-9825	-881
5740	-8835	601
5740	-9725	-34
5740	-8725	622
5740	-9320	776
5740	-8905	-49
5740	-8990	181
5740	-9590	311
5740	-9590	332
5740	-9590	134
5740	-9690	911
5740	-8550	587
5740	-8725	317
5740	-8725	1627
5740	-9165	809
5740	-9690	1197
5740	-9590	651
5740	-9420	374
5740	-8620	388
5740	-8725	128
5740	-8620	362
5740	-9170	239
5740	-8725	226
5740	-9825	542
5740	-9825	-375
5740	-9825	317
5740	-8725	619
5740	-9825	-73
5740	-9690	326
5740	-8725	-357
5740	-8835	266
5740	-9015	-263
5740	-9825	-366
5740	-9170	388
5740	-9030	-61
5740	-8725	252
5740	-8835	184
5740	-8835	4
5740	-8725	510
5740	-8815	715
5740	-9825	-377
5740	-8725	277
5740	-8780	165
5740	-9220	62
5740	-9590	236
5740	-9825	703
5740	-9690	444
5740	-8905	336
5740	-9825	151
5740	-9690	650
5740	-9825	-349
5740	-9170	462
5740	-8780	-125
5740	-8955	486
5740	-8935	392
5740	-9590	339
5740	-8830	883
5740	-9690	-174
5740	-9555	25
5740	-9590	1029
5740	-9455	120
5740	-8725	1258
5740	-9690	501
5740	-8970	81
5740	-9455	-170
5740	-8625	478
5740	-9690	532
5740	-9690	358
5740	-9455	386
5740	-9305	-109
5740	-9690	625
5740	-8725	1028
5740	-9060	298
5740	-8825	934
5740	-9305	563
5740	-9035	-102
5740	-9170	810
5740	-8955	440
5740	-9130	218
5740	-9825	198
5740	-9285	138
5740	-9205	54
5740	-9035	919
5740	-9825	-380
5740	-9590	-971
5740	-9060	712
5740	-9690	4
5740	-9555	-558
5740	-9255	329
5740	-9040	31
5740	-9090	-550
5740	-8760	751
5740	-8995	46
5740	-8655	45
5740	-8755	793
5740	-9000	558
5740	-9520	71
5740	-9115	47
5740	-8825	83
5740	-9825	521
5740	-9825	118
5740	-9070	-520
5740	-8925	-239
5740	-9690	-170
5740	-9660	270
5740	-9385	407
5740	-9690	543
5740	-8655	732
5740	-8655	644
5740	-9425	249
5740	-8655	429
5740	-9220	229
5740	-9420	669
5740	-9555	1041
5740	-9390	738
5740	-8680	587
5740	-9690	978
5740	-8790	465
5740	-8655	678
5740	-8655	1576
5740	-8685	291
5740	-9825	515
5740	-9725	-467
5740	-9825	682
5740	-9555	759
5740	-9020	505
5740	-9690	-250
5740	-9690	46
5740	-9320	733
5740	-9690	388
5740	-8655	-57
5740	-8805	-606
5740	-9725	301
5740	-9070	322
5740	-8835	323
5740	-8655	690
5740	-8655	-467
5740	-9205	175
5740	-8655	538
5740	-8825	832
5740	-8620	664
5740	-8620	274
5740	-8855	-347
5740	-8655	358
5740	-9125	-512
5740	-9590	74
5740	-9195	-527
5740	-9590	-123
5740	-9290	-285
5740	-9070	-441
5740	-9090	-645
5740	-9690	631
5740	-9725	-641
5740	-9420	-541
5740	-8655	-387
5740	-8590	-157
5740	-8690	-374
5740	-9420	-669
5740	-9455	-334
5740	-9455	-575
5740	-9320	-775
5740	-9725	-96
5740	-9455	-772
5740	-8520	-48
5740	-9355	-115
5740	-9070	-185
5740	-9690	-804
5740	-8900	-402
5740	-8725	280
5740	-9725	-248
5740	-9130	-388
5740	-9725	-51
5740	-9065	524
5740	-9130	-341
5740	-9065	-424
5740	-9130	-693
5740	-8995	-835
5740	-8625	630
5740	-8995	-377
5740	-9590	41
5740	-9460	-363
5740	-9555	158
5740	-9230	-420
5740	-9690	-370
5740	-9825	150
5740	-9130	-93
5740	-9200	-1601
5740	-9275	-45
5740	-9320	-267
5740	-9095	577
5740	-9130	-276
5740	-9590	-633
5740	-9725	-500
5740	-9200	-1077
5740	-9200	151
5740	-9725	-1444
5740	-9590	-751
5740	-9025	-283
5740	-9130	-365
5740	-9825	29
5740	-8990	11
5740	-9690	233
5740	-9490	-8
5740	-9170	-281
5740	-9825	273
5740	-9825	-156
5740	-9130	257
5740	-9030	572
5740	-8725	-549
5740	-9825	388
5740	-8625	-115
5740	-9460	200
5740	-9690	277
5740	-9555	-142
5740	-8725	64
5740	-9690	-131
5740	-8725	673
5740	-9420	57
5740	-9355	543
5740	-9725	-21
5740	-9825	-540
5740	-9660	-3
5740	-9590	-178
5740	-9825	516
5740	-9825	-353
5740	-8960	-537
5740	-9725	-283
5740	-9690	-257
5740	-9825	201
5740	-9725	-516
5740	-9725	38
5740	-9420	-553
5740	-9300	-389
5740	-9825	-299
5740	-9420	-272
5740	-9825	19
5740	-9690	-152
5740	-9690	73
5740	-9825	-69
5740	-9825	761
5740	-9825	28
5740	-9825	882
5740	-9725	1123
5740	-9690	-226
5740	-9490	57
5740	-9050	-1031
5740	-9050	-730
5740	-9390	-493
5740	-9825	-345
5740	-9690	-141
5740	-9690	-859
5740	-9385	-757
5740	-9520	109
5740	-9420	-763
5740	-9455	-448
5740	-8735	-922
5740	-9825	-205
5740	-8930	-556
5740	-9825	-1087
5740	-8915	-581
5740	-9520	-703
5740	-9825	-602
5740	-9825	-994
5740	-9185	335
5740	-9285	-1233
5740	-9255	220
5740	-9555	-572
5740	-9825	146
5740	-8995	-839
5740	-9690	-319
5740	-9305	-165
5740	-9825	-468
5740	-9825	-993
5740	-9825	-868
5740	-9825	-684
5740	-9555	-543
5740	-9330	-44
5740	-9825	-699
5740	-9825	-1409
5740	-9825	-499
5740	-9825	-698
5740	-9690	-362
5740	-9825	-83
5740	-9420	-361
5740	-9825	-376
5740	-8995	-436
5740	-8995	-521
5740	-9590	-660
5740	-9825	-787
5740	-9825	-605
5740	-9725	-1595
5740	-9825	321
5740	-9825	-376
5740	-8930	-333
5740	-9285	-759
5740	-9130	-150
5740	-9825	36
5740	-9690	-861
5740	-9590	-670
5740	-9520	-456
5740	-9825	-316
5740	-9825	-647
5740	-9420	-632
5740	-9825	-178
5740	-9725	-100
5740	-9520	-261
5740	-9825	-327
5740	-9725	-499
5740	-9285	-196
5740	-9825	-624
5740	-9825	-634
5740	-9725	-196
5740	-9690	282
5740	-8750	109
5740	-9385	542
5740	-9825	-861
5740	-9455	272
5740	-9590	-696
5740	-9555	-1004
5740	-9590	-993
5740	-9455	-786
5740	-8900	-267
5740	-8725	-234
5740	-8725	-334
5740	-9825	358
5740	-8625	240
5740	-8590	-174
5740	-9590	-400
5740	-8725	677
5740	-9725	122
5740	-9590	-796
