-9420	-8175	-9163
-6990	-10230	-8861
-6285	-10230	-8704
-4930	-10230	-8661
-5600	-10230	-8678
-6565	-10230	-8749
-5800	-10230	-8520
-5305	-10230	-8537
-6415	-10230	-8555
-4275	-10230	-8578
-5035	-10100	-8536
-4320	-10230	-8566
-4115	-10230	-8490
-5310	-10130	-8578
-5830	-10030	-8481
-6520	-10230	-8536
-6050	-10230	-8452
-6040	-10030	-8566
-6110	-10100	-8400
-5595	-10030	-8403
-4435	-10130	-8511
-5535	-10030	-8466
-5580	-10130	-8492
-5580	-10130	-8512
-5480	-10130	-8355
-5170	-10000	-8459
-6095	-10130	-8479
-5500	-9940	-8434
-5460	-10230	-8461
-6295	-10230	-8499
-5535	-10130	-8505
-5995	-10130	-8567
-5090	-10130	-8498
-6165	-10130	-8460
-5565	-10130	-8484
-4645	-10230	-8459
-5310	-10030	-8442
-5980	-10230	-8454
-6070	-10130	-8554
-5390	-10130	-8386
-5445	-9895	-8405
-5760	-10130	-8407
-3430	-10000	-8474
-5285	-10070	-8498
-3150	-10030	-8357
-5985	-10130	-8388
-5775	-10130	-8504
-5215	-10230	-8458
-5805	-10030	-8502
-5820	-10230	-8540
-4780	-10230	-8423
-6335	-10230	-8494
-5365	-10230	-8352
-5495	-9995	-8428
-4425	-9960	-8351
-4685	-10070	-8467
-6420	-10130	-8535
-5880	-10130	-8520
-6605	-10130	-8472
-5960	-10030	-8588
-5955	-10030	-8478
-5710	-10130	-8477
-5140	-10030	-8501
-6180	-10130	-8461
-5440	-10130	-8465
-5205	-10230	-8382
-6315	-10230	-8427
-6605	-10130	-8448
-6205	-10030	-8465
-5230	-10130	-8447
-4575	-10230	-8382
-4215	-10100	-8345
-5125	-10130	-8286
-4230	-10030	-8458
-5975	-10130	-8450
-6360	-10030	-8435
-6010	-10230	-8522
-5535	-10130	-8468
-5900	-10100	-8465
-5410	-10130	-8471
-6270	-10130	-8450
-5220	-10100	-8348
-5505	-9995	-8508
-5835	-9965	-8372
-5440	-10130	-8502
-5595	-10130	-8338
-5485	-10130	-8397
-4635	-10130	-8408
-3595	-10095	-8442
-4875	-10230	-8448
-4725	-9935	-8348
-5815	-10030	-8429
-3230	-10130	-8408
-4780	-10095	-8460
-5640	-10230	-8533
-5350	-10130	-8433
-6230	-10130	-8545
-4755	-10230	-8421
-5495	-10230	-8410
-5535	-10230	-8514
-4110	-10100	-8361
-3870	-10230	-8341
-5390	-10095	-8348
-6115	-10100	-8449
-6050	-10100	-8457
-4725	-10130	-8403
-6370	-10130	-8446
-5945	-10130	-8463
-5875	-9930	-8405
-6300	-10230	-8538
-4700	-10230	-8463
-3990	-10130	-8454
-5150	-10230	-8458
-5780	-10130	-8403
-5485	-10130	-8415
-6625	-10095	-8393
-5955	-10230	-8414
-5720	-10095	-8436
-4375	-9895	-8406
-4355	-10130	-8397
-5845	-10095	-8329
-5940	-10130	-8445
-6165	-10130	-8476
-6020	-9995	-8344
-5820	-10230	-8432
-6365	-10130	-8444
-3820	-10230	-8317
-3675	-10130	-8362
-6105	-10000	-8374
-4165	-10130	-8400
-4305	-10130	-8337
-6180	-10130	-8545
-4955	-10130	-8365
-4665	-10130	-8460
-5885	-10230	-8393
-5715	-10130	-8348
-5650	-10095	-8290
-5400	-10000	-8267
-5320	-10130	-8391
-6260	-10230	-8421
-5455	-10230	-8424
-5510	-10230	-8513
-5880	-10030	-8426
-5345	-10130	-8436
-2900	-10000	-8332
-5785	-9900	-8421
-5610	-10130	-8477
-5790	-9995	-8335
-4695	-10030	-8319
-5170	-10030	-8392
-6035	-10130	-8435
-5445	-10095	-8373
-5825	-10030	-8445
-4755	-10000	-8467
-4540	-10230	-8437
-3410	-10130	-8466
-4645	-10030	-8385
-6290	-10130	-8441
-4330	-10130	-8408
-5970	-10130	-8502
-5850	-10230	-8432
-4790	-10130	-8468
-4945	-10230	-8381
-5195	-10130	-8381
-6075	-10130	-8390
-5000	-9995	-8350
-5800	-10100	-8476
-5050	-10230	-8368
-5135	-9865	-8377
-5730	-10095	-8440
-3470	-10095	-8479
-4325	-10230	-8492
-5175	-10130	-8418
-6060	-10130	-8472
-5970	-10130	-8492
-6570	-10130	-8488
-5085	-10030	-8379
-5440	-10230	-8480
-6150	-10095	-8415
-5265	-10130	-8373
-4105	-10100	-8447
-5865	-10230	-8437
-5310	-10030	-8451
-4900	-10065	-8478
-5265	-10230	-8429
-6125	-10000	-8390
-4830	-10100	-8409
-5860	-10000	-8427
-6120	-10130	-8463
-5095	-10130	-8344
-5630	-9930	-8403
-6025	-10230	-8384
-4475	-10130	-8327
-3950	-10070	-8251
-5630	-10070	-8476
-4805	-9760	-8347
-4315	-10230	-8318
-6430	-10070	-8367
-5060	-10130	-8364
-4970	-10130	-8421
-4735	-10230	-8390
-4480	-10095	-8374
-4440	-10130	-8285
-5410	-10230	-8274
-4955	-10130	-8326
-5745	-10030	-8425
-6200	-10030	-8412
-3980	-10100	-8324
-5615	-10130	-8443
-5495	-10230	-8508
-5015	-10095	-8471
-5055	-10130	-8470
-6080	-10100	-8445
-4355	-10230	-8440
-5505	-10095	-8448
-5435	-10230	-8241
-5430	-10095	-8409
-5865	-10230	-8388
-5150	-9995	-8385
-4385	-10130	-8331
-5510	-10230	-8437
-4670	-10230	-8442
-5740	-10030	-8448
-4925	-10230	-8493
-5150	-10095	-8417
-5005	-9895	-8432
-5720	-10095	-8444
-5475	-10030	-8408
-3680	-10230	-8393
-6100	-10130	-8352
-4750	-10095	-8328
-5495	-9995	-8292
-5860	-10030	-8334
-4955	-10095	-8334
-5115	-10230	-8330
-5725	-10100	-8388
-6365	-10130	-8456
-5720	-10130	-8430
-5785	-9960	-8391
-5190	-10095	-8337
-6645	-10130	-8431
-5440	-10130	-8399
-5380	-10130	-8438
-5245	-10130	-8351
-6005	-10130	-8479
-5425	-10100	-8422
-6290	-10130	-8391
-5735	-10030	-8315
-4565	-10000	-8395
-5365	-10095	-8432
-5535	-10130	-8379
-5575	-9870	-8339
-5440	-10130	-8359
-4275	-10030	-8379
-5815	-10130	-8447
-6180	-10130	-8535
-4670	-10030	-8543
-4190	-10070	-8344
-6050	-9965	-8457
-5815	-9995	-8475
-4310	-10030	-8408
-6240	-10130	-8391
-5330	-10130	-8286
-5870	-9930	-8330
-5845	-10230	-8426
-5050	-10130	-8435
-5090	-10130	-8388
-4480	-10230	-8433
-6395	-10230	-8425
-5905	-10230	-8485
-5465	-10130	-8415
-5695	-10030	-8425
-6275	-10230	-8440
-5055	-10095	-8289
-4905	-9995	-8331
-5610	-10030	-8387
-5840	-10095	-8327
-6445	-10230	-8400
-5740	-10230	-8483
-5570	-10230	-8368
-4925	-10230	-8419
-4820	-10230	-8394
-4785	-10100	-8413
-4805	-10130	-8344
-5025	-10130	-8289
-4980	-10100	-8327
-3905	-10230	-8415
-5825	-9900	-8359
-5320	-10130	-8305
-6305	-10130	-8319
-6210	-10130	-8419
-4730	-10130	-8403
-6160	-10030	-8431
-6130	-10030	-8402
-5270	-10130	-8422
-5360	-10030	-8346
-4630	-10100	-8311
-5015	-10000	-8293
-5195	-10230	-8351
-6165	-10130	-8332
-4230	-10065	-8297
-5080	-10230	-8438
-6435	-10100	-8409
-4655	-10230	-8472
-5635	-10030	-8402
-5175	-10130	-8315
-5875	-10130	-8288
-5615	-10030	-8397
-3570	-10065	-8329
-3300	-10130	-8325
-5610	-10000	-8198
-5620	-10130	-8337
-4925	-10130	-8306
-5100	-10230	-8319
-4265	-10000	-8401
-5070	-10130	-8367
-5705	-10030	-8414
-5755	-10230	-8369
-4030	-10230	-8224
-5895	-10095	-8322
-5955	-10130	-8315
-4170	-10065	-8362
-6145	-10095	-8327
-6435	-10130	-8442
-5725	-10230	-8458
-5205	-10230	-8345
-5785	-10230	-8428
-6380	-10230	-8478
-5840	-10230	-8451
-5715	-10130	-8316
-5815	-10230	-8353
-5275	-10130	-8347
-4635	-9865	-8389
-5685	-10130	-8281
-5270	-10130	-8279
-5265	-10095	-8315
-5100	-10130	-8349
-5995	-10230	-8336
-5555	-10230	-8340
-5365	-10230	-8310
-5165	-10230	-8308
-6020	-10230	-8347
-6565	-10230	-8435
-5585	-10230	-8422
-5440	-10130	-8341
-4930	-10095	-8296
-3635	-10000	-8323
-5585	-10130	-8381
-5860	-10230	-8368
-5565	-9970	-8397
-5195	-10100	-8301
-6070	-10130	-8388
-5495	-10070	-8405
-4865	-10130	-8440
-6245	-10230	-8452
-4670	-10230	-8406
-5915	-10130	-8431
-4235	-10130	-8441
-5655	-10130	-8381
-4145	-10130	-8334
-6420	-9995	-8343
-4710	-10030	-8379
-5840	-10065	-8363
-3130	-9995	-8356
-5595	-10230	-8430
-4705	-10130	-8282
-5965	-10130	-8410
-5230	-10230	-8304
-5215	-10230	-8321
-4020	-10095	-8300
-4630	-10095	-8346
-5470	-10130	-8287
-4550	-10095	-8238
-4255	-10130	-8361
-4485	-9995	-8251
-4605	-10130	-8265
-5020	-10230	-8207
-5395	-10230	-8311
-3695	-10030	-8266
-4230	-10130	-8265
-5160	-10130	-8274
-4930	-10230	-8301
-5385	-10130	-8253
-4220	-10230	-8319
-6070	-10030	-8392
-5930	-10230	-8338
-3475	-10130	-8231
-5040	-10130	-8330
-6120	-10095	-8436
-3895	-10130	-8401
-5185	-10130	-8369
-4120	-9900	-8331
-5250	-10000	-8332
-6330	-10030	-8297
-5790	-10230	-8371
-4395	-10230	-8277
-6210	-10100	-8292
-5855	-10030	-8366
-5720	-10130	-8393
-5870	-10095	-8354
-5425	-10230	-8317
-5275	-10130	-8275
-5775	-10130	-8364
-5445	-10095	-8372
-425	-10230	-8358
-3025	-10130	-8339
-6135	-10230	-8309
-6000	-9995	-8241
-5690	-10130	-8369
-6075	-10095	-8372
-5075	-10030	-8216
-4670	-10230	-8243
-3830	-10100	-8194
-3900	-10230	-8314
-6065	-9965	-8387
-5290	-10000	-8455
-5580	-10130	-8214
-5930	-9995	-8324
-5095	-10130	-8364
-4120	-10065	-8370
-3485	-10230	-8330
-5210	-9800	-8281
-4705	-10130	-8325
-5205	-10130	-8356
-5580	-10130	-8414
-5125	-10230	-8432
-5520	-10230	-8399
-6375	-10230	-8396
-4220	-10095	-8414
-4965	-10130	-8470
-4730	-10130	-8525
-5955	-10030	-8483
-5750	-10100	-8438
-5845	-10230	-8397
-5690	-10230	-8476
-5070	-10230	-8399
-5495	-10095	-8268
-3125	-10000	-8237
-4485	-10130	-8369
-4535	-10230	-8393
-4535	-10130	-8351
-3595	-10230	-8287
-4615	-10230	-8281
-3565	-10130	-8202
-3855	-10065	-8227
-5555	-10030	-8394
-5275	-10130	-8260
-4775	-10230	-8214
-3785	-9930	-8216
-4370	-10230	-8415
-6300	-10130	-8426
-5805	-10230	-8396
-2670	-10130	-8253
-5100	-10100	-8291
-3780	-10000	-8220
-4800	-10230	-8323
-4510	-10030	-8289
-4050	-10230	-8248
-3520	-10030	-8307
-4990	-10130	-8345
-3130	-10100	-8410
-5600	-10130	-8346
-5910	-10230	-8339
-4875	-10130	-8337
-5830	-9995	-8275
-5985	-10130	-8310
-5255	-10130	-8378
-3175	-10230	-8345
-6120	-9825	-8169
-6085	-10230	-8210
-6570	-10130	-8270
-4210	-10030	-8258
-5225	-10130	-8267
-5635	-10100	-8381
-6075	-10030	-8317
-6200	-10095	-8300
-5075	-10230	-8326
-4975	-10230	-8297
-4455	-10030	-8306
-5430	-10030	-8287
-5430	-10230	-8330
-3955	-10230	-8314
-3965	-10230	-8301
-5015	-10130	-8351
-5545	-10130	-8258
-4965	-10095	-8204
-4965	-10095	-8293
-5230	-10030	-8269
-4315	-10095	-8206
-5200	-10230	-8279
-4105	-10130	-8310
-5205	-10230	-8312
-4890	-10230	-8401
-4935	-10100	-8343
-5240	-10130	-8346
-5615	-10230	-8372
-5770	-10130	-8314
-5995	-10130	-8308
-5920	-9865	-8247
-4855	-10130	-8267
-4955	-10100	-8315
-3105	-10030	-8285
-3135	-10130	-8329
-6130	-10230	-8327
-4655	-10230	-8183
-4945	-10230	-8264
-5975	-10130	-8263
-5165	-10100	-8260
-6065	-10030	-8233
-5495	-10100	-8175
-5620	-9930	-8175
-4945	-10230	-8269
-5255	-10095	-8331
-4610	-10230	-8228
-4980	-10095	-8286
-5730	-10000	-8264
-5535	-10130	-8295
-4045	-10030	-8300
-4630	-9930	-8218
-5225	-10095	-8166
-5320	-10095	-8246
-5265	-10100	-8355
-4835	-10130	-8281
-5965	-9995	-8310
-4635	-10230	-8239
-3365	-10230	-8301
-5910	-10130	-8249
-5330	-10030	-8262
-4740	-10030	-8270
-3840	-10230	-8260
-4190	-10130	-8193
-3960	-10230	-8287
-6190	-9995	-8262
-4095	-10230	-8273
-5505	-10000	-8215
-6065	-9900	-8336
-3595	-10030	-8288
-6535	-10230	-8309
-6625	-10130	-8361
-4260	-10230	-8328
-5685	-9995	-8397
-4640	-10230	-8304
-4670	-9965	-8303
-4385	-10230	-8331
-5260	-10230	-8375
-5425	-10230	-8390
-6065	-10230	-8408
-6395	-10130	-8292
-4625	-10230	-8330
-5610	-10095	-8438
-5945	-10130	-8387
-4055	-10230	-8374
-3285	-10130	-8353
-4660	-9970	-8389
-5175	-10130	-8326
-5730	-10130	-8360
-4595	-10000	-8360
-5015	-10230	-8308
-5435	-10130	-8310
-6080	-10000	-8268
-4960	-10130	-8259
-5325	-10100	-8175
-6305	-10095	-8320
-5095	-10030	-8360
-4780	-10230	-8225
-4135	-10230	-8201
-4595	-10230	-8182
-5490	-10230	-8302
-5600	-9925	-8266
-4015	-9860	-8251
-5470	-10230	-8190
-4730	-10230	-8268
-5505	-10095	-8273
-6075	-10095	-8204
-3365	-10130	-8263
-3015	-10130	-8274
-3020	-10230	-8266
-4180	-10130	-8221
-4775	-10095	-8375
-4195	-10230	-8280
-4515	-10230	-8318
-6255	-10230	-8321
-5660	-10230	-8345
-3420	-10030	-8342
-2880	-10130	-8200
-6620	-10000	-8336
-5145	-9825	-8144
-5070	-9895	-8253
-5525	-10030	-8345
-6280	-10130	-8319
-5685	-10230	-8310
-5500	-10230	-8283
-4955	-10230	-8430
-6005	-10230	-8340
-5180	-10130	-8278
-5535	-10230	-8338
-5755	-10230	-8301
-5130	-10230	-8263
-5135	-9800	-8251
-6275	-10230	-8335
-5445	-10030	-8197
-4930	-9965	-8165
-5935	-10130	-8091
-3405	-9895	-8069
-5150	-10030	-8149
-3390	-10000	-8165
-5705	-10130	-8218
-4710	-10130	-8156
-1810	-9865	-8138
-4820	-10230	-8250
-3770	-10030	-8237
-4650	-10100	-8150
-5100	-10000	-8200
-3915	-10000	-8132
-6040	-10095	-8226
-3595	-10065	-8117
-5160	-10230	-8150
-3175	-10130	-8121
-5135	-10000	-8167
-4365	-9995	-8204
-6090	-10130	-8198
-3080	-9965	-8174
-5780	-10095	-8195
-5335	-10230	-8162
-4765	-10065	-8175
-5920	-10230	-8130
-5885	-10230	-8167
-4305	-9800	-8254
-4715	-9995	-8137
-4340	-9965	-8153
-5725	-10100	-8181
-2950	-10230	-8132
-3050	-10130	-8217
-3795	-10230	-8203
-5720	-9965	-8208
-5830	-9995	-8354
-5530	-10230	-8335
-4995	-10230	-8204
-4745	-10095	-8357
-6150	-10230	-8199
-6245	-10230	-8286
-4125	-10130	-8219
-5070	-10130	-8214
-5280	-10130	-8235
-5155	-10230	-8291
-6600	-9995	-8290
-4965	-10095	-8266
-4965	-10230	-8213
-6410	-9935	-8338
-6165	-10095	-8266
-4025	-9930	-8206
-5035	-10030	-8170
-4675	-9995	-8190
-3055	-10130	-8262
-4475	-10230	-8248
-4555	-10030	-8182
-3230	-10100	-8101
-5560	-10095	-8196
-2920	-10095	-8268
-4060	-9995	-8120
-3015	-10130	-8037
-3690	-10130	-8080
-4740	-10230	-8180
-4040	-10095	-8126
-3830	-10230	-8151
-3830	-10230	-8116
-3830	-10230	-8190
-3850	-10230	-8201
-3730	-10095	-8159
-3250	-10230	-8201
-4060	-10230	-8222
-3850	-10230	-8252
-3035	-10230	-8182
-3850	-10095	-8260
-3850	-10230	-8334
-3255	-10095	-8260
-3830	-10230	-8211
-3530	-10230	-8245
-4065	-10230	-8217
-4120	-10230	-8210
-4385	-10230	-8202
-4965	-10230	-8165
-4630	-10230	-8182
-5775	-9760	-8171
-5775	-10100	-8164
-5045	-10230	-8154
-6420	-10095	-8202
-6210	-9930	-8162
-4840	-10230	-8145
-2850	-10230	-8117
-2850	-10000	-8141
-2850	-10230	-8138
-2615	-10230	-8108
-3710	-10230	-8088
-4875	-10230	-8126
-4135	-10130	-8176
-4780	-10230	-8263
-4640	-10230	-8219
-4065	-10230	-8131
-4225	-10130	-8194
-3720	-10100	-8194
-5510	-10095	-8249
-6105	-10130	-8220
-3830	-10095	-8183
-3830	-10230	-8252
-3830	-9995	-8251
-4470	-10230	-8168
-4740	-10230	-8257
-4875	-10030	-8238
-3665	-10230	-8203
-3885	-10230	-8228
-3140	-10230	-8132
-4060	-10095	-8182
-4065	-10230	-8312
-4740	-10230	-8176
-5250	-10095	-8206
-6405	-10100	-8240
-5985	-9960	-8315
-5775	-9960	-8175
-4935	-10130	-8217
-5520	-10130	-8219
-4845	-10095	-8238
-4670	-9605	-8124
-3110	-10095	-8182
-2945	-10230	-8177
-3925	-10130	-8229
-2975	-10230	-8273
-4765	-10095	-8194
-4690	-10230	-8195
-5800	-10095	-8213
-5775	-10230	-8232
-4065	-9860	-8170
-3255	-10230	-8177
-3255	-10100	-8043
-3255	-10095	-8128
-3255	-10095	-8064
-4065	-10230	-8163
-4065	-10230	-8167
-4065	-10230	-8213
-4965	-10230	-8169
-5090	-10230	-8225
-4470	-9960	-8201
-6135	-10230	-8341
-6315	-10230	-8300
-3675	-10095	-8289
-6620	-10230	-8342
-4325	-10230	-8224
-5455	-9960	-8195
-3255	-10095	-8136
-3255	-10230	-8214
-3255	-10230	-8164
-3020	-10230	-8053
-3020	-9895	-8070
-2920	-10095	-8088
-3020	-10230	-8098
-3250	-10230	-8056
-4065	-10230	-8010
-4065	-10230	-8043
-3035	-10230	-8045
-4065	-10230	-8088
-3445	-10230	-7994
-3445	-10230	-8100
-3445	-10230	-8048
-2920	-10230	-7995
-4065	-10230	-8025
-2845	-10230	-8071
-4060	-10230	-8069
-3020	-10230	-8101
-3020	-10230	-8137
-3020	-9420	-8004
-3830	-9420	-8018
-4065	-10230	-8108
-4065	-10230	-8127
-4875	-10095	-8081
-4875	-10230	-8056
-4875	-10230	-8121
-4875	-10230	-8132
-4730	-10230	-8143
-5455	-9580	-8073
-5775	-10230	-8126
-3745	-10095	-8049
-4965	-10095	-8090
-4965	-9835	-8134
-4965	-10230	-7994
-4730	-10095	-8008
-4965	-10095	-8115
-6625	-10095	-8083
-6865	-9420	-8069
-6865	-10230	-8142
-3250	-9965	-8069
-4060	-10230	-8036
-3495	-10230	-8069
-3850	-10230	-8109
-4605	-9420	-8056
-4605	-10095	-8156
-6955	-10230	-8102
-6760	-9960	-8110
-3390	-9420	-8004
-6955	-10230	-8113
-6865	-10230	-8110
-4960	-10095	-8124
-4640	-9690	-8156
-6720	-10230	-8089
-6630	-9555	-8117
-4065	-10095	-8049
-6145	-10230	-8117
-6310	-10095	-8148
-6620	-10230	-8093
-6195	-10230	-8120
-6290	-10065	-8088
-4960	-10095	-8053
-4875	-10230	-8071
-3660	-9420	-8014
-3730	-9795	-8058
-6630	-9995	-8119
-3920	-10000	-8070
-4960	-10000	-8100
-4540	-10230	-8033
-4955	-9420	-8001
-4965	-10095	-8051
-4030	-10230	-7966
-4750	-10095	-7986
-4120	-9420	-7950
-2850	-10095	-7947
-4065	-9420	-7943
-4065	-10095	-8008
-4960	-10095	-7972
-4960	-10230	-8025
-4960	-10230	-8039
-3245	-10230	-8002
-4060	-10230	-8032
-4065	-10230	-8091
-4255	-10230	-7934
-3745	-10230	-8064
-3845	-10095	-8062
-6280	-10230	-8089
-4485	-9610	-8047
-4065	-9575	-8085
-4065	-10230	-8091
-3575	-10230	-8046
-2850	-10230	-8020
-2850	-10230	-8075
-6460	-9420	-8061
-6865	-10095	-8013
-6535	-10230	-8104
-4960	-10230	-8085
-4960	-10230	-8037
-3020	-10230	-8065
-3490	-9960	-7971
-3695	-10230	-8079
-3040	-9710	-7976
-3040	-9420	-8006
-3930	-9420	-7932
-4965	-9560	-7928
-4060	-10095	-7950
-3020	-10230	-7915
-3020	-10230	-7849
-3020	-10230	-7892
-3020	-10230	-7896
-3010	-10230	-7836
-3150	-10230	-7841
-3250	-9690	-7807
-2850	-9420	-7796
-2850	-10230	-7776
-3020	-10230	-7753
-3020	-10230	-7600
-2920	-9420	-7590
-2920	-10230	-7840
-2920	-10230	-7700
-2920	-10230	-7774
-2920	-10095	-7775
-2935	-10230	-7678
-3255	-10230	-7645
-2710	-10230	-7672
-3670	-10230	-7740
-2025	-10230	-7749
-3145	-10230	-7747
-2740	-10230	-7681
-3010	-10230	-7706
-3255	-10230	-7677
-3255	-10230	-7616
-3255	-10230	-7626
-3820	-10095	-7656
-3255	-10230	-7460
-3255	-10230	-7558
-3245	-10230	-7412
-2320	-10230	-7507
-2320	-10230	-7522
-3040	-10230	-7432
-3040	-10230	-7473
-3130	-10230	-7379
-2410	-10230	-7392
-3255	-10230	-7383
-3010	-10230	-7486
-3130	-10230	-7262
-2995	-10230	-7154
-3050	-10230	-7176
-3130	-10230	-7424
-3015	-10230	-7279
-3015	-10230	-7353
-3020	-10230	-7446
-3255	-10230	-7485
-3040	-10230	-7485
-3255	-10230	-7299
-2805	-10230	-7456
-2805	-10230	-7483
-2785	-10230	-7318
-3015	-10230	-7484
-3020	-10230	-7276
-2920	-10230	-7588
-2920	-10230	-7498
-3255	-10230	-7495
-3020	-10230	-7441
-2320	-10230	-7534
-2850	-10230	-7590
-3020	-10230	-7486
-3020	-10230	-7535
-2850	-10230	-7571
-3695	-10230	-7551
-3245	-10230	-7494
-3245	-10230	-7432
-3255	-10230	-7354
-3255	-10230	-7442
-3020	-10230	-7384
-3015	-10230	-7270
-3015	-10230	-7176
-3015	-10230	-7376
-3015	-10230	-7363
-2935	-10230	-7147
-3250	-10230	-7121
-2850	-10230	-6966
-2920	-10230	-7221
-2785	-10230	-7311
-3020	-10230	-7456
1315	-10230	-6999
1315	-10230	-7140
-2195	-10230	-6960
-2805	-10230	-7151
-2805	-10230	-7333
-3250	-10230	-7108
-3250	-10230	-7074
-3020	-10095	-6912
-2845	-10230	-6927
-2845	-10230	-6924
-3020	-10230	-7139
-2500	-10230	-7074
-2850	-10230	-6958
-3245	-10230	-6989
-2410	-10230	-6789
-2410	-10230	-6976
-2410	-10230	-7022
-3250	-10230	-6964
-3130	-10230	-6743
-3020	-10230	-6631
-2785	-10230	-6918
-2785	-10230	-6552
-2785	-10230	-6815
-2805	-10230	-6762
-2850	-10230	-6735
-2850	-10230	-6733
-2850	-10230	-6444
-3020	-10230	-6740
-2865	-10230	-6530
-2920	-10230	-6378
-3015	-10230	-6466
-3015	-10230	-6344
-2920	-10230	-6516
-3020	-10230	-6460
1100	-10230	-6495
-3250	-10230	-6459
-2850	-10230	-6463
-2920	-10230	-6418
-2920	-10230	-6222
-2920	-10230	-6284
-3020	-10230	-6263
-3020	-10230	-6146
-2785	-10230	-6362
-3020	-10230	-6148
-3020	-10230	-6417
-2850	-10230	-6288
-2850	-10230	-6393
-2420	-10230	-6403
-2420	-10230	-5882
-2420	-10230	-6154
-2830	-10230	-6051
-2920	-10230	-6172
-2850	-10230	-6315
-2850	-10230	-6311
-2850	-10230	-6368
-2820	-10230	-6411
-2820	-10230	-6662
-3020	-10230	-6643
-3020	-10230	-6463
-3130	-10230	-6692
-3220	-10230	-6519
-2410	-10230	-6889
-2720	-10230	-6321
-2410	-10230	-6347
-2850	-10230	-6539
-2555	-10230	-6237
-2410	-10230	-6184
-2410	-10230	-6053
-2410	-10230	-6140
-2725	-10230	-5854
-2850	-10230	-6171
-2850	-10095	-6495
-2850	-10230	-6024
-2850	-10230	-6034
-2920	-10230	-5944
-2720	-10230	-6097
-2850	-10230	-6056
-2635	-10230	-5935
-2195	-10095	-6026
160	-10230	-5940
-2075	-10230	-5861
-2515	-9420	-5761
-2515	-10130	-6359
-2915	-10230	-6377
-2705	-10230	-5773
-2830	-10230	-6220
-2830	-10230	-5862
-2850	-10095	-5997
-2830	-10230	-6048
-2620	-10230	-5985
-2620	-10230	-5884
-2320	-10230	-5545
-2685	-10230	-5690
-2320	-10230	-5610
-2410	-10095	-5300
-2410	-10095	-5697
-2410	-10230	-5657
-2320	-10230	-5623
-2320	-10230	-5615
-2515	-10095	-5788
-2320	-10095	-5638
-1985	-10230	-5783
-1985	-10230	-5650
-2085	-10095	-5568
-2320	-10095	-5644
-2315	-10095	-5780
-2315	-10230	-5625
-2255	-10230	-5585
-2315	-10230	-5771
-2315	-10095	-5767
-2615	-9960	-5831
-2615	-10230	-5901
-2410	-10230	-5963
-2785	-10230	-6026
-2445	-10095	-5763
-2320	-10230	-5866
-2320	-10095	-5963
-2845	-10230	-5878
-2845	-10230	-5853
-2845	-10230	-5661
-2920	-10230	-5653
-2320	-10230	-5678
-2320	-10230	-5774
-2320	-10230	-5580
-2320	-10095	-5720
-2320	-10230	-5814
-2320	-10095	-5658
-2315	-10095	-5611
-2315	-9825	-5846
-2315	-10095	-5442
-2320	-10130	-5326
-2320	-10230	-5381
-2320	-9825	-5616
-2320	-10230	-5602
-2815	-10230	-5704
-3015	-10230	-5773
-1330	-9995	-5316
-2420	-9960	-5357
-2420	-10230	-5207
-2685	-10230	-5496
-2785	-10230	-5501
-1985	-10095	-5191
-2850	-9420	-5440
-2920	-10230	-5754
-2720	-10230	-5922
-2720	-10230	-5393
-2720	-10230	-5563
-3015	-9420	-5395
-2785	-10230	-5271
-2595	-10095	-5247
-2595	-10095	-5389
1335	-10095	-5400
-2785	-10095	-5634
-2920	-10095	-5379
-3020	-10095	-5375
-2485	-9960	-5328
-2485	-10230	-5072
-2785	-10230	-5335
-2995	-10230	-5039
-2685	-9690	-5328
-2915	-9960	-5383
-2785	-10095	-5128
-2320	-10230	-5033
-2720	-10230	-5285
-2410	-10230	-5353
-2785	-9825	-5256
-2685	-9285	-5252
-2085	-10095	-5075
-2085	-10230	-5341
-2085	-10095	-5127
-2320	-9825	-5593
-2705	-10095	-5538
-2785	-10095	-5267
-2785	-10095	-5507
-2685	-10230	-5626
-2585	-10095	-5146
-2410	-9420	-5047
-2410	-10095	-5327
-2175	-9420	-5161
-2405	-10095	-5331
-2320	-10095	-4925
-2410	-9710	-5319
-2410	-10230	-5345
-2410	-10095	-5319
-2405	-10230	-5435
-1985	-10095	-5411
-2085	-10095	-5055
-2085	-10095	-5127
-2410	-10230	-5264
-2410	-10230	-5319
-2410	-10230	-5000
-2600	-10230	-5284
-2410	-10230	-5221
-2320	-10095	-4818
-2320	-10095	-5007
1100	-9285	-4998
1100	-10230	-5252
-130	-9555	-5070
-2320	-9185	-5078
-2685	-9420	-5228
-2385	-9960	-5061
-2320	-9690	-4875
-2320	-9420	-4918
-2320	-9420	-5016
-2075	-9420	-4674
-2175	-9285	-4915
1100	-9285	-4975
-2615	-9420	-5138
-2685	-9420	-5343
-2685	-9690	-5225
-2390	-9690	-5152
-2620	-9690	-5029
-2685	-9285	-4857
-2085	-9420	-4978
-2085	-9420	-5012
-2085	-9420	-4809
-2085	-9420	-4551
-2085	-9420	-4977
-2385	-9420	-5125
-2320	-9960	-4889
-2185	-9285	-4706
-2320	-9420	-4943
-2320	-10095	-4936
-2320	-9420	-4688
-2320	-9825	-4807
-2320	-9420	-4842
-2085	-9420	-4947
-2410	-9420	-4918
-2410	-9420	-4650
-2410	-9420	-4712
-1985	-9420	-4883
-1985	-10230	-4883
-2320	-10095	-5015
-2615	-9420	-4529
-2320	-9285	-4714
-2320	-10095	-4848
-1985	-9285	-4569
-1985	-10230	-4629
-1985	-9285	-4618
-1985	-9420	-4622
-1985	-9420	-4753
-2195	-9285	-4526
-2385	-10095	-4716
-2175	-9575	-4761
-2175	-9825	-4590
-2175	-9415	-4735
-2075	-9285	-4670
-2005	-9420	-4610
290	-9420	-4539
290	-9415	-4577
290	-10095	-4458
1100	-9415	-4490
290	-9320	-4226
1335	-9420	-4375
290	-9285	-4427
290	-9420	-4282
290	-9960	-4627
290	-9420	-4537
-1385	-9420	-4407
-1385	-9415	-4648
-1385	-9205	-4337
-1385	-9285	-4290
-1385	-9285	-4587
-1385	-9415	-4637
-1385	-9285	-4385
-1895	-9285	-4205
-1985	-9285	-4454
1100	-9280	-4190
-2005	-9285	-4302
-2005	-9415	-4562
1105	-8390	-4414
1105	-9415	-4092
1105	-9280	-4673
1105	-9420	-4862
1335	-10230	-4520
1335	-9690	-4591
-1475	-9690	-4790
-1475	-9960	-4650
-1475	-10095	-4336
-1315	-9285	-4555
-1315	-9420	-4441
-1475	-9415	-4258
-1475	-9415	-4321
-1475	-10230	-4392
-1475	-10095	-4261
-1475	-9285	-4384
-1475	-9185	-4379
-1475	-9420	-4306
-1475	-9960	-4219
-1475	-9420	-4272
-1475	-9420	-4007
-1475	-9050	-4046
-1475	-9555	-4338
-1475	-9050	-4088
-1475	-9285	-4085
-1475	-8665	-4177
-1475	-9690	-4211
-1205	-9285	-3803
1435	-9070	-4140
1435	-9205	-4076
290	-9205	-3783
290	-9285	-4250
2165	-10230	-4367
-1475	-10095	-4415
-1475	-9285	-4266
-1915	-9285	-4132
-1915	-9555	-4008
-1915	-9185	-4018
-1915	-9050	-3785
-1915	-10230	-4323
-1915	-9085	-4074
1335	-9285	-3796
1335	-9185	-3987
1335	-9050	-3785
1505	-9085	-3724
1505	-9415	-3695
1505	-8880	-3406
1505	-8880	-3695
1505	-10095	-3876
1505	-8995	-3741
1505	-9050	-3629
1335	-9015	-3811
1335	-8815	-3660
1335	-9050	-3624
1335	-10095	-3873
290	-9285	-3757
2035	-10095	-3789
2035	-10230	-3771
2035	-10230	-3597
2035	-9690	-3548
2035	-9185	-3641
2035	-9420	-3651
2035	-9415	-3706
2035	-9280	-3456
290	-10095	-3638
290	-9690	-3801
290	-9150	-3891
290	-9825	-4042
-1785	-9280	-3431
-1975	-9280	-4083
-1975	-9415	-3594
695	-9185	-3719
695	-9185	-3523
1100	-9415	-3527
1100	-10095	-3524
695	-9145	-3527
290	-9415	-3790
290	-9825	-3506
425	-8440	-3357
425	-9185	-3589
290	-10095	-3558
290	-9050	-3468
290	-10095	-3279
290	-8950	-3383
290	-9555	-3239
290	-9185	-3539
1335	-8860	-3537
290	-9415	-3288
1100	-9050	-3205
1100	-8995	-3421
1100	-9960	-3384
1620	-9185	-3394
1100	-10230	-3410
1100	-9185	-3313
1100	-9150	-3297
1100	-9280	-3055
1100	-9050	-3231
1100	-9280	-3286
1100	-8485	-3149
2035	-8880	-3367
1100	-8745	-3365
1945	-8745	-3293
1100	-9085	-3250
1720	-8915	-3046
1945	-8070	-2797
1945	-9015	-2886
1945	-8350	-2665
1945	-9015	-2581
1945	-8880	-2645
1945	-8610	-2555
1720	-9555	-2685
1720	-8880	-2600
1720	-10095	-2154
1945	-9185	-2249
1945	-9555	-1907
1945	-8915	-1904
1945	-8880	-1249
1945	-8745	-1269
1945	-9285	-1044
1945	-8880	-1329
1945	-9420	-1499
1945	-9015	-1265
1945	-8605	-801
1945	-8340	-1184
1945	-9420	-1122
1945	-8645	-1054
1945	-9420	-1098
1945	-9285	-1216
1945	-9285	-937
2035	-9285	-1178
1535	-9420	-1045
1535	-8475	-1152
2035	-9285	-928
2035	-9070	-721
1945	-8965	-714
1635	-9050	-898
1635	-9285	-877
1635	-9185	-895
1635	-8645	-896
1635	-8375	-523
1635	-8745	-447
1505	-9085	-962
1945	-8510	-702
1945	-8880	-660
1945	-8780	-686
2035	-8645	-900
2035	-9825	-358
2035	-8375	-1038
2035	-8055	-706
2035	-10095	-571
1945	-8880	-571
2035	-8270	-709
2035	-9085	-703
2035	-8880	-338
2035	-8950	-864
2035	-9420	-876
2035	-8985	-714
2035	-8915	-566
2035	-9015	-467
2035	-10095	-593
2035	-8575	-543
2035	-8110	-371
2035	-9690	-392
2035	-8800	-666
2035	-8610	-236
2035	-10230	-20
2035	-7970	76
2035	-8745	-149
2035	-8575	-183
2035	-7225	226
2035	-7700	122
2035	-8035	119
2035	-8880	-176
2035	-9100	245
2035	-8065	456
2035	-7540	33
2035	-7535	78
2035	-9555	-232
2035	-8080	-204
2035	-8350	189
2035	-7855	-139
2035	-7430	254
2035	-8485	372
3835	-8350	385
3835	-7835	247
3835	-8915	174
3835	-7945	302
2035	-7810	91
2035	-8475	128
2035	-7945	62
2035	-8745	-116
2035	-8485	53
2035	-8350	21
2035	-7945	526
2035	-7195	69
2035	-7675	268
2035	-8205	-55
2035	-7540	281
2035	-7870	556
2035	-8350	535
2035	-7855	327
2035	-7625	581
2035	-7135	517
2035	-8350	421
2035	-10095	412
2035	-8880	1
2035	-8965	584
2035	-8740	806
2035	-8045	648
2035	-7135	664
2035	-7225	557
2035	-8350	551
2035	-6145	957
2035	-7540	815
2035	-7630	845
2035	-7670	683
2035	-7675	611
2035	-8215	672
2035	-7460	521
2035	-8350	255
2035	-8350	388
2035	-8485	254
2035	-7460	658
2035	-8485	708
2035	-8510	709
2035	-7270	671
2035	-8740	742
2035	-10095	376
2035	-7330	659
2035	-8475	820
2035	-7250	848
2035	-8800	459
2035	-7460	657
2035	-8815	833
2035	-7330	1042
2035	-6015	874
2035	-7135	876
2035	-7945	1057
2035	-7670	806
2035	-8485	850
2035	-8350	944
2035	-7945	816
2035	-7135	985
2035	-8915	703
2035	-8070	659
2035	-7220	1220
2035	-7135	1028
2035	-7355	954
2035	-9070	874
2035	-7135	713
2035	-7135	1176
2035	-7325	818
2035	-7535	1151
2035	-8580	1249
2035	-7440	755
2035	-8880	958
2035	-7135	1032
2035	-7675	923
2035	-7810	772
2035	-7135	1166
2035	-7535	1420
2035	-5935	1279
2035	-5585	1285
2035	-7135	1369
2035	-7135	1309
2035	-7945	1041
2035	-7330	1249
2035	-7135	1519
2035	-7675	1470
2035	-8475	1255
2035	-7325	1271
2035	-7135	1238
2035	-7330	1386
2035	-8105	1298
2035	-7625	1261
2035	-7135	1225
2035	-8215	1363
2035	-7135	1257
2035	-7135	985
2035	-7675	1199
2035	-7135	1000
2035	-7460	1409
2035	-7330	1364
2035	-9205	1278
2035	-8070	1307
2035	-7135	1473
2035	-7135	1165
2035	-7135	1252
2035	-5695	1410
2035	-7135	1047
2035	-7135	1498
2035	-6935	1621
2035	-7135	1529
2035	-7135	1717
2035	-2915	1878
2035	-5585	1630
2035	-7135	1606
2035	-8485	1421
2035	-7135	1620
2035	-7290	1623
2035	-6015	1551
2035	-5695	1577
2035	-5585	1701
2035	-6015	1627
2035	-4660	1863
2035	-8485	1713
2035	-6015	1531
2035	-7305	1546
2035	-6015	1705
2035	-7135	1750
2035	-7135	1560
2035	-3320	1839
2035	-8745	1458
2035	-6090	1590
2035	-5695	1643
2035	-7135	1725
2035	-5585	1818
2035	-7270	1448
2035	-5695	1597
2035	-6125	1612
2035	-6015	1498
2035	2035	2035
2035	2035	2035
2035	2035	2035
2035	2035	2035
2035	2035	2035
2035	2035	2035
2035	2035	2035
2035	2035	2035
2035	2035	2035
2035	2035	2035
2035	2035	2035
2035	2035	2035
2035	2035	2035
2035	2035	2035
2035	2035	2035
2035	2035	2035
2035	2035	2035
2035	2035	2035
2035	2035	2035
2035	2035	2035
2035	2035	2035
2035	2035	2035
2035	2035	2035
2035	2035	2035
2035	2035	2035
2035	2035	2035
2035	2035	2035
2035	2035	2035
2035	2035	2035
2035	2035	2035
2035	2035	2035
2035	2035	2035
2035	2035	2035
2035	2035	2035
2035	2035	2035
2035	2035	2035
2035	2035	2035
2035	2035	2035
2035	2035	2035
2035	2035	2035
2035	2035	2035
2035	2035	2035
2035	2035	2035
2035	2035	2035
2035	2035	2035
2035	2035	2035
2035	2035	2035
2035	2035	2035
2035	2035	2035
2035	2035	2035
2035	2035	2035
2035	2035	2035
2035	2035	2035
2035	2035	2035
2035	2035	2035
2035	2035	2035
2035	2035	2035
2035	2035	2035
2035	2035	2035
2035	2035	2035
2035	2035	2035
2035	2035	2035
2035	2035	2035
2035	2035	2035
2035	2035	2035
2035	2035	2035
2035	2035	2035
2035	2035	2035
2035	2035	2035
2035	2035	2035
2035	2035	2035
2035	2035	2035
2035	2035	2035
2035	2035	2035
2035	2035	2035
2035	2035	2035
2035	2035	2035
2035	2035	2035
2035	2035	2035
2035	2035	2035
2035	2035	2035
2035	2035	2035
2035	2035	2035
2035	2035	2035
2035	2035	2035
2035	2035	2035
2035	2035	2035
2035	2035	2035
2035	2035	2035
2035	2035	2035
2035	2035	2035
2035	2035	2035
2035	2035	2035
2035	2035	2035
2035	2035	2035
2035	2035	2035
2035	2035	2035
2035	2035	2035
2035	2035	2035
2035	2035	2035
2035	2035	2035
2035	2035	2035
2035	2035	2035
2035	2035	2035
2035	2035	2035
2035	2035	2035
2035	2035	2035
2035	2035	2035
2035	2035	2035
2035	2035	2035
2035	2035	2035
2035	2035	2035
2035	2035	2035
2035	2035	2035
2035	2035	2035
2035	2035	2035
2035	2035	2035
2035	2035	2035
2035	2035	2035
2035	2035	2035
2035	2035	2035
2035	2035	2035
2035	2035	2035
2035	2035	2035
2035	2035	2035
2035	2035	2035
2035	2035	2035
2035	2035	2035
2035	2035	2035
2035	2035	2035
2035	2035	2035
2035	2035	2035
2035	2035	2035
2035	2035	2035
2035	2035	2035
2035	2035	2035
2035	2035	2035
2035	2035	2035
2035	2035	2035
2035	2035	2035
2035	2035	2035
2035	2035	2035
2035	2035	2035
2035	2035	2035
2035	2035	2035
2035	2035	2035
2035	2035	2035
2035	2035	2035
2035	2035	2035
2035	2035	2035
2035	2035	2035
2035	2035	2035
2035	2035	2035
2035	2035	2035
2035	2035	2035
2035	2035	2035
2035	2035	2035
2035	2035	2035
2035	2035	2035
2035	2035	2035
2035	2035	2035
2035	2035	2035
2035	2035	2035
2035	2035	2035
2035	2035	2035
2035	2035	2035
2035	2035	2035
2035	2035	2035
2035	2035	2035
2035	2035	2035
2035	2035	2035
2035	2035	2035
2035	2035	2035
2035	2035	2035
2035	2035	2035
2035	2035	2035
2035	2035	2035
2035	2035	2035
2035	2035	2035
2035	2035	2035
2035	2035	2035
2035	2035	2035
2035	2035	2035
2035	2035	2035
2035	2035	2035
2035	2035	2035
2035	2035	2035
2035	2035	2035
2035	2035	2035
2035	2035	2035
2035	2035	2035
2035	2035	2035
2035	2035	2035
2035	2035	2035
2035	2035	2035
2035	2035	2035
2035	2035	2035
2035	2035	2035
2035	2035	2035
2035	2035	2035
2035	2035	2035
2035	2035	2035
2035	2035	2035
2035	2035	2035
2035	2035	2035
2035	2035	2035
2035	2035	2035
2035	2035	2035
2035	2035	2035
2035	2035	2035
2035	2035	2035
2035	2035	2035
2035	2035	2035
2035	2035	2035
2035	2035	2035
2035	2035	2035
2035	2035	2035
2035	2035	2035
2035	2035	2035
2035	2035	2035
2035	2035	2035
2035	2035	2035
2035	2035	2035
2035	2035	2035
2035	2035	2035
2035	2035	2035
2035	2035	2035
2035	2035	2035
2035	2035	2035
2035	2035	2035
2035	2035	2035
2035	2035	2035
2035	2035	2035
2035	2035	2035
2035	2035	2035
2035	2035	2035
2035	2035	2035
2035	2035	2035
2035	2035	2035
2035	2035	2035
2035	2035	2035
2035	2035	2035
2035	2035	2035
2035	2035	2035
2035	2035	2035
2035	2035	2035
2035	2035	2035
2035	2035	2035
2035	2035	2035
2035	2035	2035
2035	2035	2035
2035	2035	2035
2035	2035	2035
2035	2035	2035
2035	2035	2035
2035	2035	2035
2035	2035	2035
2035	2035	2035
2035	2035	2035
2035	2035	2035
2035	2035	2035
2035	2035	2035
2035	2035	2035
2035	2035	2035
2035	2035	2035
2035	2035	2035
2035	2035	2035
2035	2035	2035
2035	2035	2035
2035	2035	2035
2035	2035	2035
2035	2035	2035
2035	2035	2035
2035	2035	2035
2035	2035	2035
2035	2035	2035
2035	2035	2035
2035	2035	2035
2035	2035	2035
2035	2035	2035
2035	2035	2035
2035	2035	2035
2035	2035	2035
2035	2035	2035
2035	2035	2035
2035	2035	2035
2035	2035	2035
2035	2035	2035
2035	2035	2035
2035	2035	2035
2035	2035	2035
2035	2035	2035
2035	2035	2035
2035	2035	2035
2035	2035	2035
2035	2035	2035
2035	2035	2035
2035	2035	2035
2035	2035	2035
2035	2035	2035
2035	2035	2035
2035	2035	2035
2035	2035	2035
2035	2035	2035
2035	2035	2035
2035	2035	2035
2035	2035	2035
2035	2035	2035
2035	2035	2035
2035	2035	2035
2035	2035	2035
2035	2035	2035
2035	2035	2035
2035	2035	2035
2035	2035	2035
2035	2035	2035
2035	2035	2035
2035	2035	2035
2035	2035	2035
2035	2035	2035
2035	2035	2035
2035	2035	2035
2035	2035	2035
2035	2035	2035
2035	2035	2035
2035	2035	2035
2035	2035	2035
2035	2035	2035
2035	2035	2035
2035	2035	2035
2035	2035	2035
2035	2035	2035
2035	2035	2035
2035	2035	2035
2035	2035	2035
2035	2035	2035
2035	2035	2035
2035	2035	2035
2035	2035	2035
2035	2035	2035
2035	2035	2035
2035	2035	2035
2035	2035	2035
2035	2035	2035
2035	2035	2035
2035	2035	2035
2035	2035	2035
2035	2035	2035
2035	2035	2035
2035	2035	2035
2035	2035	2035
2035	2035	2035
2035	2035	2035
2035	2035	2035
2035	2035	2035
2035	2035	2035
2035	2035	2035
2035	2035	2035
2035	2035	2035
2035	2035	2035
2035	2035	2035
2035	2035	2035
2035	2035	2035
2035	2035	2035
2035	2035	2035
2035	2035	2035
2035	2035	2035
2035	2035	2035
2035	2035	2035
2035	2035	2035
2035	2035	2035
2035	2035	2035
2035	2035	2035
2035	2035	2035
2035	2035	2035
2035	2035	2035
2035	2035	2035
2035	2035	2035
2035	2035	2035
2035	2035	2035
2035	2035	2035
2035	2035	2035
2035	2035	2035
2035	2035	2035
2035	2035	2035
2035	2035	2035
2035	2035	2035
2035	2035	2035
2035	2035	2035
2035	2035	2035
2035	2035	2035
2035	2035	2035
2035	2035	2035
2035	2035	2035
2035	2035	2035
2035	2035	2035
2035	2035	2035
2035	2035	2035
2035	2035	2035
2035	2035	2035
2035	2035	2035
2035	2035	2035
2035	2035	2035
2035	2035	2035
2035	2035	2035
2035	2035	2035
2035	2035	2035
2035	2035	2035
2035	2035	2035
2035	2035	2035
2035	2035	2035
2035	2035	2035
2035	2035	2035
2035	2035	2035
2035	2035	2035
2035	2035	2035
2035	2035	2035
2035	2035	2035
2035	2035	2035
2035	2035	2035
2035	2035	2035
2035	2035	2035
2035	2035	2035
2035	2035	2035
2035	2035	2035
2035	2035	2035
2035	2035	2035
2035	2035	2035
2035	2035	2035
2035	2035	2035
2035	2035	2035
2035	2035	2035
2035	2035	2035
2035	2035	2035
2035	2035	2035
2035	2035	2035
2035	2035	2035
2035	2035	2035
2035	2035	2035
2035	2035	2035
2035	2035	2035
2035	2035	2035
2035	2035	2035
2035	2035	2035
2035	2035	2035
2035	2035	2035
2035	2035	2035
2035	2035	2035
2035	2035	2035
2035	2035	2035
2035	2035	2035
2035	2035	2035
2035	2035	2035
2035	2035	2035
2035	2035	2035
2035	2035	2035
2035	2035	2035
2035	2035	2035
2035	2035	2035
2035	2035	2035
2035	2035	2035
2035	2035	2035
2035	2035	2035
2035	2035	2035
2035	2035	2035
2035	2035	2035
2035	2035	2035
2035	2035	2035
2035	2035	2035
2035	2035	2035
2035	2035	2035
2035	2035	2035
2035	2035	2035
2035	2035	2035
2035	2035	2035
2035	2035	2035
