-62480 -63060 -58603
-46360 -52380 -49123
-45560 -47960 -47326
-44960 -47360 -46376
-44700 -46360 -45945
-14975 -46260 -44710
-10485 -44960 -31616
-10480 -20140 -15759
-10280 -16275 -13816
-9665 -14550 -12710
-9410 -13180 -12077
-9410 -12680 -11672
-9410 -12020 -11374
-9335 -11780 -11073
-9160 -11530 -10785
-9095 -11135 -10565
-9095 -10880 -10410
-9095 -10715 -10289
-8900 -10490 -10177
-8835 -10380 -10084
-8835 -10305 -9971
-8835 -10280 -9845
-8835 -10165 -9692
-8835 -10035 -9547
-8835 -9735 -9434
-8835 -9640 -9368
-8835 -9440 -9319
-8805 -9410 -9288
-8805 -9410 -9259
-8805 -9350 -9225
-8805 -9335 -9183
-8805 -9290 -9147
-8805 -9195 -9112
-8805 -9190 -9093
-8770 -9160 -9071
-8770 -9155 -9044
-8770 -9100 -9015
-8770 -9095 -8989
-8735 -9045 -8952
-8735 -9005 -8924
-8735 -9000 -8893
-8635 -8965 -8862
-8635 -8905 -8840
-8535 -8870 -8826
-7905 -8840 -8819
-7905 -8835 -8817
-7740 -8835 -8796
-7740 -8835 -8779
-7740 -8835 -8766
-7570 -8835 -8745
-7570 -8835 -8734
-7570 -8835 -8716
-7570 -8805 -8702
-7570 -8805 -8692
-7570 -8805 -8673
-7570 -8780 -8648
-7570 -8770 -8641
-7570 -8770 -8623
-7570 -8770 -8597
-7570 -8770 -8564
-7570 -8735 -8531
-7570 -8735 -8484
-7570 -8635 -8441
-7570 -8575 -8403
-7570 -8575 -8368
-7570 -8455 -8345
-7570 -8440 -8320
-7570 -8440 -8298
-7570 -8415 -8272
-7570 -8400 -8241
-7570 -8365 -8201
-7570 -8355 -8162
-7570 -8270 -8127
-7570 -8240 -8104
-7570 -8170 -8092
-7570 -8150 -8080
-7470 -8150 -8070
-7470 -8140 -8062
-7470 -8140 -8040
-7470 -8135 -8019
-7470 -8135 -7993
-7470 -8070 -7973
-7470 -8050 -7955
-7470 -8025 -7938
-7470 -7990 -7925
-7470 -7990 -7920
-7470 -7975 -7916
-7470 -7970 -7907
-7470 -7970 -7902
-7470 -7965 -7892
-7470 -7955 -7882
-7470 -7945 -7872
-7470 -7945 -7859
-7470 -7920 -7847
-7470 -7920 -7825
-7470 -7905 -7800
-7470 -7905 -7777
-7470 -7815 -7762
-7470 -7810 -7752
-7470 -7810 -7740
-7470 -7770 -7727
-7415 -7770 -7717
-7415 -7770 -7711
-7415 -7740 -7707
-7415 -7740 -7703
-7415 -7740 -7697
-7415 -7740 -7686
-7415 -7735 -7672
-7415 -7735 -7659
-7415 -7680 -7651
-7415 -7670 -7649
-7020 -7670 -7645
-7020 -7670 -7644
-7020 -7670 -7644
-7020 -7670 -7640
-7020 -7670 -7637
-7020 -7670 -7630
-6930 -7670 -7619
-6930 -7670 -7608
-6930 -7640 -7603
-6930 -7635 -7600
-6835 -7635 -7589
-6835 -7635 -7580
-6835 -7635 -7569
-6835 -7610 -7558
-6835 -7585 -7548
-6835 -7585 -7544
-6835 -7580 -7542
-6835 -7580 -7534
-6835 -7570 -7531
-6835 -7570 -7529
-6835 -7570 -7528
-6835 -7570 -7524
-6835 -7570 -7518
3045 -7570 -7458
3120 -7540 -7146
3525 -7540 -6518
3525 -7535 -6072
3525 -7530 -5629
3525 -7480 -4764
3625 -7355 -3293
14170 -6845 -1221
15345 -4095 1532
15765 -250 3609
16165 1200 5526
16425 2135 8276
16425 3120 12101
16425 12725 14947
16555 14240 15443
16835 15210 15768
41195 15345 16127
41195 15760 16472
41445 15975 16972
41925 16165 17173
42805 16255 17803
43005 16420 18628
45515 16425 20738
45715 16455 22625
45855 16555 26268
45855 16655 32086
46045 17145 39045
46115 41095 43301
46115 41955 44196
46115 42805 44928
46115 44635 45483
46245 45265 45708
46245 45515 45856
46245 45715 45959
46245 45855 46035
46245 45855 46099
46245 46045 46130
46245 46115 46140
46245 46115 46149
46245 46115 46166
46245 46115 46189
46245 46145 46218
46245 46175 46235
46245 46245 46245
46245 46245 46245
46245 46245 46245
46245 46245 46245
46245 46245 46245
46245 46245 46245
46245 46245 46245
46245 46245 46245
46245 46245 46245
46245 46245 46245
46245 46245 46245
46245 46245 46245
46475 46245 46246
46475 46245 46253
46475 46245 46262
46475 46245 46276
46475 46245 46287
46475 46245 46302
46475 46245 46332
46475 46245 46383
46475 46275 46443
46475 46405 46472
46475 46475 46475
46475 46475 46475
46475 46475 46475
46475 46475 46475
46475 46475 46475
46475 46475 46475
46475 46475 46475
46475 46475 46475
46475 46475 46475
46475 46475 46475
46475 46475 46475
46475 46475 46475
46475 46475 46475
46475 46475 46475
46475 46475 46475
46475 46475 46475
46475 46475 46475
46475 46475 46475
46475 46475 46475
46475 46475 46475
46475 46475 46475
46475 46475 46475
46475 46475 46475
46475 46475 46475
46475 46475 46475
46475 46475 46475
46475 46475 46475
46475 46475 46475
46475 46475 46475
46475 46475 46475
46475 46475 46475
46475 46475 46475
46475 46475 46475
46475 46475 46475
46475 46475 46475
46475 46475 46475
46475 46475 46475
46475 46475 46475
46475 46475 46475
46475 46475 46475
46475 46475 46475
46475 46475 46475
46475 46475 46475
46475 46475 46475
46475 46475 46475
46475 46475 46475
46475 46475 46475
46475 46475 46475
46475 46475 46475
46475 46475 46475
46475 46475 46475
46475 46475 46475
46475 46475 46475
46475 46475 46475
46475 46475 46475
46475 46475 46475
46475 46475 46475
46475 46475 46475
46475 46475 46475
46475 46475 46475
46475 46475 46475
46475 46475 46475
46475 46475 46475
46475 46475 46475
46475 46475 46475
46475 46475 46475
46475 46475 46475
46475 46475 46475
46475 46475 46475
46475 46475 46475
46475 46475 46475
46475 46475 46475
46475 46475 46475
46475 46475 46475
46475 46475 46475
46475 46475 46475
46475 46475 46475
46475 46475 46475
46475 46475 46475
46475 46475 46475
46475 46475 46475
46475 46475 46475
46475 46475 46475
46475 46475 46475
46475 46475 46475
46475 46475 46475
46475 46475 46475
46475 46475 46475
46475 46475 46475
46475 46475 46475
46475 46475 46475
46475 46475 46475
46475 46475 46475
46475 46475 46475
46475 46475 46475
46475 46475 46475
46475 46475 46475
46475 46475 46475
46475 46475 46475
46475 46475 46475
46605 46475 46476
46605 46475 46482
46605 46475 46487
46605 46475 46492
46605 46475 46497
46605 46475 46502
46605 46475 46515
46605 46475 46543
46605 46475 46576
46605 46605 46605
46605 46605 46605
46605 46605 46605
46605 46605 46605
46605 46605 46605
46605 46605 46605
46605 46605 46605
46605 46605 46605
46605 46605 46605
46605 46605 46605
46605 46605 46605
46605 46605 46605
46605 46605 46605
46605 46605 46605
46605 46605 46605
46605 46605 46605
46605 46605 46605
46605 46605 46605
46605 46605 46605
46605 46605 46605
46605 46605 46605
46605 46605 46605
46605 46605 46605
46605 46605 46605
46605 46605 46605
46605 46605 46605
46605 46605 46605
46605 46605 46605
46605 46605 46605
46605 46605 46605
46605 46605 46605
46605 46605 46605
46605 46605 46605
46605 46605 46605
46735 46605 46606
46735 46605 46613
46735 46605 46619
46735 46605 46633
46735 46605 46649
46735 46605 46677
46735 46605 46713
46735 46735 46735
46735 46735 46735
46735 46735 46735
46735 46735 46735
46735 46735 46735
46735 46735 46735
46735 46735 46735
46735 46735 46735
46735 46735 46735
46735 46735 46735
46735 46735 46735
46735 46735 46735
46735 46735 46735
46735 46735 46735
46735 46735 46735
46735 46735 46735
46735 46735 46735
46735 46735 46735
46735 46735 46735
46735 46735 46735
46735 46735 46735
46735 46735 46735
46735 46735 46735
46735 46735 46735
46735 46735 46735
46735 46735 46735
46735 46735 46735
46735 46735 46735
46735 46735 46735
46735 46735 46735
46735 46735 46735
46735 46735 46735
46735 46735 46735
46735 46735 46735
46735 46735 46735
46735 46735 46735
46735 46735 46735
46735 46735 46735
46735 46735 46735
46735 46735 46735
46735 46735 46735
46735 46735 46735
46735 46735 46735
46735 46735 46735
46735 46735 46735
46735 46735 46735
46735 46735 46735
46735 46735 46735
46735 46735 46735
46735 46735 46735
46735 46735 46735
46735 46735 46735
46735 46735 46735
46735 46735 46735
46735 46735 46735
46735 46735 46735
46735 46735 46735
46735 46735 46735
46735 46735 46735
46735 46735 46735
46735 46735 46735
46735 46735 46735
46735 46735 46735
46735 46735 46735
46735 46735 46735
46735 46735 46735
46735 46735 46735
46735 46735 46735
46735 46735 46735
46735 46735 46735
46735 46735 46735
46735 46735 46735
46735 46735 46735
46735 46735 46735
46735 46735 46735
46735 46735 46735
46735 46735 46735
46735 46735 46735
46735 46735 46735
46735 46735 46735
46735 46735 46735
46735 46735 46735
46735 46735 46735
46735 46735 46735
46735 46735 46735
46735 46735 46735
46735 46735 46735
46735 46735 46735
46735 46735 46735
46735 46735 46735
46735 46735 46735
46735 46735 46735
46735 46735 46735
46735 46735 46735
46735 46735 46735
46735 46735 46735
46735 46735 46735
46735 46735 46735
46735 46735 46735
46735 46735 46735
46735 46735 46735
46735 46735 46735
46735 46735 46735
46735 46735 46735
46735 46735 46735
46735 46735 46735
46735 46735 46735
46735 46735 46735
46735 46735 46735
46735 46735 46735
46735 46735 46735
46735 46735 46735
46735 46735 46735
46735 46735 46735
46735 46735 46735
46735 46735 46735
46735 46735 46735
46735 46735 46735
46735 46735 46735
46735 46735 46735
46735 46735 46735
46735 46735 46735
46735 46735 46735
46735 46735 46735
46735 46735 46735
46735 46735 46735
46735 46735 46735
46735 46735 46735
46735 46735 46735
46735 46735 46735
46735 46735 46735
46735 46735 46735
46735 46735 46735
46735 46735 46735
46735 46735 46735
46735 46735 46735
46735 46735 46735
46735 46735 46735
46735 46735 46735
46735 46735 46735
46735 46735 46735
46735 46735 46735
46735 46735 46735
46735 46735 46735
46735 46735 46735
46735 46735 46735
46735 46735 46735
46735 46735 46735
46735 46735 46735
46735 46735 46735
46735 46735 46735
46735 46735 46735
46735 46735 46735
46735 46735 46735
46735 46735 46735
46735 46735 46735
46735 46735 46735
46735 46735 46735
46735 46735 46735
46735 46735 46735
46735 46735 46735
46735 46735 46735
46735 46735 46735
46735 46735 46735
46735 46735 46735
46735 46735 46735
46735 46735 46735
46735 46735 46735
46735 46735 46735
46735 46735 46735
46735 46735 46735
46735 46735 46735
46735 46735 46735
46735 46735 46735
46735 46735 46735
46735 46735 46735
46735 46735 46735
46735 46735 46735
46735 46735 46735
46735 46735 46735
46735 46735 46735
46735 46735 46735
46735 46735 46735
46735 46735 46735
46735 46735 46735
46735 46735 46735
46735 46735 46735
46735 46735 46735
46735 46735 46735
46735 46735 46735
46735 46735 46735
46735 46735 46735
46735 46735 46735
46735 46735 46735
46735 46735 46735
46735 46735 46735
46735 46735 46735
46735 46735 46735
46735 46735 46735
46735 46735 46735
46735 46735 46735
46735 46735 46735
46735 46735 46735
46735 46735 46735
46735 46735 46735
46735 46735 46735
46735 46735 46735
46735 46735 46735
46735 46735 46735
46735 46735 46735
46735 46735 46735
46735 46735 46735
46735 46735 46735
46735 46735 46735
46735 46735 46735
46735 46735 46735
46735 46735 46735
46735 46735 46735
46735 46735 46735
46735 46735 46735
46735 46735 46735
46735 46735 46735
46735 46735 46735
46735 46735 46735
46735 46735 46735
46735 46735 46735
46735 46735 46735
46735 46735 46735
46735 46735 46735
46735 46735 46735
46735 46735 46735
46735 46735 46735
46735 46735 46735
46735 46735 46735
46735 46735 46735
46735 46735 46735
46735 46735 46735
46735 46735 46735
46735 46735 46735
46735 46735 46735
46735 46735 46735
46735 46735 46735
46735 46735 46735
46735 46735 46735
46735 46735 46735
46735 46735 46735
46735 46735 46735
46735 46735 46735
46735 46735 46735
46735 46735 46735
46735 46735 46735
46735 46735 46735
46735 46735 46735
46735 46735 46735
46735 46735 46735
46735 46735 46735
46735 46735 46735
46735 46735 46735
46735 46735 46735
46735 46735 46735
46735 46735 46735
46735 46735 46735
46735 46735 46735
46735 46735 46735
46735 46735 46735
46735 46735 46735
46735 46735 46735
46735 46735 46735
46735 46735 46735
46735 46735 46735
46735 46735 46735
46735 46735 46735
46735 46735 46735
46735 46735 46735
46735 46735 46735
46735 46735 46735
46735 46735 46735
46735 46735 46735
46735 46735 46735
46735 46735 46735
46735 46735 46735
46735 46735 46735
46735 46735 46735
46735 46735 46735
46735 46735 46735
46735 46735 46735
46735 46735 46735
46735 46735 46735
46735 46735 46735
46735 46735 46735
46735 46735 46735
46735 46735 46735
46735 46735 46735
46735 46735 46735
46735 46735 46735
46735 46735 46735
46735 46735 46735
46735 46735 46735
46735 46735 46735
46735 46735 46735
46735 46735 46735
46735 46735 46735
46735 46735 46735
46735 46735 46735
46735 46735 46735
46735 46735 46735
46735 46735 46735
46735 46735 46735
46735 46735 46735
46735 46735 46735
46735 46735 46735
46735 46735 46735
46735 46735 46735
46735 46735 46735
46735 46735 46735
46735 46735 46735
46735 46735 46735
46735 46735 46735
46735 46735 46735
46735 46735 46735
46735 46735 46735
46735 46735 46735
46735 46735 46735
46735 46735 46735
46735 46735 46735
46735 46735 46735
46735 46735 46735
46735 46735 46735
46735 46735 46735
46735 46735 46735
46735 46735 46735
46735 46735 46735
46735 46735 46735
46735 46735 46735
46735 46735 46735
46735 46735 46735
46735 46735 46735
46735 46735 46735
46735 46735 46735
46735 46735 46735
46735 46735 46735
46735 46735 46735
46735 46735 46735
46735 46735 46735
46735 46735 46735
46735 46735 46735
46735 46735 46735
46735 46735 46735
46735 46735 46735
46735 46735 46735
46735 46735 46735
46735 46735 46735
46735 46735 46735
46735 46735 46735
46735 46735 46735
46735 46735 46735
46735 46735 46735
46735 46735 46735
46735 46735 46735
46735 46735 46735
46735 46735 46735
46735 46735 46735
46735 46735 46735
46735 46735 46735
46735 46735 46735
46735 46735 46735
46735 46735 46735
46735 46735 46735
46735 46735 46735
46735 46735 46735
46735 46735 46735
46735 46735 46735
46735 46735 46735
46735 46735 46735
46735 46735 46735
46735 46735 46735
46735 46735 46735
46735 46735 46735
46735 46735 46735
46735 46735 46735
46735 46735 46735
46735 46735 46735
46735 46735 46735
46735 46735 46735
46735 46735 46735
46735 46735 46735
46735 46735 46735
46735 46735 46735
46735 46735 46735
46735 46735 46735
46735 46735 46735
46735 46735 46735
46735 46735 46735
46735 46735 46735
46735 46735 46735
46735 46735 46735
46735 46735 46735
46735 46735 46735
46735 46735 46735
46735 46735 46735
46735 46735 46735
46735 46735 46735
46735 46735 46735
46735 46735 46735
46735 46735 46735
46735 46735 46735
46735 46735 46735
46735 46735 46735
46735 46735 46735
46735 46735 46735
46735 46735 46735
46735 46735 46735
46735 46735 46735
46735 46735 46735
46735 46735 46735
46735 46735 46735
46735 46735 46735
46735 46735 46735
46735 46735 46735
46735 46735 46735
46735 46735 46735
46735 46735 46735
46735 46735 46735
46735 46735 46735
46735 46735 46735
46735 46735 46735
46735 46735 46735
46735 46735 46735
46735 46735 46735
46735 46735 46735
46735 46735 46735
46735 46735 46735
46735 46735 46735
46735 46735 46735
46735 46735 46735
46735 46735 46735
46735 46735 46735
46735 46735 46735
46735 46735 46735
46735 46735 46735
46735 46735 46735
46735 46735 46735
46735 46735 46735
46735 46735 46735
46735 46735 46735
46735 46735 46735
46735 46735 46735
46735 46735 46735
46735 46735 46735
46735 46735 46735
46735 46735 46735
46735 46735 46735
46735 46735 46735
46735 46735 46735
46735 46735 46735
46735 46735 46735
46735 46735 46735
46735 46735 46735
46735 46735 46735
46735 46735 46735
46735 46735 46735
46735 46735 46735
46735 46735 46735
46735 46735 46735
46735 46735 46735
46735 46735 46735
46735 46735 46735
46735 46735 46735
46735 46735 46735
46735 46735 46735
46735 46735 46735
46735 46735 46735
46735 46735 46735
46735 46735 46735
46735 46735 46735
46735 46735 46735
46735 46735 46735
46735 46735 46735
46735 46735 46735
46735 46735 46735
46735 46735 46735
46735 46735 46735
46735 46735 46735
46735 46735 46735
46735 46735 46735
46735 46735 46735
46735 46735 46735
46735 46735 46735
46735 46735 46735
46735 46735 46735
46735 46735 46735
46735 46735 46735
46735 46735 46735
46735 46735 46735
46735 46735 46735
46735 46735 46735
46735 46735 46735
46735 46735 46735
46735 46735 46735
46735 46735 46735
46735 46735 46735
46735 46735 46735
46735 46735 46735
46735 46735 46735
46735 46735 46735
46735 46735 46735
46735 46735 46735
46735 46735 46735
46735 46735 46735
46735 46735 46735
46735 46735 46735
46735 46735 46735
46735 46735 46735
46735 46735 46735
46735 46735 46735
46735 46735 46735
46735 46735 46735
46735 46735 46735
46735 46735 46735
46735 46735 46735
46735 46735 46735
46735 46735 46735
46735 46735 46735
46735 46735 46735
46735 46735 46735
46735 46735 46735
46735 46735 46735
46735 46735 46735
46735 46735 46735
46735 46735 46735
46735 46735 46735
46735 46735 46735
46735 46735 46735
46735 46735 46735
46735 46735 46735
46735 46735 46735
46735 46735 46735
46735 46735 46735
46735 46735 46735
46735 46735 46735
46735 46735 46735
46735 46735 46735
46735 46735 46735
46735 46735 46735
46735 46735 46735
46735 46735 46735
46735 46735 46735
46735 46735 46735
46735 46735 46735
46735 46735 46735
46735 46735 46735
46735 46735 46735
46735 46735 46735
46735 46735 46735
46735 46735 46735
46735 46735 46735
46735 46735 46735
46735 46735 46735
46735 46735 46735
46735 46735 46735
46735 46735 46735
46735 46735 46735
46735 46735 46735
46735 46735 46735
46735 46735 46735
46735 46735 46735
46735 46735 46735
46735 46735 46735
46735 46735 46735
46735 46735 46735
46735 46735 46735
46735 46735 46735
46735 46735 46735
46735 46735 46735
46735 46735 46735
46735 46735 46735
46735 46735 46735
46735 46735 46735
46735 46735 46735
46735 46735 46735
46735 46735 46735
46735 46735 46735
46735 46735 46735
46735 46735 46735
46735 46735 46735
46735 46735 46735
46735 46735 46735
46735 46735 46735
46735 46735 46735
46735 46735 46735
46735 46735 46735
46735 46735 46735
46735 46735 46735
46735 46735 46735
46735 46735 46735
46735 46735 46735
46735 46735 46735
46735 46735 46735
46735 46735 46735
46735 46735 46735
46735 46735 46735
46735 46735 46735
46735 46735 46735
46735 46735 46735
46735 46735 46735
46735 46735 46735
46735 46735 46735
46735 46735 46735
46735 46735 46735
46735 46735 46735
46735 46735 46735
46735 46735 46735
46735 46735 46735
46735 46735 46735
46735 46735 46735
46735 46735 46735
46735 46735 46735
46735 46735 46735
46735 46735 46735
46735 46735 46735
46735 46735 46735
46735 46735 46735
46735 46735 46735
46735 46735 46735
46735 46735 46735
46735 46735 46735
46735 46735 46735
46735 46735 46735
46735 46735 46735
46735 46735 46735
46735 46735 46735
46735 46735 46735
46735 46735 46735
46735 46735 46735
46735 46735 46735
46735 46735 46735
46735 46735 46735
46735 46735 46735
46735 46735 46735
46735 46735 46735
46735 46735 46735
46735 46735 46735
46735 46735 46735
46735 46735 46735
46735 46735 46735
46735 46735 46735
46735 46735 46735
46735 46735 46735
46735 46735 46735
46735 46735 46735
46735 46735 46735
46735 46735 46735
46735 46735 46735
46735 46735 46735
46735 46735 46735
46735 46735 46735
46735 46735 46735
46735 46735 46735
46735 46735 46735
46735 46735 46735
46735 46735 46735
46735 46735 46735
46735 46735 46735
46735 46735 46735
46735 46735 46735
46735 46735 46735
46735 46735 46735
46735 46735 46735
46735 46735 46735
46735 46735 46735
46735 46735 46735
46735 46735 46735
46735 46735 46735
46735 46735 46735
46735 46735 46735
46735 46735 46735
46735 46735 46735
46735 46735 46735
46735 46735 46735
46735 46735 46735
46735 46735 46735
46735 46735 46735
46735 46735 46735
46735 46735 46735
46735 46735 46735
46735 46735 46735
46735 46735 46735
46735 46735 46735
46735 46735 46735
46735 46735 46735
46735 46735 46735
46735 46735 46735
46735 46735 46735
46735 46735 46735
46735 46735 46735
46735 46735 46735
46735 46735 46735
46735 46735 46735
46735 46735 46735
46735 46735 46735
46735 46735 46735
46735 46735 46735
46735 46735 46735
46735 46735 46735
46735 46735 46735
46735 46735 46735
46735 46735 46735
46735 46735 46735
46735 46735 46735
46735 46735 46735
46735 46735 46735
46735 46735 46735
46735 46735 46735
46735 46735 46735
46735 46735 46735
46735 46735 46735
46735 46735 46735
46735 46735 46735
46735 46735 46735
46735 46735 46735
46735 46735 46735
46735 46735 46735
46735 46735 46735
46735 46735 46735
46735 46735 46735
46735 46735 46735
46735 46735 46735
46735 46735 46735
46735 46735 46735
46735 46735 46735
46735 46735 46735
46735 46735 46735
46735 46735 46735
46735 46735 46735
46735 46735 46735
46735 46735 46735
46735 46735 46735
46735 46735 46735
46735 46735 46735
46735 46735 46735
46735 46735 46735
46735 46735 46735
46735 46735 46735
46735 46735 46735
46735 46735 46735
46735 46735 46735
46735 46735 46735
46735 46735 46735
46735 46735 46735
46735 46735 46735
46735 46735 46735
46735 46735 46735
46735 46735 46735
46735 46735 46735
46735 46735 46735
46735 46735 46735
46735 46735 46735
46735 46735 46735
46735 46735 46735
46735 46735 46735
46735 46735 46735
46735 46735 46735
46735 46735 46735
46735 46735 46735
46735 46735 46735
46735 46735 46735
46735 46735 46735
46735 46735 46735
46735 46735 46735
46735 46735 46735
46735 46735 46735
46735 46735 46735
46735 46735 46735
46735 46735 46735
46735 46735 46735
46735 46735 46735
46735 46735 46735
46735 46735 46735
46735 46735 46735
46735 46735 46735
46735 46735 46735
46735 46735 46735
46735 46735 46735
46735 46735 46735
46735 46735 46735
46735 46735 46735
46735 46735 46735
46735 46735 46735
46735 46735 46735
46735 46735 46735
46735 46735 46735
46735 46735 46735
46735 46735 46735
46735 46735 46735
46735 46735 46735
46735 46735 46735
46735 46735 46735
46735 46735 46735
46735 46735 46735
46735 46735 46735
46735 46735 46735
46735 46735 46735
46735 46735 46735
46735 46735 46735
46735 46735 46735
46735 46735 46735
46735 46735 46735
46735 46735 46735
46735 46735 46735
46735 46735 46735
46735 46735 46735
46735 46735 46735
46735 46735 46735
46735 46735 46735
46735 46735 46735
46735 46735 46735
46735 46735 46735
46735 46735 46735
46735 46735 46735
46735 46735 46735
46735 46735 46735
46735 46735 46735
46735 46735 46735
46735 46735 46735
46735 46735 46735
46735 46735 46735
46735 46735 46735
46735 46735 46735
46735 46735 46735
46735 46735 46735
46735 46735 46735
46735 46735 46735
46735 46735 46735
46735 46735 46735
46735 46735 46735
46735 46735 46735
46735 46735 46735
46735 46735 46735
46735 46735 46735
46735 46735 46735
46735 46735 46735
46735 46735 46735
46735 46735 46735
46735 46735 46735
46735 46735 46735
46735 46735 46735
46735 46735 46735
46735 46735 46735
46735 46735 46735
46735 46735 46735
46735 46735 46735
46735 46735 46735
46735 46735 46735
46735 46735 46735
46735 46735 46735
46735 46735 46735
46735 46735 46735
46735 46735 46735
46735 46735 46735
46735 46735 46735
46735 46735 46735
46735 46735 46735
46735 46735 46735
46735 46735 46735
46735 46735 46735
46735 46735 46735
46735 46735 46735
46735 46735 46735
46735 46735 46735
46735 46735 46735
46735 46735 46735
46735 46735 46735
46735 46735 46735
46735 46735 46735
46735 46735 46735
46735 46735 46735
46735 46735 46735
46735 46735 46735
46735 46735 46735
46735 46735 46735
46735 46735 46735
46735 46735 46735
46735 46735 46735
46735 46735 46735
46735 46735 46735
46735 46735 46735
46735 46735 46735
46735 46735 46735
46735 46735 46735
46735 46735 46735
46735 46735 46735
46735 46735 46735
46735 46735 46735
46735 46735 46735
46735 46735 46735
46735 46735 46735
46735 46735 46735
46735 46735 46735
46735 46735 46735
46735 46735 46735
46735 46735 46735
46735 46735 46735
46735 46735 46735
46735 46735 46735
46735 46735 46735
46735 46735 46735
46735 46735 46735
46735 46735 46735
46735 46735 46735
46735 46735 46735
46735 46735 46735
46735 46735 46735
46735 46735 46735
46735 46735 46735
46735 46735 46735
46735 46735 46735
46735 46735 46735
46735 46735 46735
46735 46735 46735
46735 46735 46735
46735 46735 46735
46735 46735 46735
46735 46735 46735
46735 46735 46735
46735 46735 46735
46735 46735 46735
46735 46735 46735
46735 46735 46735
46735 46735 46735
46735 46735 46735
46735 46735 46735
46735 46735 46735
46735 46735 46735
46735 46735 46735
46735 46735 46735
46735 46735 46735
46735 46735 46735
46735 46735 46735
46735 46735 46735
46735 46735 46735
46735 46735 46735
46735 46735 46735
46735 46735 46735
46735 46735 46735
46735 46735 46735
46735 46735 46735
46735 46735 46735
46735 46735 46735
46735 46735 46735
46735 46735 46735
46735 46735 46735
46735 46735 46735
46735 46735 46735
46735 46735 46735
46735 46735 46735
46735 46735 46735
46735 46735 46735
46735 46735 46735
46735 46735 46735
46735 46735 46735
46735 46735 46735
46735 46735 46735
46735 46735 46735
46735 46735 46735
46735 46735 46735
46735 46735 46735
46735 46735 46735
46735 46735 46735
46735 46735 46735
46735 46735 46735
46735 46735 46735
46735 46735 46735
46735 46735 46735
46735 46735 46735
46735 46735 46735
46735 46735 46735
46735 46735 46735
46735 46735 46735
46735 46735 46735
46735 46735 46735
46735 46735 46735
46735 46735 46735
46735 46735 46735
46735 46735 46735
46735 46735 46735
46735 46735 46735
46735 46735 46735
46735 46735 46735
46735 46735 46735
46735 46735 46735
46735 46735 46735
46735 46735 46735
46735 46735 46735
46735 46735 46735
46735 46735 46735
46735 46735 46735
46735 46735 46735
46735 46735 46735
46735 46735 46735
46735 46735 46735
46735 46735 46735
46735 46735 46735
46735 46735 46735
46735 46735 46735
46735 46735 46735
46735 46735 46735
46735 46735 46735
46735 46735 46735
46735 46735 46735
46735 46735 46735
46735 46735 46735
46735 46735 46735
46735 46735 46735
46735 46735 46735
46735 46735 46735
46735 46735 46735
46735 46735 46735
46735 46735 46735
46735 46735 46735
46735 46735 46735
46735 46735 46735
46735 46735 46735
46735 46735 46735
46735 46735 46735
46735 46735 46735
46735 46735 46735
46735 46735 46735
46735 46735 46735
46735 46735 46735
46735 46735 46735
46735 46735 46735
46735 46735 46735
46735 46735 46735
46735 46735 46735
46735 46735 46735
46735 46735 46735
46735 46735 46735
46735 46735 46735
46735 46735 46735
46735 46735 46735
46735 46735 46735
46735 46735 46735
46735 46735 46735
46735 46735 46735
46735 46735 46735
46735 46735 46735
46735 46735 46735
46735 46735 46735
46735 46735 46735
46735 46735 46735
46735 46735 46735
46735 46735 46735
46735 46735 46735
46735 46735 46735
46735 46735 46735
46735 46735 46735
46735 46735 46735
46735 46735 46735
46735 46735 46735
46735 46735 46735
46735 46735 46735
46735 46735 46735
46735 46735 46735
46735 46735 46735
46735 46735 46735
46735 46735 46735
46735 46735 46735
46735 46735 46735
46735 46735 46735
46735 46735 46735
46735 46735 46735
46735 46735 46735
46735 46735 46735
46735 46735 46735
46735 46735 46735
46735 46735 46735
46735 46735 46735
46735 46735 46735
46735 46735 46735
46735 46735 46735
46735 46735 46735
46735 46735 46735
46735 46735 46735
46735 46735 46735
46735 46735 46735
46735 46735 46735
46735 46735 46735
46735 46735 46735
46735 46735 46735
46735 46735 46735
46735 46735 46735
46735 46735 46735
46735 46735 46735
46735 46735 46735
46735 46735 46735
46735 46735 46735
46735 46735 46735
46735 46735 46735
46735 46735 46735
46735 46735 46735
46735 46735 46735
46735 46735 46735
46735 46735 46735
46735 46735 46735
46735 46735 46735
46735 46735 46735
46735 46735 46735
46735 46735 46735
46735 46735 46735
46735 46735 46735
46735 46735 46735
46735 46735 46735
46735 46735 46735
46735 46735 46735
46735 46735 46735
46735 46735 46735
46735 46735 46735
46735 46735 46735
46735 46735 46735
46735 46735 46735
46735 46735 46735
46735 46735 46735
46735 46735 46735
46735 46735 46735
46735 46735 46735
46735 46735 46735
46735 46735 46735
46735 46735 46735
46735 46735 46735
46735 46735 46735
46735 46735 46735
46735 46735 46735
46735 46735 46735
46735 46735 46735
46735 46735 46735
46735 46735 46735
46735 46735 46735
46735 46735 46735
46735 46735 46735
46735 46735 46735
46735 46735 46735
46735 46735 46735
46735 46735 46735
46735 46735 46735
46735 46735 46735
46735 46735 46735
46735 46735 46735
46735 46735 46735
46735 46735 46735
46735 46735 46735
46735 46735 46735
46735 46735 46735
46735 46735 46735
46735 46735 46735
46735 46735 46735
46735 46735 46735
46735 46735 46735
46735 46735 46735
46735 46735 46735
46735 46735 46735
46735 46735 46735
46735 46735 46735
46735 46735 46735
46735 46735 46735
46735 46735 46735
46735 46735 46735
46735 46735 46735
46735 46735 46735
46735 46735 46735
46735 46735 46735
46735 46735 46735
46735 46735 46735
46735 46735 46735
46735 46735 46735
46735 46735 46735
46735 46735 46735
46735 46735 46735
46735 46735 46735
46735 46735 46735
46735 46735 46735
46735 46735 46735
46735 46735 46735
46735 46735 46735
46735 46735 46735
46735 46735 46735
46735 46735 46735
46735 46735 46735
46735 46735 46735
46735 46735 46735
46735 46735 46735
46735 46735 46735
46735 46735 46735
46735 46735 46735
46735 46735 46735
46735 46735 46735
46735 46735 46735
46735 46735 46735
46735 46735 46735
46735 46735 46735
46735 46735 46735
46735 46735 46735
46735 46735 46735
46735 46735 46735
46735 46735 46735
46735 46735 46735
46735 46735 46735
46735 46735 46735
46735 46735 46735
46735 46735 46735
46735 46735 46735
46735 46735 46735
46735 46735 46735
46735 46735 46735
46735 46735 46735
46735 46735 46735
46735 46735 46735
46735 46735 46735
46735 46735 46735
46735 46735 46735
46735 46735 46735
46735 46735 46735
46735 46735 46735
46735 46735 46735
46735 46735 46735
46735 46735 46735
46735 46735 46735
46735 46735 46735
46735 46735 46735
46735 46735 46735
46735 46735 46735
46735 46735 46735
46735 46735 46735
46735 46735 46735
46735 46735 46735
46735 46735 46735
46735 46735 46735
46735 46735 46735
46735 46735 46735
46735 46735 46735
46735 46735 46735
46735 46735 46735
46735 46735 46735
46735 46735 46735
46735 46735 46735
46735 46735 46735
46735 46735 46735
46735 46735 46735
46735 46735 46735
46735 46735 46735
46735 46735 46735
46735 46735 46735
46735 46735 46735
46735 46735 46735
46735 46735 46735
46735 46735 46735
46735 46735 46735
46735 46735 46735
46735 46735 46735
46735 46735 46735
46735 46735 46735
46735 46735 46735
46735 46735 46735
46735 46735 46735
46735 46735 46735
46735 46735 46735
46735 46735 46735
46735 46735 46735
46735 46735 46735
46735 46735 46735
46735 46735 46735
46735 46735 46735
46735 46735 46735
46735 46735 46735
46735 46735 46735
46735 46735 46735
46735 46735 46735
46735 46735 46735
46735 46735 46735
46735 46735 46735
46735 46735 46735
46735 46735 46735
46735 46735 46735
46735 46735 46735
46735 46735 46735
46735 46735 46735
46735 46735 46735
46735 46735 46735
46735 46735 46735
46735 46735 46735
46735 46735 46735
46735 46735 46735
46735 46735 46735
46735 46735 46735
46735 46735 46735
46735 46735 46735
46735 46735 46735
46735 46735 46735
46735 46735 46735
46735 46735 46735
46735 46735 46735
46735 46735 46735
46735 46735 46735
46735 46735 46735
46735 46735 46735
46735 46735 46735
46735 46735 46735
46735 46735 46735
46735 46735 46735
46735 46735 46735
46735 46735 46735
46735 46735 46735
46735 46735 46735
46735 46735 46735
46735 46735 46735
46735 46735 46735
46735 46735 46735
46735 46735 46735
46735 46735 46735
46735 46735 46735
46735 46735 46735
46735 46735 46735
46735 46735 46735
46735 46735 46735
46735 46735 46735
46735 46735 46735
46735 46735 46735
46735 46735 46735
46735 46735 46735
46735 46735 46735
46735 46735 46735
46735 46735 46735
46735 46735 46735
46735 46735 46735
46735 46735 46735
46735 46735 46735
46735 46735 46735
46735 46735 46735
46735 46735 46735
46735 46735 46735
46735 46735 46735
46735 46735 46735
46735 46735 46735
46735 46735 46735
46735 46735 46735
46735 46735 46735
46735 46735 46735
46735 46735 46735
46735 46735 46735
46735 46735 46735
46735 46735 46735
46735 46735 46735
46735 46735 46735
46735 46735 46735
46735 46735 46735
46735 46735 46735
46735 46735 46735
46735 46735 46735
46735 46735 46735
46735 46735 46735
46735 46735 46735
46735 46735 46735
46735 46735 46735
46735 46735 46735
46735 46735 46735
46735 46735 46735
46735 46735 46735
46735 46735 46735
46735 46735 46735
46735 46735 46735
46735 46735 46735
46735 46735 46735
46735 46735 46735
46735 46735 46735
46735 46735 46735
46735 46735 46735
46735 46735 46735
46735 46735 46735
46735 46735 46735
46735 46735 46735
46735 46735 46735
46735 46735 46735
46735 46735 46735
46735 46735 46735
46735 46735 46735
46735 46735 46735
46735 46735 46735
46735 46735 46735
46735 46735 46735
46735 46735 46735
46735 46735 46735
46735 46735 46735
46735 46735 46735
46735 46735 46735
46735 46735 46735
46735 46735 46735
46735 46735 46735
46735 46735 46735
46735 46735 46735
46735 46735 46735
46735 46735 46735
46735 46735 46735
46735 46735 46735
46735 46735 46735
46735 46735 46735
46735 46735 46735
46735 46735 46735
46735 46735 46735
46735 46735 46735
46735 46735 46735
46735 46735 46735
46735 46735 46735
46735 46735 46735
46735 46735 46735
46735 46735 46735
46735 46735 46735
46735 46735 46735
46735 46735 46735
46735 46735 46735
46735 46735 46735
46735 46735 46735
46735 46735 46735
46735 46735 46735
46735 46735 46735
46735 46735 46735
46735 46735 46735
46735 46735 46735
46735 46735 46735
46735 46735 46735
46735 46735 46735
46735 46735 46735
46735 46735 46735
46735 46735 46735
46735 46735 46735
46735 46735 46735
46735 46735 46735
46735 46735 46735
46735 46735 46735
46735 46735 46735
46735 46735 46735
46735 46735 46735
46735 46735 46735
46735 46735 46735
46735 46735 46735
46735 46735 46735
46735 46735 46735
46735 46735 46735
46735 46735 46735
46735 46735 46735
46735 46735 46735
46735 46735 46735
46735 46735 46735
46735 46735 46735
46735 46735 46735
46735 46735 46735
46735 46735 46735
46735 46735 46735
46735 46735 46735
46735 46735 46735
46735 46735 46735
46735 46735 46735
46735 46735 46735
46735 46735 46735
46735 46735 46735
46735 46735 46735
46735 46735 46735
46735 46735 46735
46735 46735 46735
46735 46735 46735
46735 46735 46735
46735 46735 46735
46735 46735 46735
46735 46735 46735
46735 46735 46735
46735 46735 46735
46735 46735 46735
46735 46735 46735
46735 46735 46735
46735 46735 46735
46735 46735 46735
46735 46735 46735
46735 46735 46735
46735 46735 46735
46735 46735 46735
46735 46735 46735
46735 46735 46735
46735 46735 46735
46735 46735 46735
46735 46735 46735
46735 46735 46735
46735 46735 46735
46735 46735 46735
46735 46735 46735
46735 46735 46735
46735 46735 46735
46735 46735 46735
46735 46735 46735
46735 46735 46735
46735 46735 46735
46735 46735 46735
46735 46735 46735
46735 46735 46735
46735 46735 46735
46735 46735 46735
46735 46735 46735
46735 46735 46735
46735 46735 46735
46735 46735 46735
46735 46735 46735
46735 46735 46735
46735 46735 46735
46735 46735 46735
46735 46735 46735
46735 46735 46735
46735 46735 46735
46735 46735 46735
46735 46735 46735
46735 46735 46735
46735 46735 46735
46735 46735 46735
46735 46735 46735
46735 46735 46735
46735 46735 46735
46735 46735 46735
46735 46735 46735
46735 46735 46735
46735 46735 46735
46735 46735 46735
46735 46735 46735
46735 46735 46735
46735 46735 46735
46735 46735 46735
46735 46735 46735
46735 46735 46735
46735 46735 46735
46735 46735 46735
46735 46735 46735
46735 46735 46735
46735 46735 46735
46735 46735 46735
46735 46735 46735
46735 46735 46735
46735 46735 46735
46735 46735 46735
46735 46735 46735
46735 46735 46735
46735 46735 46735
46735 46735 46735
46735 46735 46735
46735 46735 46735
46735 46735 46735
46735 46735 46735
46735 46735 46735
46735 46735 46735
46735 46735 46735
46735 46735 46735
46735 46735 46735
46735 46735 46735
46735 46735 46735
46735 46735 46735
46735 46735 46735
46735 46735 46735
46735 46735 46735
46735 46735 46735
46735 46735 46735
46735 46735 46735
46735 46735 46735
46735 46735 46735
46735 46735 46735
46735 46735 46735
46735 46735 46735
46735 46735 46735
46735 46735 46735
46735 46735 46735
46735 46735 46735
46735 46735 46735
46735 46735 46735
46735 46735 46735
46735 46735 46735
46735 46735 46735
46735 46735 46735
46735 46735 46735
46735 46735 46735
46735 46735 46735
46735 46735 46735
46735 46735 46735
46735 46735 46735
46735 46735 46735
46735 46735 46735
46735 46735 46735
46735 46735 46735
46735 46735 46735
46735 46735 46735
46735 46735 46735
46735 46735 46735
46735 46735 46735
46735 46735 46735
46735 46735 46735
46735 46735 46735
46735 46735 46735
46735 46735 46735
46735 46735 46735
46735 46735 46735
46735 46735 46735
46735 46735 46735
46735 46735 46735
46735 46735 46735
46735 46735 46735
46735 46735 46735
46735 46735 46735
46735 46735 46735
46735 46735 46735
46735 46735 46735
46735 46735 46735
46735 46735 46735
46735 46735 46735
46735 46735 46735
46735 46735 46735
46735 46735 46735
46735 46735 46735
46735 46735 46735
46735 46735 46735
46735 46735 46735
46735 46735 46735
46735 46735 46735
46735 46735 46735
46735 46735 46735
46735 46735 46735
46735 46735 46735
46735 46735 46735
46735 46735 46735
46735 46735 46735
46735 46735 46735
46735 46735 46735
46735 46735 46735
46735 46735 46735
46735 46735 46735
46735 46735 46735
46735 46735 46735
46735 46735 46735
46735 46735 46735
46735 46735 46735
46735 46735 46735
46735 46735 46735
46735 46735 46735
46735 46735 46735
46735 46735 46735
46735 46735 46735
46735 46735 46735
46735 46735 46735
46735 46735 46735
46735 46735 46735
46735 46735 46735
-62480 -63060 -58603
-46360 -52380 -49123
-45560 -47960 -47326
-44960 -47360 -46376
-44700 -46360 -45945
-14975 -46260 -44710
-10485 -44960 -31616
-10480 -20140 -15759
-10280 -16275 -13816
-9665 -14550 -12710
-9410 -13180 -12077
-9410 -12680 -11672
-9410 -12020 -11374
-9335 -11780 -11073
-9160 -11530 -10785
-9095 -11135 -10565
-9095 -10880 -10410
-9095 -10715 -10289
-8900 -10490 -10177
-8835 -10380 -10084
-8835 -10305 -9971
-8835 -10280 -9845
-8835 -10165 -9692
-8835 -10035 -9547
-8835 -9735 -9434
-8835 -9640 -9368
-8835 -9440 -9319
-8805 -9410 -9288
-8805 -9410 -9259
-8805 -9350 -9225
-8805 -9335 -9183
-8805 -9290 -9147
-8805 -9195 -9112
-8805 -9190 -9093
-8770 -9160 -9071
-8770 -9155 -9044
-8770 -9100 -9015
-8770 -9095 -8989
-8735 -9045 -8952
-8735 -9005 -8924
-8735 -9000 -8893
-8635 -8965 -8862
-8635 -8905 -8840
-8535 -8870 -8826
-7905 -8840 -8819
-7905 -8835 -8817
-7740 -8835 -8796
-7740 -8835 -8779
-7740 -8835 -8766
-7570 -8835 -8745
-7570 -8835 -8734
-7570 -8835 -8716
-7570 -8805 -8702
-7570 -8805 -8692
-7570 -8805 -8673
-7570 -8780 -8648
-7570 -8770 -8641
-7570 -8770 -8623
-7570 -8770 -8597
-7570 -8770 -8564
-7570 -8735 -8531
-7570 -8735 -8484
-7570 -8635 -8441
-7570 -8575 -8403
-7570 -8575 -8368
-7570 -8455 -8345
-7570 -8440 -8320
-7570 -8440 -8298
-7570 -8415 -8272
-7570 -8400 -8241
-7570 -8365 -8201
-7570 -8355 -8162
-7570 -8270 -8127
-7570 -8240 -8104
-7570 -8170 -8092
-7570 -8150 -8080
-7470 -8150 -8070
-7470 -8140 -8062
-7470 -8140 -8040
-7470 -8135 -8019
-7470 -8135 -7993
-7470 -8070 -7973
-7470 -8050 -7955
-7470 -8025 -7938
-7470 -7990 -7925
-7470 -7990 -7920
-7470 -7975 -7916
-7470 -7970 -7907
-7470 -7970 -7902
-7470 -7965 -7892
-7470 -7955 -7882
-7470 -7945 -7872
-7470 -7945 -7859
-7470 -7920 -7847
-7470 -7920 -7825
-7470 -7905 -7800
-7470 -7905 -7777
-7470 -7815 -7762
-7470 -7810 -7752
-7470 -7810 -7740
-7470 -7770 -7727
-7415 -7770 -7717
-7415 -7770 -7711
-7415 -7740 -7707
-7415 -7740 -7703
-7415 -7740 -7697
-7415 -7740 -7686
-7415 -7735 -7672
-7415 -7735 -7659
-7415 -7680 -7651
-7415 -7670 -7649
-7020 -7670 -7645
-7020 -7670 -7644
-7020 -7670 -7644
-7020 -7670 -7640
-7020 -7670 -7637
-7020 -7670 -7630
-6930 -7670 -7619
-6930 -7670 -7608
-6930 -7640 -7603
-6930 -7635 -7600
-6835 -7635 -7589
-6835 -7635 -7580
-6835 -7635 -7569
-6835 -7610 -7558
-6835 -7585 -7548
-6835 -7585 -7544
-6835 -7580 -7542
-6835 -7580 -7534
-6835 -7570 -7531
-6835 -7570 -7529
-6835 -7570 -7528
-6835 -7570 -7524
-6835 -7570 -7518
3045 -7570 -7458
3120 -7540 -7146
3525 -7540 -6518
3525 -7535 -6072
3525 -7530 -5629
3525 -7480 -4764
3625 -7355 -3293
14170 -6845 -1221
15345 -4095 1532
15765 -250 3609
16165 1200 5526
16425 2135 8276
16425 3120 12101
16425 12725 14947
16555 14240 15443
16835 15210 15768
41195 15345 16127
41195 15760 16472
41445 15975 16972
41925 16165 17173
42805 16255 17803
43005 16420 18628
45515 16425 20738
45715 16455 22625
45855 16555 26268
45855 16655 32086
46045 17145 39045
46115 41095 43301
46115 41955 44196
46115 42805 44928
46115 44635 45483
46245 45265 45708
46245 45515 45856
46245 45715 45959
46245 45855 46035
46245 45855 46099
46245 46045 46130
46245 46115 46140
46245 46115 46149
46245 46115 46166
46245 46115 46189
46245 46145 46218
46245 46175 46235
46245 46245 46245
46245 46245 46245
46245 46245 46245
46245 46245 46245
46245 46245 46245
46245 46245 46245
46245 46245 46245
46245 46245 46245
46245 46245 46245
46245 46245 46245
46245 46245 46245
46245 46245 46245
46475 46245 46246
46475 46245 46253
46475 46245 46262
46475 46245 46276
46475 46245 46287
46475 46245 46302
46475 46245 46332
46475 46245 46383
46475 46275 46443
46475 46405 46472
46475 46475 46475
46475 46475 46475
46475 46475 46475
46475 46475 46475
46475 46475 46475
46475 46475 46475
46475 46475 46475
46475 46475 46475
46475 46475 46475
46475 46475 46475
46475 46475 46475
46475 46475 46475
46475 46475 46475
46475 46475 46475
46475 46475 46475
46475 46475 46475
46475 46475 46475
46475 46475 46475
46475 46475 46475
46475 46475 46475
46475 46475 46475
46475 46475 46475
46475 46475 46475
46475 46475 46475
46475 46475 46475
46475 46475 46475
46475 46475 46475
46475 46475 46475
46475 46475 46475
46475 46475 46475
46475 46475 46475
46475 46475 46475
46475 46475 46475
46475 46475 46475
46475 46475 46475
46475 46475 46475
46475 46475 46475
46475 46475 46475
46475 46475 46475
46475 46475 46475
46475 46475 46475
46475 46475 46475
46475 46475 46475
46475 46475 46475
46475 46475 46475
46475 46475 46475
46475 46475 46475
46475 46475 46475
46475 46475 46475
46475 46475 46475
46475 46475 46475
46475 46475 46475
46475 46475 46475
46475 46475 46475
46475 46475 46475
46475 46475 46475
46475 46475 46475
46475 46475 46475
46475 46475 46475
46475 46475 46475
46475 46475 46475
46475 46475 46475
46475 46475 46475
46475 46475 46475
46475 46475 46475
46475 46475 46475
46475 46475 46475
46475 46475 46475
46475 46475 46475
46475 46475 46475
46475 46475 46475
46475 46475 46475
46475 46475 46475
46475 46475 46475
46475 46475 46475
46475 46475 46475
46475 46475 46475
46475 46475 46475
46475 46475 46475
46475 46475 46475
46475 46475 46475
46475 46475 46475
46475 46475 46475
46475 46475 46475
46475 46475 46475
46475 46475 46475
46475 46475 46475
46475 46475 46475
46475 46475 46475
46475 46475 46475
46475 46475 46475
46475 46475 46475
46475 46475 46475
46475 46475 46475
46475 46475 46475
46475 46475 46475
46475 46475 46475
46475 46475 46475
46475 46475 46475
46475 46475 46475
46605 46475 46476
46605 46475 46482
46605 46475 46487
46605 46475 46492
46605 46475 46497
46605 46475 46502
46605 46475 46515
46605 46475 46543
46605 46475 46576
46605 46605 46605
46605 46605 46605
46605 46605 46605
46605 46605 46605
46605 46605 46605
46605 46605 46605
46605 46605 46605
46605 46605 46605
46605 46605 46605
46605 46605 46605
46605 46605 46605
46605 46605 46605
46605 46605 46605
46605 46605 46605
46605 46605 46605
46605 46605 46605
46605 46605 46605
46605 46605 46605
46605 46605 46605
46605 46605 46605
46605 46605 46605
46605 46605 46605
46605 46605 46605
46605 46605 46605
46605 46605 46605
46605 46605 46605
46605 46605 46605
46605 46605 46605
46605 46605 46605
46605 46605 46605
46605 46605 46605
46605 46605 46605
46605 46605 46605
46605 46605 46605
46735 46605 46606
46735 46605 46613
46735 46605 46619
46735 46605 46633
46735 46605 46649
46735 46605 46677
46735 46605 46713
46735 46735 46735
46735 46735 46735
46735 46735 46735
46735 46735 46735
46735 46735 46735
46735 46735 46735
46735 46735 46735
46735 46735 46735
46735 46735 46735
46735 46735 46735
46735 46735 46735
46735 46735 46735
46735 46735 46735
46735 46735 46735
46735 46735 46735
46735 46735 46735
46735 46735 46735
46735 46735 46735
46735 46735 46735
46735 46735 46735
46735 46735 46735
46735 46735 46735
46735 46735 46735
46735 46735 46735
46735 46735 46735
46735 46735 46735
46735 46735 46735
46735 46735 46735
46735 46735 46735
46735 46735 46735
46735 46735 46735
46735 46735 46735
46735 46735 46735
46735 46735 46735
46735 46735 46735
46735 46735 46735
46735 46735 46735
46735 46735 46735
46735 46735 46735
46735 46735 46735
46735 46735 46735
46735 46735 46735
46735 46735 46735
46735 46735 46735
46735 46735 46735
46735 46735 46735
46735 46735 46735
46735 46735 46735
46735 46735 46735
46735 46735 46735
46735 46735 46735
46735 46735 46735
46735 46735 46735
46735 46735 46735
46735 46735 46735
46735 46735 46735
46735 46735 46735
46735 46735 46735
46735 46735 46735
46735 46735 46735
46735 46735 46735
46735 46735 46735
46735 46735 46735
46735 46735 46735
46735 46735 46735
46735 46735 46735
46735 46735 46735
46735 46735 46735
46735 46735 46735
46735 46735 46735
46735 46735 46735
46735 46735 46735
46735 46735 46735
46735 46735 46735
46735 46735 46735
46735 46735 46735
46735 46735 46735
46735 46735 46735
46735 46735 46735
46735 46735 46735
46735 46735 46735
46735 46735 46735
46735 46735 46735
46735 46735 46735
46735 46735 46735
46735 46735 46735
46735 46735 46735
46735 46735 46735
46735 46735 46735
46735 46735 46735
46735 46735 46735
46735 46735 46735
46735 46735 46735
46735 46735 46735
46735 46735 46735
46735 46735 46735
46735 46735 46735
46735 46735 46735
46735 46735 46735
46735 46735 46735
46735 46735 46735
46735 46735 46735
46735 46735 46735
46735 46735 46735
46735 46735 46735
46735 46735 46735
46735 46735 46735
46735 46735 46735
46735 46735 46735
46735 46735 46735
46735 46735 46735
46735 46735 46735
46735 46735 46735
46735 46735 46735
46735 46735 46735
46735 46735 46735
46735 46735 46735
46735 46735 46735
46735 46735 46735
46735 46735 46735
46735 46735 46735
46735 46735 46735
46735 46735 46735
46735 46735 46735
46735 46735 46735
46735 46735 46735
46735 46735 46735
46735 46735 46735
46735 46735 46735
46735 46735 46735
46735 46735 46735
46735 46735 46735
46735 46735 46735
46735 46735 46735
46735 46735 46735
46735 46735 46735
46735 46735 46735
46735 46735 46735
46735 46735 46735
46735 46735 46735
46735 46735 46735
46735 46735 46735
46735 46735 46735
46735 46735 46735
46735 46735 46735
46735 46735 46735
46735 46735 46735
46735 46735 46735
46735 46735 46735
46735 46735 46735
46735 46735 46735
46735 46735 46735
46735 46735 46735
46735 46735 46735
46735 46735 46735
46735 46735 46735
46735 46735 46735
46735 46735 46735
46735 46735 46735
46735 46735 46735
46735 46735 46735
46735 46735 46735
46735 46735 46735
46735 46735 46735
46735 46735 46735
46735 46735 46735
46735 46735 46735
46735 46735 46735
46735 46735 46735
46735 46735 46735
46735 46735 46735
46735 46735 46735
46735 46735 46735
46735 46735 46735
46735 46735 46735
46735 46735 46735
46735 46735 46735
46735 46735 46735
46735 46735 46735
46735 46735 46735
46735 46735 46735
46735 46735 46735
46735 46735 46735
46735 46735 46735
46735 46735 46735
46735 46735 46735
46735 46735 46735
46735 46735 46735
46735 46735 46735
46735 46735 46735
46735 46735 46735
46735 46735 46735
46735 46735 46735
46735 46735 46735
46735 46735 46735
46735 46735 46735
46735 46735 46735
46735 46735 46735
46735 46735 46735
46735 46735 46735
46735 46735 46735
46735 46735 46735
46735 46735 46735
46735 46735 46735
46735 46735 46735
46735 46735 46735
46735 46735 46735
46735 46735 46735
46735 46735 46735
46735 46735 46735
46735 46735 46735
46735 46735 46735
46735 46735 46735
46735 46735 46735
46735 46735 46735
46735 46735 46735
46735 46735 46735
46735 46735 46735
46735 46735 46735
46735 46735 46735
46735 46735 46735
46735 46735 46735
46735 46735 46735
46735 46735 46735
46735 46735 46735
46735 46735 46735
46735 46735 46735
46735 46735 46735
46735 46735 46735
46735 46735 46735
46735 46735 46735
46735 46735 46735
46735 46735 46735
46735 46735 46735
46735 46735 46735
46735 46735 46735
46735 46735 46735
46735 46735 46735
46735 46735 46735
46735 46735 46735
46735 46735 46735
46735 46735 46735
46735 46735 46735
46735 46735 46735
46735 46735 46735
46735 46735 46735
46735 46735 46735
46735 46735 46735
46735 46735 46735
46735 46735 46735
46735 46735 46735
46735 46735 46735
46735 46735 46735
46735 46735 46735
46735 46735 46735
46735 46735 46735
46735 46735 46735
46735 46735 46735
46735 46735 46735
46735 46735 46735
46735 46735 46735
46735 46735 46735
46735 46735 46735
46735 46735 46735
46735 46735 46735
46735 46735 46735
46735 46735 46735
46735 46735 46735
46735 46735 46735
46735 46735 46735
46735 46735 46735
46735 46735 46735
46735 46735 46735
46735 46735 46735
46735 46735 46735
46735 46735 46735
46735 46735 46735
46735 46735 46735
46735 46735 46735
46735 46735 46735
46735 46735 46735
46735 46735 46735
46735 46735 46735
46735 46735 46735
46735 46735 46735
46735 46735 46735
46735 46735 46735
46735 46735 46735
46735 46735 46735
46735 46735 46735
46735 46735 46735
46735 46735 46735
46735 46735 46735
46735 46735 46735
46735 46735 46735
46735 46735 46735
46735 46735 46735
46735 46735 46735
46735 46735 46735
46735 46735 46735
46735 46735 46735
46735 46735 46735
46735 46735 46735
46735 46735 46735
46735 46735 46735
46735 46735 46735
46735 46735 46735
46735 46735 46735
46735 46735 46735
46735 46735 46735
46735 46735 46735
46735 46735 46735
46735 46735 46735
46735 46735 46735
46735 46735 46735
46735 46735 46735
46735 46735 46735
46735 46735 46735
46735 46735 46735
46735 46735 46735
46735 46735 46735
46735 46735 46735
46735 46735 46735
46735 46735 46735
46735 46735 46735
46735 46735 46735
46735 46735 46735
46735 46735 46735
46735 46735 46735
46735 46735 46735
46735 46735 46735
46735 46735 46735
46735 46735 46735
46735 46735 46735
46735 46735 46735
46735 46735 46735
46735 46735 46735
46735 46735 46735
46735 46735 46735
46735 46735 46735
46735 46735 46735
46735 46735 46735
46735 46735 46735
46735 46735 46735
46735 46735 46735
46735 46735 46735
46735 46735 46735
46735 46735 46735
46735 46735 46735
46735 46735 46735
46735 46735 46735
46735 46735 46735
46735 46735 46735
46735 46735 46735
46735 46735 46735
46735 46735 46735
46735 46735 46735
46735 46735 46735
46735 46735 46735
46735 46735 46735
46735 46735 46735
46735 46735 46735
46735 46735 46735
46735 46735 46735
46735 46735 46735
46735 46735 46735
46735 46735 46735
46735 46735 46735
46735 46735 46735
46735 46735 46735
46735 46735 46735
46735 46735 46735
46735 46735 46735
46735 46735 46735
46735 46735 46735
46735 46735 46735
46735 46735 46735
46735 46735 46735
46735 46735 46735
46735 46735 46735
46735 46735 46735
46735 46735 46735
46735 46735 46735
46735 46735 46735
46735 46735 46735
46735 46735 46735
46735 46735 46735
46735 46735 46735
46735 46735 46735
46735 46735 46735
46735 46735 46735
46735 46735 46735
46735 46735 46735
46735 46735 46735
46735 46735 46735
46735 46735 46735
46735 46735 46735
46735 46735 46735
46735 46735 46735
46735 46735 46735
46735 46735 46735
46735 46735 46735
46735 46735 46735
46735 46735 46735
46735 46735 46735
46735 46735 46735
46735 46735 46735
46735 46735 46735
46735 46735 46735
46735 46735 46735
46735 46735 46735
46735 46735 46735
46735 46735 46735
46735 46735 46735
46735 46735 46735
46735 46735 46735
46735 46735 46735
46735 46735 46735
46735 46735 46735
46735 46735 46735
46735 46735 46735
46735 46735 46735
46735 46735 46735
46735 46735 46735
46735 46735 46735
46735 46735 46735
46735 46735 46735
46735 46735 46735
46735 46735 46735
46735 46735 46735
46735 46735 46735
46735 46735 46735
46735 46735 46735
46735 46735 46735
46735 46735 46735
46735 46735 46735
46735 46735 46735
46735 46735 46735
46735 46735 46735
46735 46735 46735
46735 46735 46735
46735 46735 46735
46735 46735 46735
46735 46735 46735
46735 46735 46735
46735 46735 46735
46735 46735 46735
46735 46735 46735
46735 46735 46735
46735 46735 46735
46735 46735 46735
46735 46735 46735
46735 46735 46735
46735 46735 46735
46735 46735 46735
46735 46735 46735
46735 46735 46735
46735 46735 46735
46735 46735 46735
46735 46735 46735
46735 46735 46735
46735 46735 46735
46735 46735 46735
46735 46735 46735
46735 46735 46735
46735 46735 46735
46735 46735 46735
46735 46735 46735
46735 46735 46735
46735 46735 46735
46735 46735 46735
46735 46735 46735
46735 46735 46735
46735 46735 46735
46735 46735 46735
46735 46735 46735
46735 46735 46735
46735 46735 46735
46735 46735 46735
46735 46735 46735
46735 46735 46735
46735 46735 46735
46735 46735 46735
46735 46735 46735
46735 46735 46735
46735 46735 46735
46735 46735 46735
46735 46735 46735
46735 46735 46735
46735 46735 46735
46735 46735 46735
46735 46735 46735
46735 46735 46735
46735 46735 46735
46735 46735 46735
46735 46735 46735
46735 46735 46735
46735 46735 46735
46735 46735 46735
46735 46735 46735
46735 46735 46735
46735 46735 46735
46735 46735 46735
46735 46735 46735
46735 46735 46735
46735 46735 46735
46735 46735 46735
46735 46735 46735
46735 46735 46735
46735 46735 46735
46735 46735 46735
46735 46735 46735
46735 46735 46735
46735 46735 46735
46735 46735 46735
46735 46735 46735
46735 46735 46735
46735 46735 46735
46735 46735 46735
46735 46735 46735
46735 46735 46735
46735 46735 46735
46735 46735 46735
46735 46735 46735
46735 46735 46735
46735 46735 46735
46735 46735 46735
46735 46735 46735
46735 46735 46735
46735 46735 46735
46735 46735 46735
46735 46735 46735
46735 46735 46735
46735 46735 46735
46735 46735 46735
46735 46735 46735
46735 46735 46735
46735 46735 46735
46735 46735 46735
46735 46735 46735
46735 46735 46735
46735 46735 46735
46735 46735 46735
46735 46735 46735
46735 46735 46735
46735 46735 46735
46735 46735 46735
46735 46735 46735
46735 46735 46735
46735 46735 46735
46735 46735 46735
46735 46735 46735
46735 46735 46735
46735 46735 46735
46735 46735 46735
46735 46735 46735
46735 46735 46735
46735 46735 46735
46735 46735 46735
46735 46735 46735
46735 46735 46735
46735 46735 46735
46735 46735 46735
46735 46735 46735
46735 46735 46735
46735 46735 46735
46735 46735 46735
46735 46735 46735
46735 46735 46735
46735 46735 46735
46735 46735 46735
46735 46735 46735
46735 46735 46735
46735 46735 46735
46735 46735 46735
46735 46735 46735
46735 46735 46735
46735 46735 46735
46735 46735 46735
46735 46735 46735
46735 46735 46735
46735 46735 46735
46735 46735 46735
46735 46735 46735
46735 46735 46735
46735 46735 46735
46735 46735 46735
46735 46735 46735
46735 46735 46735
46735 46735 46735
46735 46735 46735
46735 46735 46735
46735 46735 46735
46735 46735 46735
46735 46735 46735
46735 46735 46735
46735 46735 46735
46735 46735 46735
46735 46735 46735
46735 46735 46735
46735 46735 46735
46735 46735 46735
46735 46735 46735
46735 46735 46735
46735 46735 46735
46735 46735 46735
46735 46735 46735
46735 46735 46735
46735 46735 46735
46735 46735 46735
46735 46735 46735
46735 46735 46735
46735 46735 46735
46735 46735 46735
46735 46735 46735
46735 46735 46735
46735 46735 46735
46735 46735 46735
46735 46735 46735
46735 46735 46735
46735 46735 46735
46735 46735 46735
46735 46735 46735
46735 46735 46735
46735 46735 46735
46735 46735 46735
46735 46735 46735
46735 46735 46735
46735 46735 46735
46735 46735 46735
46735 46735 46735
46735 46735 46735
46735 46735 46735
46735 46735 46735
46735 46735 46735
46735 46735 46735
46735 46735 46735
46735 46735 46735
46735 46735 46735
46735 46735 46735
46735 46735 46735
46735 46735 46735
46735 46735 46735
46735 46735 46735
46735 46735 46735
46735 46735 46735
46735 46735 46735
46735 46735 46735
46735 46735 46735
46735 46735 46735
46735 46735 46735
46735 46735 46735
46735 46735 46735
46735 46735 46735
46735 46735 46735
46735 46735 46735
46735 46735 46735
46735 46735 46735
46735 46735 46735
46735 46735 46735
46735 46735 46735
46735 46735 46735
46735 46735 46735
46735 46735 46735
46735 46735 46735
46735 46735 46735
46735 46735 46735
46735 46735 46735
46735 46735 46735
46735 46735 46735
46735 46735 46735
46735 46735 46735
46735 46735 46735
46735 46735 46735
46735 46735 46735
46735 46735 46735
46735 46735 46735
46735 46735 46735
46735 46735 46735
46735 46735 46735
46735 46735 46735
46735 46735 46735
46735 46735 46735
46735 46735 46735
46735 46735 46735
46735 46735 46735
46735 46735 46735
46735 46735 46735
46735 46735 46735
46735 46735 46735
46735 46735 46735
46735 46735 46735
46735 46735 46735
46735 46735 46735
46735 46735 46735
46735 46735 46735
46735 46735 46735
46735 46735 46735
46735 46735 46735
46735 46735 46735
46735 46735 46735
46735 46735 46735
46735 46735 46735
46735 46735 46735
46735 46735 46735
46735 46735 46735
46735 46735 46735
46735 46735 46735
46735 46735 46735
46735 46735 46735
46735 46735 46735
46735 46735 46735
46735 46735 46735
46735 46735 46735
46735 46735 46735
46735 46735 46735
46735 46735 46735
46735 46735 46735
46735 46735 46735
46735 46735 46735
46735 46735 46735
46735 46735 46735
46735 46735 46735
46735 46735 46735
46735 46735 46735
46735 46735 46735
46735 46735 46735
46735 46735 46735
46735 46735 46735
46735 46735 46735
46735 46735 46735
46735 46735 46735
46735 46735 46735
46735 46735 46735
46735 46735 46735
46735 46735 46735
46735 46735 46735
46735 46735 46735
46735 46735 46735
46735 46735 46735
46735 46735 46735
46735 46735 46735
46735 46735 46735
46735 46735 46735
46735 46735 46735
46735 46735 46735
46735 46735 46735
46735 46735 46735
46735 46735 46735
46735 46735 46735
46735 46735 46735
46735 46735 46735
46735 46735 46735
46735 46735 46735
46735 46735 46735
46735 46735 46735
46735 46735 46735
46735 46735 46735
46735 46735 46735
46735 46735 46735
46735 46735 46735
46735 46735 46735
46735 46735 46735
46735 46735 46735
46735 46735 46735
46735 46735 46735
46735 46735 46735
46735 46735 46735
46735 46735 46735
46735 46735 46735
46735 46735 46735
46735 46735 46735
46735 46735 46735
46735 46735 46735
46735 46735 46735
46735 46735 46735
46735 46735 46735
46735 46735 46735
46735 46735 46735
46735 46735 46735
46735 46735 46735
46735 46735 46735
46735 46735 46735
46735 46735 46735
46735 46735 46735
46735 46735 46735
46735 46735 46735
46735 46735 46735
46735 46735 46735
46735 46735 46735
46735 46735 46735
46735 46735 46735
46735 46735 46735
46735 46735 46735
46735 46735 46735
46735 46735 46735
46735 46735 46735
46735 46735 46735
46735 46735 46735
46735 46735 46735
46735 46735 46735
46735 46735 46735
46735 46735 46735
46735 46735 46735
46735 46735 46735
46735 46735 46735
46735 46735 46735
46735 46735 46735
46735 46735 46735
46735 46735 46735
46735 46735 46735
46735 46735 46735
46735 46735 46735
46735 46735 46735
46735 46735 46735
46735 46735 46735
46735 46735 46735
46735 46735 46735
46735 46735 46735
46735 46735 46735
46735 46735 46735
46735 46735 46735
46735 46735 46735
46735 46735 46735
46735 46735 46735
46735 46735 46735
46735 46735 46735
46735 46735 46735
46735 46735 46735
46735 46735 46735
46735 46735 46735
46735 46735 46735
46735 46735 46735
46735 46735 46735
46735 46735 46735
46735 46735 46735
46735 46735 46735
46735 46735 46735
46735 46735 46735
46735 46735 46735
46735 46735 46735
46735 46735 46735
46735 46735 46735
46735 46735 46735
46735 46735 46735
46735 46735 46735
46735 46735 46735
46735 46735 46735
46735 46735 46735
46735 46735 46735
46735 46735 46735
46735 46735 46735
46735 46735 46735
46735 46735 46735
46735 46735 46735
46735 46735 46735
46735 46735 46735
46735 46735 46735
46735 46735 46735
46735 46735 46735
46735 46735 46735
46735 46735 46735
46735 46735 46735
46735 46735 46735
46735 46735 46735
46735 46735 46735
46735 46735 46735
46735 46735 46735
46735 46735 46735
46735 46735 46735
46735 46735 46735
46735 46735 46735
46735 46735 46735
46735 46735 46735
46735 46735 46735
46735 46735 46735
46735 46735 46735
46735 46735 46735
46735 46735 46735
46735 46735 46735
46735 46735 46735
46735 46735 46735
46735 46735 46735
46735 46735 46735
46735 46735 46735
46735 46735 46735
46735 46735 46735
46735 46735 46735
46735 46735 46735
46735 46735 46735
46735 46735 46735
46735 46735 46735
46735 46735 46735
46735 46735 46735
46735 46735 46735
46735 46735 46735
46735 46735 46735
46735 46735 46735
46735 46735 46735
46735 46735 46735
46735 46735 46735
46735 46735 46735
46735 46735 46735
46735 46735 46735
46735 46735 46735
46735 46735 46735
46735 46735 46735
46735 46735 46735
46735 46735 46735
46735 46735 46735
46735 46735 46735
46735 46735 46735
46735 46735 46735
46735 46735 46735
46735 46735 46735
46735 46735 46735
46735 46735 46735
46735 46735 46735
46735 46735 46735
46735 46735 46735
46735 46735 46735
46735 46735 46735
46735 46735 46735
46735 46735 46735
46735 46735 46735
46735 46735 46735
46735 46735 46735
46735 46735 46735
46735 46735 46735
46735 46735 46735
46735 46735 46735
46735 46735 46735
46735 46735 46735
46735 46735 46735
46735 46735 46735
46735 46735 46735
46735 46735 46735
46735 46735 46735
46735 46735 46735
46735 46735 46735
46735 46735 46735
46735 46735 46735
46735 46735 46735
46735 46735 46735
46735 46735 46735
46735 46735 46735
46735 46735 46735
46735 46735 46735
46735 46735 46735
46735 46735 46735
46735 46735 46735
46735 46735 46735
46735 46735 46735
46735 46735 46735
46735 46735 46735
46735 46735 46735
46735 46735 46735
46735 46735 46735
46735 46735 46735
46735 46735 46735
46735 46735 46735
46735 46735 46735
46735 46735 46735
46735 46735 46735
46735 46735 46735
46735 46735 46735
46735 46735 46735
46735 46735 46735
46735 46735 46735
46735 46735 46735
46735 46735 46735
46735 46735 46735
46735 46735 46735
46735 46735 46735
46735 46735 46735
46735 46735 46735
46735 46735 46735
46735 46735 46735
46735 46735 46735
46735 46735 46735
46735 46735 46735
46735 46735 46735
46735 46735 46735
46735 46735 46735
46735 46735 46735
46735 46735 46735
46735 46735 46735
46735 46735 46735
46735 46735 46735
46735 46735 46735
46735 46735 46735
46735 46735 46735
46735 46735 46735
46735 46735 46735
46735 46735 46735
46735 46735 46735
46735 46735 46735
46735 46735 46735
46735 46735 46735
46735 46735 46735
46735 46735 46735
46735 46735 46735
46735 46735 46735
46735 46735 46735
46735 46735 46735
46735 46735 46735
46735 46735 46735
46735 46735 46735
46735 46735 46735
46735 46735 46735
46735 46735 46735
46735 46735 46735
46735 46735 46735
46735 46735 46735
46735 46735 46735
46735 46735 46735
46735 46735 46735
46735 46735 46735
46735 46735 46735
46735 46735 46735
46735 46735 46735
46735 46735 46735
46735 46735 46735
46735 46735 46735
46735 46735 46735
46735 46735 46735
46735 46735 46735
46735 46735 46735
46735 46735 46735
46735 46735 46735
46735 46735 46735
46735 46735 46735
46735 46735 46735
46735 46735 46735
46735 46735 46735
46735 46735 46735
46735 46735 46735
46735 46735 46735
46735 46735 46735
46735 46735 46735
46735 46735 46735
46735 46735 46735
46735 46735 46735
46735 46735 46735
46735 46735 46735
46735 46735 46735
46735 46735 46735
46735 46735 46735
46735 46735 46735
46735 46735 46735
46735 46735 46735
46735 46735 46735
46735 46735 46735
46735 46735 46735
46735 46735 46735
46735 46735 46735
46735 46735 46735
46735 46735 46735
46735 46735 46735
46735 46735 46735
46735 46735 46735
46735 46735 46735
46735 46735 46735
46735 46735 46735
46735 46735 46735
46735 46735 46735
46735 46735 46735
46735 46735 46735
46735 46735 46735
46735 46735 46735
46735 46735 46735
46735 46735 46735
46735 46735 46735
46735 46735 46735
46735 46735 46735
46735 46735 46735
46735 46735 46735
46735 46735 46735
46735 46735 46735
46735 46735 46735
46735 46735 46735
46735 46735 46735
46735 46735 46735
46735 46735 46735
46735 46735 46735
46735 46735 46735
46735 46735 46735
46735 46735 46735
46735 46735 46735
46735 46735 46735
46735 46735 46735
46735 46735 46735
46735 46735 46735
46735 46735 46735
46735 46735 46735
46735 46735 46735
46735 46735 46735
46735 46735 46735
46735 46735 46735
46735 46735 46735
46735 46735 46735
46735 46735 46735
46735 46735 46735
46735 46735 46735
46735 46735 46735
46735 46735 46735
46735 46735 46735
46735 46735 46735
46735 46735 46735
46735 46735 46735
46735 46735 46735
46735 46735 46735
46735 46735 46735
46735 46735 46735
46735 46735 46735
46735 46735 46735
46735 46735 46735
46735 46735 46735
46735 46735 46735
46735 46735 46735
46735 46735 46735
46735 46735 46735
46735 46735 46735
46735 46735 46735
46735 46735 46735
46735 46735 46735
46735 46735 46735
46735 46735 46735
46735 46735 46735
46735 46735 46735
46735 46735 46735
46735 46735 46735
46735 46735 46735
46735 46735 46735
46735 46735 46735
46735 46735 46735
46735 46735 46735
46735 46735 46735
46735 46735 46735
46735 46735 46735
46735 46735 46735
46735 46735 46735
46735 46735 46735
46735 46735 46735
46735 46735 46735
46735 46735 46735
46735 46735 46735
46735 46735 46735
46735 46735 46735
46735 46735 46735
46735 46735 46735
46735 46735 46735
46735 46735 46735
46735 46735 46735
46735 46735 46735
46735 46735 46735
46735 46735 46735
46735 46735 46735
46735 46735 46735
46735 46735 46735
46735 46735 46735
46735 46735 46735
46735 46735 46735
46735 46735 46735
46735 46735 46735
46735 46735 46735
46735 46735 46735
46735 46735 46735
46735 46735 46735
46735 46735 46735
46735 46735 46735
46735 46735 46735
46735 46735 46735
46735 46735 46735
46735 46735 46735
46735 46735 46735
46735 46735 46735
46735 46735 46735
46735 46735 46735
46735 46735 46735
46735 46735 46735
46735 46735 46735
46735 46735 46735
46735 46735 46735
46735 46735 46735
46735 46735 46735
46735 46735 46735
46735 46735 46735
46735 46735 46735
46735 46735 46735
46735 46735 46735
46735 46735 46735
46735 46735 46735
46735 46735 46735
46735 46735 46735
46735 46735 46735
46735 46735 46735
46735 46735 46735
46735 46735 46735
46735 46735 46735
46735 46735 46735
46735 46735 46735
46735 46735 46735
46735 46735 46735
46735 46735 46735
46735 46735 46735
46735 46735 46735
46735 46735 46735
46735 46735 46735
46735 46735 46735
46735 46735 46735
46735 46735 46735
46735 46735 46735
46735 46735 46735
46735 46735 46735
46735 46735 46735
46735 46735 46735
46735 46735 46735
46735 46735 46735
46735 46735 46735
46735 46735 46735
46735 46735 46735
46735 46735 46735
46735 46735 46735
46735 46735 46735
46735 46735 46735
46735 46735 46735
46735 46735 46735
46735 46735 46735
46735 46735 46735
46735 46735 46735
46735 46735 46735
46735 46735 46735
46735 46735 46735
46735 46735 46735
46735 46735 46735
46735 46735 46735
46735 46735 46735
46735 46735 46735
46735 46735 46735
46735 46735 46735
46735 46735 46735
46735 46735 46735
46735 46735 46735
46735 46735 46735
46735 46735 46735
46735 46735 46735
46735 46735 46735
46735 46735 46735
46735 46735 46735
46735 46735 46735
46735 46735 46735
46735 46735 46735
46735 46735 46735
46735 46735 46735
46735 46735 46735
46735 46735 46735
46735 46735 46735
46735 46735 46735
46735 46735 46735
46735 46735 46735
46735 46735 46735
46735 46735 46735
46735 46735 46735
46735 46735 46735
46735 46735 46735
46735 46735 46735
46735 46735 46735
46735 46735 46735
46735 46735 46735
46735 46735 46735
46735 46735 46735
46735 46735 46735
46735 46735 46735
46735 46735 46735
46735 46735 46735
46735 46735 46735
46735 46735 46735
46735 46735 46735
46735 46735 46735
46735 46735 46735
46735 46735 46735
46735 46735 46735
46735 46735 46735
46735 46735 46735
46735 46735 46735
46735 46735 46735
46735 46735 46735
46735 46735 46735
46735 46735 46735
46735 46735 46735
46735 46735 46735
46735 46735 46735
46735 46735 46735
46735 46735 46735
46735 46735 46735
46735 46735 46735
46735 46735 46735
46735 46735 46735
46735 46735 46735
46735 46735 46735
46735 46735 46735
46735 46735 46735
46735 46735 46735
46735 46735 46735
46735 46735 46735
46735 46735 46735
46735 46735 46735
46735 46735 46735
46735 46735 46735
46735 46735 46735
46735 46735 46735
46735 46735 46735
46735 46735 46735
46735 46735 46735
46735 46735 46735
46735 46735 46735
46735 46735 46735
46735 46735 46735
46735 46735 46735
46735 46735 46735
46735 46735 46735
46735 46735 46735
46735 46735 46735
46735 46735 46735
46735 46735 46735
46735 46735 46735
46735 46735 46735
46735 46735 46735
46735 46735 46735
46735 46735 46735
46735 46735 46735
46735 46735 46735
46735 46735 46735
46735 46735 46735
46735 46735 46735
46735 46735 46735
46735 46735 46735
46735 46735 46735
46735 46735 46735
46735 46735 46735
46735 46735 46735
46735 46735 46735
46735 46735 46735
46735 46735 46735
46735 46735 46735
46735 46735 46735
46735 46735 46735
46735 46735 46735
46735 46735 46735
46735 46735 46735
46735 46735 46735
46735 46735 46735
46735 46735 46735
46735 46735 46735
46735 46735 46735
46735 46735 46735
46735 46735 46735
46735 46735 46735
46735 46735 46735
46735 46735 46735
46735 46735 46735
46735 46735 46735
46735 46735 46735
46735 46735 46735
46735 46735 46735
46735 46735 46735
46735 46735 46735
46735 46735 46735
46735 46735 46735
46735 46735 46735
46735 46735 46735
46735 46735 46735
46735 46735 46735
46735 46735 46735
46735 46735 46735
46735 46735 46735
46735 46735 46735
46735 46735 46735
46735 46735 46735
46735 46735 46735
46735 46735 46735
46735 46735 46735
46735 46735 46735
46735 46735 46735
46735 46735 46735
46735 46735 46735
46735 46735 46735
46735 46735 46735
46735 46735 46735
46735 46735 46735
46735 46735 46735
46735 46735 46735
46735 46735 46735
46735 46735 46735
46735 46735 46735
46735 46735 46735
46735 46735 46735
46735 46735 46735
46735 46735 46735
46735 46735 46735
46735 46735 46735
46735 46735 46735
46735 46735 46735
46735 46735 46735
46735 46735 46735
46735 46735 46735
46735 46735 46735
46735 46735 46735
46735 46735 46735
46735 46735 46735
46735 46735 46735
46735 46735 46735
46735 46735 46735
46735 46735 46735
46735 46735 46735
46735 46735 46735
46735 46735 46735
46735 46735 46735
46735 46735 46735
46735 46735 46735
46735 46735 46735
46735 46735 46735
46735 46735 46735
46735 46735 46735
46735 46735 46735
46735 46735 46735
46735 46735 46735
46735 46735 46735
46735 46735 46735
46735 46735 46735
46735 46735 46735
46735 46735 46735
46735 46735 46735
46735 46735 46735
46735 46735 46735
46735 46735 46735
46735 46735 46735
46735 46735 46735
46735 46735 46735
46735 46735 46735
46735 46735 46735
46735 46735 46735
46735 46735 46735
46735 46735 46735
46735 46735 46735
46735 46735 46735
46735 46735 46735
46735 46735 46735
46735 46735 46735
46735 46735 46735
46735 46735 46735
46735 46735 46735
46735 46735 46735
46735 46735 46735
46735 46735 46735
46735 46735 46735
46735 46735 46735
46735 46735 46735
46735 46735 46735
46735 46735 46735
46735 46735 46735
46735 46735 46735
46735 46735 46735
46735 46735 46735
46735 46735 46735
46735 46735 46735
46735 46735 46735
46735 46735 46735
46735 46735 46735
46735 46735 46735
46735 46735 46735
46735 46735 46735
46735 46735 46735
46735 46735 46735
46735 46735 46735
46735 46735 46735
46735 46735 46735
46735 46735 46735
46735 46735 46735
46735 46735 46735
46735 46735 46735
46735 46735 46735
46735 46735 46735
46735 46735 46735
46735 46735 46735
46735 46735 46735
46735 46735 46735
46735 46735 46735
46735 46735 46735
46735 46735 46735
46735 46735 46735
46735 46735 46735
46735 46735 46735
46735 46735 46735
46735 46735 46735
46735 46735 46735
46735 46735 46735
46735 46735 46735
46735 46735 46735
46735 46735 46735
46735 46735 46735
46735 46735 46735
46735 46735 46735
46735 46735 46735
46735 46735 46735
46735 46735 46735
46735 46735 46735
46735 46735 46735
46735 46735 46735
46735 46735 46735
46735 46735 46735
46735 46735 46735
46735 46735 46735
46735 46735 46735
46735 46735 46735
46735 46735 46735
46735 46735 46735
46735 46735 46735
46735 46735 46735
46735 46735 46735
46735 46735 46735
46735 46735 46735
46735 46735 46735
46735 46735 46735
46735 46735 46735
46735 46735 46735
46735 46735 46735
46735 46735 46735
46735 46735 46735
46735 46735 46735
46735 46735 46735
46735 46735 46735
46735 46735 46735
46735 46735 46735
46735 46735 46735
46735 46735 46735
46735 46735 46735
46735 46735 46735
46735 46735 46735
46735 46735 46735
46735 46735 46735
46735 46735 46735
46735 46735 46735
46735 46735 46735
46735 46735 46735
46735 46735 46735
46735 46735 46735
46735 46735 46735
46735 46735 46735
46735 46735 46735
46735 46735 46735
46735 46735 46735
46735 46735 46735
46735 46735 46735
46735 46735 46735
46735 46735 46735
46735 46735 46735
46735 46735 46735
46735 46735 46735
46735 46735 46735
46735 46735 46735
46735 46735 46735
46735 46735 46735
46735 46735 46735
46735 46735 46735
46735 46735 46735
46735 46735 46735
46735 46735 46735
46735 46735 46735
46735 46735 46735
46735 46735 46735
46735 46735 46735
46735 46735 46735
46735 46735 46735
46735 46735 46735
46735 46735 46735
46735 46735 46735
46735 46735 46735
46735 46735 46735
46735 46735 46735
46735 46735 46735
46735 46735 46735
46735 46735 46735
46735 46735 46735
46735 46735 46735
46735 46735 46735
46735 46735 46735
46735 46735 46735
46735 46735 46735
46735 46735 46735
46735 46735 46735
46735 46735 46735
46735 46735 46735
46735 46735 46735
46735 46735 46735
46735 46735 46735
46735 46735 46735
46735 46735 46735
46735 46735 46735
46735 46735 46735
46735 46735 46735
46735 46735 46735
46735 46735 46735
46735 46735 46735
46735 46735 46735
46735 46735 46735
46735 46735 46735
46735 46735 46735
46735 46735 46735
46735 46735 46735
46735 46735 46735
46735 46735 46735
46735 46735 46735
46735 46735 46735
46735 46735 46735
46735 46735 46735
46735 46735 46735
46735 46735 46735
46735 46735 46735
46735 46735 46735
46735 46735 46735
46735 46735 46735
46735 46735 46735
46735 46735 46735
46735 46735 46735
46735 46735 46735
46735 46735 46735
46735 46735 46735
46735 46735 46735
46735 46735 46735
46735 46735 46735
46735 46735 46735
46735 46735 46735
46735 46735 46735
46735 46735 46735
46735 46735 46735
46735 46735 46735
46735 46735 46735
46735 46735 46735
46735 46735 46735
46735 46735 46735
46735 46735 46735
46735 46735 46735
46735 46735 46735
46735 46735 46735
46735 46735 46735
46735 46735 46735
46735 46735 46735
46735 46735 46735
46735 46735 46735
46735 46735 46735
