-28530 -30060 -28719
-22065 -27180 -25243
-22065 -25855 -24390
-22065 -24895 -24011
-14965 -24430 -23704
-14965 -23950 -23474
-14965 -23770 -23336
-14965 -23665 -23209
-14965 -23495 -23116
-14965 -23375 -23016
-14965 -23240 -22916
-14965 -23140 -22850
-14965 -23080 -22802
-14965 -23015 -22741
-14965 -22990 -22689
-14965 -22930 -22590
-14965 -22895 -22499
-14965 -22770 -22411
-14965 -22650 -22359
-14965 -22565 -22324
-14965 -22540 -22262
-14965 -22520 -22220
-14965 -22495 -22175
-14965 -22410 -22140
-14965 -22360 -22103
-14965 -22315 -22026
-14965 -22295 -22006
-14965 -22260 -21982
-14965 -22235 -21962
-14965 -22215 -21936
-14965 -22180 -21894
-14965 -22170 -21875
-14965 -22135 -21855
-14965 -22120 -21820
-14965 -22095 -21802
-14965 -22080 -21788
-14965 -22080 -21765
-14965 -22055 -21746
-14965 -22025 -21699
-14965 -22025 -21680
-14965 -21990 -21636
-14965 -21965 -21613
-14965 -21960 -21589
-14965 -21960 -21570
-14965 -21915 -21541
-14455 -21900 -21421
-14455 -21875 -21348
-14455 -21835 -21298
-14455 -21830 -21246
-14455 -21825 -21184
-14455 -21685 -21086
-9730 -21650 -20940
-9730 -21630 -20800
-9730 -21440 -20747
-9730 -21395 -20699
-7560 -21270 -20536
-7340 -21235 -20350
-7340 -21235 -20132
-7145 -21065 -19875
-7145 -21050 -19809
-7145 -20985 -19716
-7145 -20985 -19600
-7145 -20820 -19470
-7145 -20545 -19233
-7145 -20510 -19015
-7145 -20485 -18864
-7145 -20180 -18735
-7145 -19815 -18606
-7145 -19815 -18437
-7145 -19815 -18187
-7145 -19790 -17880
-7145 -19785 -17570
-7145 -18960 -17333
-7145 -18300 -17249
-7145 -18300 -17177
-7145 -18200 -17017
-7145 -18105 -16926
-7145 -18105 -16805
-7145 -17775 -16670
-7145 -17775 -16590
-7145 -17775 -16462
-7145 -17775 -16258
-7145 -17615 -16049
-7145 -17050 -15766
-7145 -17050 -15590
-7145 -16785 -15431
-7145 -16335 -15301
-7145 -16160 -15274
-7145 -16160 -15182
-7145 -16160 -15138
-7145 -16115 -15078
-7145 -16115 -14972
-7145 -16055 -14804
-7145 -16055 -14560
-7145 -15465 -14308
-7145 -15465 -14175
-7145 -14965 -14078
-7145 -14815 -14047
-7145 -14815 -13987
-7145 -14815 -13896
-7145 -14815 -13792
-7145 -14645 -13644
-7145 -14645 -13556
-7145 -14470 -13451
-7145 -14470 -13269
-7145 -14470 -12977
-7145 -14410 -12634
-7145 -13770 -12358
-7145 -13170 -12141
-7145 -13125 -11942
-7145 -13125 -11644
-6915 -12665 -11210
-6915 -12665 -10758
-6915 -12575 -10253
-6915 -10985 -9985
-6915 -10130 -9800
-6915 -10130 -9772
-6915 -10040 -9743
-6915 -10040 -9714
-6915 -9990 -9701
-6915 -9970 -9694
-6915 -9970 -9669
-6915 -9970 -9646
-6915 -9970 -9610
-6915 -9970 -9564
-6915 -9805 -9508
-6915 -9805 -9492
-6915 -9780 -9467
-6915 -9780 -9431
-6915 -9780 -9361
-6915 -9730 -9280
-6915 -9730 -9179
-6915 -9525 -9094
-6915 -9360 -9035
-6915 -9235 -9009
-6915 -9235 -8982
-6915 -9235 -8943
-6915 -9235 -8877
-6915 -9165 -8815
-6915 -9165 -8759
-6915 -8920 -8736
-6915 -8920 -8727
-6915 -8880 -8714
-6915 -8880 -8707
-6915 -8880 -8690
-6915 -8880 -8658
-6915 -8880 -8633
-6915 -8820 -8617
-6915 -8820 -8595
-6915 -8785 -8564
-6915 -8780 -8507
-6915 -8780 -8437
-6915 -8765 -8354
-6915 -8585 -8291
-6915 -8510 -8251
-6915 -8315 -8226
-6915 -8315 -8226
-6915 -8315 -8226
-6915 -8315 -8226
-6915 -8315 -8226
-6915 -8315 -8222
-6915 -8315 -8222
-6915 -8315 -8222
-6915 -8315 -8222
-6915 -8315 -8222
-6915 -8315 -8221
-6915 -8315 -8220
-6915 -8315 -8219
-6915 -8315 -8218
-6915 -8310 -8216
-6915 -8310 -8216
-6915 -8310 -8215
-6915 -8310 -8209
-6915 -8310 -8208
-6915 -8310 -8205
-6915 -8310 -8201
-6915 -8310 -8192
-6915 -8310 -8176
-6915 -8310 -8155
-6915 -8275 -8134
-6915 -8275 -8117
-6565 -8210 -8103
-6565 -8205 -8098
-6565 -8185 -8095
-6565 -8185 -8090
-6565 -8185 -8087
-6565 -8185 -8083
-6565 -8185 -8073
-6565 -8185 -8062
-6565 -8185 -8051
-6565 -8135 -8043
-6565 -8135 -8039
-6565 -8135 -8035
-6565 -8115 -8032
-6565 -8115 -8032
-6565 -8115 -8032
-6565 -8115 -8032
-6565 -8115 -8032
-6565 -8115 -8030
-6565 -8115 -8030
-6565 -8115 -8030
-6565 -8115 -8030
-6565 -8115 -8030
-6565 -8115 -8029
-6565 -8115 -8028
-6565 -8115 -8027
-6565 -8115 -8026
-6565 -8110 -8026
-6565 -8110 -8026
-6565 -8110 -8025
-6565 -8110 -8025
-6565 -8110 -8024
-6565 -8110 -8023
-6565 -8110 -8014
-6565 -8110 -8007
-6565 -8110 -7996
-6565 -8110 -7983
-6565 -8075 -7969
-6565 -8055 -7961
-6565 -8055 -7949
-6565 -8055 -7940
-6565 -8020 -7933
-6565 -8010 -7925
-6565 -8010 -7925
-6565 -8010 -7923
-6565 -8010 -7920
-6565 -8010 -7917
-6565 -8010 -7913
-6565 -7995 -7910
-6565 -7995 -7908
-6565 -7995 -7906
-6565 -7985 -7905
-6565 -7985 -7905
-6565 -7985 -7900
-6565 -7985 -7896
-6565 -7985 -7895
-6565 -7985 -7895
-6565 -7985 -7894
-6565 -7985 -7893
-6565 -7985 -7887
-6565 -7985 -7882
-6565 -7985 -7877
-6565 -7980 -7872
-6565 -7960 -7865
-6565 -7960 -7862
-6565 -7960 -7854
-6565 -7960 -7846
-6565 -7960 -7839
-6565 -7925 -7834
-6565 -7925 -7832
-6565 -7925 -7829
-6565 -7925 -7824
-6565 -7915 -7822
-6565 -7915 -7821
-6565 -7910 -7814
-6565 -7910 -7813
-6565 -7910 -7810
-6565 -7910 -7803
-6565 -7910 -7797
-6565 -7910 -7790
-6565 -7885 -7779
-6565 -7885 -7772
-6565 -7885 -7762
-6565 -7865 -7747
-6565 -7865 -7732
-6565 -7865 -7716
735 -7795 -7664
735 -7795 -7659
735 -7795 -7654
735 -7775 -7650
735 -7775 -7646
735 -7775 -7637
735 -7775 -7600
735 -7775 -7578
735 -7775 -7556
735 -7665 -7540
735 -7665 -7539
735 -7665 -7512
735 -7665 -7505
735 -7665 -7498
735 -7665 -7490
735 -7630 -7486
735 -7630 -7484
735 -7630 -7480
735 -7625 -7477
735 -7625 -7474
735 -7610 -7472
735 -7610 -7445
735 -7610 -7444
735 -7610 -7444
735 -7610 -7442
735 -7610 -7439
735 -7610 -7433
735 -7610 -7423
735 -7610 -7413
735 -7610 -7403
735 -7560 -7403
735 -7560 -7394
735 -7560 -7394
735 -7560 -7393
735 -7560 -7393
735 -7560 -7392
735 -7560 -7381
735 -7560 -7378
735 -7560 -7374
735 -7560 -7368
735 -7545 -7365
735 -7545 -7359
735 -7540 -7353
735 -7540 -7347
735 -7515 -7343
735 -7510 -7342
735 -7510 -7342
735 -7510 -7342
735 -7510 -7342
735 -7510 -7342
735 -7510 -7342
735 -7510 -7342
735 -7510 -7342
735 -7510 -7342
735 -7510 -7341
735 -7510 -7340
735 -7510 -7337
735 -7510 -7336
735 -7510 -7332
735 -7510 -7325
735 -7510 -7310
735 -7510 -7295
735 -7510 -7278
2705 -7440 -7221
2705 -7440 -7218
2705 -7425 -7215
2705 -7425 -7214
2705 -7425 -7212
2705 -7425 -7207
2705 -7425 -7193
2705 -7425 -7181
2705 -7425 -7169
2705 -7365 -7162
2705 -7365 -7161
2705 -7365 -7161
2705 -7365 -7132
2705 -7365 -7131
2705 -7365 -7130
2705 -7360 -7129
2705 -7360 -7129
2705 -7360 -7129
2705 -7360 -7128
2705 -7360 -7127
2705 -7360 -7126
2705 -7355 -7125
2705 -7355 -7123
2705 -7355 -7122
2705 -7355 -7088
2705 -7355 -7087
2705 -7355 -7087
2705 -7355 -7085
2705 -7355 -7081
2705 -7355 -7078
2705 -7355 -7073
2705 -7340 -7070
2705 -7340 -7068
2705 -7330 -7067
2705 -7330 -7067
2705 -7330 -7067
2705 -7330 -7067
2705 -7330 -7067
2705 -7330 -7067
2705 -7330 -7067
2705 -7330 -7067
2705 -7330 -7067
2705 -7330 -7067
2705 -7330 -7067
2705 -7330 -7067
2705 -7330 -7067
2705 -7330 -7067
2705 -7330 -7067
2705 -7330 -7065
2705 -7330 -7061
2705 -7330 -7061
2705 -7330 -7059
2705 -7330 -7057
2705 -7330 -7054
2705 -7330 -7049
2705 -7330 -7043
2705 -7310 -7037
2705 -7310 -7021
2705 -7300 -7020
2705 -7300 -7019
2705 -7300 -7019
2705 -7300 -7017
2705 -7300 -7013
2705 -7300 -7006
2705 -7300 -6997
2705 -7300 -6988
2705 -7255 -6982
2705 -7255 -6982
2705 -7255 -6982
2705 -7255 -6982
2705 -7255 -6982
2705 -7255 -6982
2705 -7255 -6982
2705 -7255 -6982
2705 -7255 -6982
2705 -7255 -6982
2705 -7255 -6982
2705 -7255 -6982
2705 -7255 -6982
2705 -7255 -6982
2705 -7255 -6982
2705 -7255 -6982
2705 -7255 -6975
2705 -7255 -6975
2705 -7255 -6974
2705 -7255 -6974
2705 -7255 -6972
2705 -7255 -6970
2705 -7255 -6965
2705 -7255 -6958
2705 -7255 -6952
2705 -7225 -6948
2705 -7225 -6948
2705 -7225 -6947
2705 -7225 -6946
2705 -7225 -6944
2705 -7225 -6941
2705 -7225 -6938
2705 -7210 -6936
2705 -7210 -6936
2705 -7210 -6936
2705 -7210 -6936
2705 -7210 -6936
2705 -7210 -6936
2705 -7210 -6936
2705 -7210 -6936
2705 -7210 -6936
2705 -7210 -6936
2705 -7210 -6936
2705 -7210 -6936
2705 -7210 -6933
2705 -7210 -6933
2705 -7210 -6933
2705 -7210 -6933
2705 -7210 -6933
2705 -7210 -6933
2705 -7210 -6933
2705 -7210 -6933
2705 -7210 -6933
2705 -7210 -6933
2705 -7210 -6933
2705 -7210 -6933
2705 -7210 -6933
2705 -7210 -6931
2705 -7210 -6931
2705 -7210 -6931
2705 -7210 -6931
2705 -7210 -6930
2705 -7210 -6929
2705 -7210 -6927
2705 -7210 -6924
2705 -7210 -6921
2705 -7195 -6919
2705 -7195 -6915
2705 -7195 -6914
2705 -7195 -6913
2705 -7195 -6911
2705 -7195 -6903
2705 -7195 -6894
2705 -7195 -6881
2705 -7195 -6868
2705 -7145 -6858
2705 -7130 -6855
2705 -7130 -6853
2705 -7130 -6850
2705 -7130 -6847
2705 -7115 -6845
2705 -7115 -6845
2705 -7115 -6845
2705 -7115 -6845
2705 -7115 -6845
2705 -7115 -6845
2705 -7115 -6845
2705 -7115 -6845
2705 -7115 -6845
2705 -7115 -6845
2705 -7115 -6808
2705 -7115 -6808
2705 -7115 -6770
2705 -7115 -6769
2705 -7115 -6769
2705 -7115 -6767
2705 -7115 -6720
2705 -7115 -6716
2705 -7115 -6710
2705 -7105 -6705
2705 -7105 -6699
2705 -7085 -6693
2705 -7085 -6686
2705 -7085 -6677
2705 -7085 -6668
2705 -7040 -6662
2705 -7040 -6662
2705 -7040 -6662
2705 -7040 -6662
2705 -7040 -6662
2705 -7040 -6662
2705 -7040 -6662
2705 -7040 -6662
2705 -7040 -6662
2705 -7040 -6662
2705 -7040 -6662
2705 -7040 -6662
2705 -7040 -6640
2705 -7040 -6640
2705 -7040 -6640
2705 -7040 -6640
2705 -7040 -6639
2705 -7040 -6639
2705 -7040 -6637
2705 -7040 -6635
2705 -7040 -6633
2705 -7030 -6631
2705 -7030 -6630
2705 -7030 -6629
2705 -7030 -6627
2705 -7030 -6625
2705 -7020 -6581
2705 -7020 -6548
2705 -7020 -6547
2705 -7020 -6546
2705 -7020 -6545
2705 -7020 -6538
2705 -7020 -6532
2705 -7020 -6525
2705 -7000 -6516
2705 -7000 -6505
2705 -6995 -6496
2705 -6995 -6485
2705 -6960 -6481
2705 -6950 -6477
2705 -6940 -6476
2705 -6940 -6476
2705 -6940 -6476
2705 -6940 -6476
2705 -6940 -6476
2705 -6940 -6476
2705 -6940 -6476
2705 -6940 -6476
2705 -6940 -6476
2705 -6940 -6476
2705 -6940 -6476
2705 -6940 -6476
2705 -6940 -6476
2705 -6940 -6475
2705 -6940 -6475
2705 -6940 -6474
2705 -6940 -6473
2705 -6940 -6473
2705 -6940 -6472
2705 -6940 -6463
2705 -6940 -6460
2705 -6940 -6454
2705 -6930 -6446
2705 -6930 -6438
2705 -6915 -6427
2705 -6915 -6407
2705 -6915 -6385
2705 -6915 -6360
2705 -6810 -6345
2705 -6810 -6337
2705 -6810 -6329
2705 -6770 -6323
2705 -6770 -6323
2705 -6770 -6323
2705 -6770 -6323
2705 -6770 -6323
2705 -6770 -6292
2705 -6770 -6246
2705 -6770 -6246
2705 -6770 -6245
2705 -6770 -6243
2705 -6770 -6238
3130 -6770 -6181
3130 -6770 -6170
3130 -6770 -6158
3130 -6745 -6150
3130 -6710 -6145
3130 -6710 -6143
3130 -6710 -6139
3130 -6710 -6134
3130 -6710 -6129
3130 -6685 -6125
3130 -6685 -6124
3130 -6685 -6124
3130 -6685 -6124
3130 -6685 -6123
3130 -6685 -6121
3130 -6685 -6106
3130 -6685 -6090
3130 -6680 -6083
3130 -6680 -6076
3130 -6650 -6071
3130 -6650 -6005
3130 -6650 -6000
3130 -6650 -5992
3130 -6635 -5982
3130 -6635 -5974
3130 -6610 -5942
3130 -6610 -5933
3130 -6610 -5924
3130 -6575 -5917
3130 -6565 -5915
3130 -6565 -5913
3130 -6565 -5909
3130 -6565 -5904
3130 -6565 -5899
3130 -6540 -5895
3130 -6540 -5895
3130 -6540 -5895
3130 -6540 -5895
3130 -6540 -5895
3130 -6540 -5895
3130 -6540 -5849
3130 -6540 -5849
3130 -6540 -5848
3130 -6540 -5848
3130 -6540 -5846
3130 -6540 -5801
3130 -6540 -5795
3130 -6540 -5786
3130 -6540 -5778
3130 -6500 -5772
3130 -6500 -5771
3130 -6500 -5768
3130 -6500 -5764
3130 -6500 -5760
3130 -6480 -5757
3130 -6480 -5757
3130 -6480 -5757
3130 -6480 -5757
3130 -6480 -5757
3130 -6480 -5757
3130 -6480 -5757
3130 -6480 -5757
3130 -6480 -5757
3130 -6480 -5757
3130 -6480 -5757
3130 -6480 -5757
3130 -6480 -5757
3130 -6480 -5757
3130 -6480 -5755
3130 -6480 -5755
3130 -6480 -5755
3130 -6480 -5755
3130 -6480 -5755
3130 -6480 -5754
3130 -6480 -5753
3130 -6480 -5752
3130 -6480 -5751
3130 -6475 -5751
3130 -6475 -5751
3130 -6475 -5751
3130 -6475 -5751
3130 -6475 -5751
3130 -6475 -5751
3130 -6475 -5739
3130 -6475 -5739
3130 -6475 -5738
3130 -6475 -5695
3130 -6475 -5690
3130 -6475 -5682
3130 -6475 -5664
3130 -6475 -5638
3130 -6475 -5597
3130 -6420 -5531
3130 -6420 -5455
3130 -6420 -5379
3130 -6040 -5301
3130 -6040 -5300
3130 -6040 -5299
3130 -6040 -5296
3130 -6040 -5292
3130 -6040 -5282
3130 -6040 -5263
3130 -6040 -5239
3130 -6040 -5215
3130 -5920 -5199
3130 -5920 -5192
3130 -5920 -5191
3130 -5920 -5191
3130 -5920 -5189
3130 -5920 -5187
3130 -5920 -5182
3830 -5920 -5122
3830 -5920 -5109
3830 -5920 -5095
3830 -5855 -5086
3830 -5855 -5083
3830 -5855 -5048
3830 -5855 -4990
3830 -5855 -4969
3830 -5855 -4904
3830 -5780 -4866
3830 -5780 -4762
3830 -5780 -4638
3830 -5780 -4408
3830 -5735 -4154
3830 -5735 -3840
3830 -4710 -3747
3830 -4710 -3649
3830 -4405 -3619
3830 -4405 -3601
3830 -4400 -3567
3830 -4400 -3441
3830 -4375 -3349
3830 -4375 -3222
3830 -4205 -3079
3830 -3970 -2876
3830 -3970 -2644
3830 -3685 -2395
3830 -3685 -2127
4865 -2940 -1878
4865 -2660 -1731
4865 -2660 -1562
4865 -2660 -1360
4865 -2130 -1209
4865 -1950 -1052
4865 -1770 -909
4865 -1560 -798
4865 -1265 -736
4865 -1145 -700
4865 -1145 -672
4865 -1145 -641
4865 -1145 -618
4865 -1145 -543
4865 -1145 -447
4865 -1145 -310
4865 -1145 -161
4865 -540 -32
4865 -445 5
4865 -445 32
5210 -390 83
5210 -390 127
5210 -290 140
5210 -290 166
5210 -290 172
5210 -290 185
5210 -290 260
5285 -290 344
5285 -225 475
5285 -225 619
5285 -205 808
5285 -205 1095
5285 150 1411
5510 620 1790
5610 1270 2053
5610 1605 2181
5610 1760 2278
5610 1770 2419
5610 1815 2592
5610 1925 2775
5610 2370 2913
5610 2630 2965
5610 2705 2987
5610 2705 3017
5610 2730 3041
5610 2730 3081
5610 2760 3128
5610 2760 3176
5610 2915 3196
5610 2915 3217
5610 2970 3247
5610 2970 3271
5610 3000 3317
5610 3000 3355
5610 3130 3394
5610 3130 3420
5610 3180 3448
5610 3180 3480
5610 3180 3519
5610 3250 3553
5610 3250 3592
5610 3310 3641
5610 3310 3705
5610 3385 3787
5610 3520 3868
5610 3620 3918
5610 3720 3954
5610 3720 3984
5610 3775 4017
5610 3775 4066
5610 3775 4137
5870 3830 4217
5870 4015 4285
5870 4110 4334
5870 4110 4383
5870 4110 4438
5870 4350 4476
6080 4350 4497
6080 4350 4513
6080 4350 4533
6080 4410 4554
6080 4410 4587
6080 4410 4645
6080 4410 4692
6080 4645 4734
6080 4645 4736
6080 4645 4747
6080 4645 4761
6080 4645 4771
6080 4645 4786
6080 4675 4806
6080 4675 4824
6080 4700 4848
6080 4720 4872
6080 4730 4895
6080 4815 4915
6080 4840 4921
6080 4840 4923
6080 4840 4928
6080 4840 4937
6080 4840 4953
6080 4840 4977
6080 4865 5005
6080 4875 5026
6080 4945 5034
6080 4960 5039
6080 4980 5043
6080 4980 5045
6080 4980 5049
13240 4980 5096
13240 4980 5108
13240 5005 5151
13240 5005 5154
13240 5005 5157
13240 5005 5162
13240 5015 5167
13635 5015 5219
13635 5020 5228
13635 5040 5236
13635 5050 5284
13635 5050 5329
13635 5065 5378
13635 5065 5388
13635 5065 5399
13635 5085 5418
13635 5105 5427
13635 5105 5482
13635 5120 5497
13635 5130 5514
13635 5170 5529
13635 5170 5543
13635 5205 5572
13635 5205 5623
13635 5210 5629
13635 5210 5689
13635 5210 5741
13665 5210 5842
13665 5215 5897
13665 5285 5930
13665 5305 5961
13665 5350 5997
13665 5380 6029
13665 5410 6061
13665 5470 6108
13665 5510 6136
13665 5540 6156
13665 5540 6202
13665 5600 6210
13665 5610 6225
13665 5610 6286
13665 5610 6315
13665 5625 6346
13665 5740 6382
13665 5750 6404
13665 5750 6420
13665 5770 6437
13665 5805 6497
13665 5805 6546
13665 5850 6560
13665 5850 6585
13665 5870 6624
13665 5870 6667
13665 5870 6739
13665 6040 6831
13835 6080 6978
13835 6080 7085
13835 6080 7170
13835 6080 7311
13835 6260 7526
13835 6290 7766
13835 6375 8093
13835 7025 8324
13835 7355 8490
13835 7635 8679
13835 7635 8899
13835 7820 9241
13835 7845 9597
13835 7845 9987
13835 9290 10175
13835 9505 10296
13835 9805 10374
13835 9870 10414
13835 9980 10449
13835 9980 10507
13835 9980 10597
13835 9980 10709
13835 9980 10835
13835 10510 10920
13835 10510 10970
13835 10510 11085
13835 10510 11201
13835 10510 11325
13835 11045 11403
13835 11045 11445
13835 11045 11495
13835 11230 11523
13835 11230 11555
13835 11230 11594
13835 11230 11652
13835 11230 11761
13835 11230 11901
13835 11365 12069
13835 11600 12205
13835 11805 12304
13835 12055 12356
13835 12055 12409
13835 12155 12458
13835 12155 12513
13835 12285 12560
13835 12305 12613
13835 12470 12670
13835 12470 12705
13835 12530 12764
13835 12530 12834
13960 12530 12902
13960 12825 12943
13960 12825 12957
13960 12825 12978
13960 12825 13012
13960 12825 13051
13960 12855 13089
13960 13000 13113
13960 13010 13132
13960 13010 13157
13960 13025 13178
13960 13115 13190
13960 13115 13192
13960 13115 13203
13960 13115 13212
13960 13115 13229
14095 13115 13251
14095 13170 13274
14095 13170 13301
14095 13175 13332
14095 13180 13368
14095 13240 13404
14095 13305 13426
14095 13335 13460
14095 13365 13490
14095 13415 13514
14095 13415 13534
14095 13465 13551
14095 13485 13568
14095 13510 13583
14095 13535 13596
14095 13565 13606
14095 13565 13608
14095 13570 13612
14095 13570 13616
14095 13570 13627
14095 13575 13637
14095 13575 13651
14095 13605 13660
14095 13630 13665
14095 13630 13668
14095 13635 13670
14095 13635 13672
14095 13635 13680
14095 13635 13685
14095 13635 13694
14095 13650 13703
14095 13650 13715
14165 13665 13728
14165 13695 13731
14165 13700 13732
14165 13700 13732
14165 13700 13733
14165 13700 13737
14165 13700 13742
14165 13705 13744
14165 13705 13745
14165 13705 13748
14165 13705 13755
14165 13705 13766
14165 13705 13778
14165 13705 13789
14165 13760 13791
14165 13760 13791
14165 13760 13792
14165 13760 13792
14165 13760 13794
14165 13760 13795
14165 13760 13796
14165 13760 13797
14165 13760 13800
14165 13765 13801
14165 13765 13804
14165 13765 13809
14165 13765 13811
14165 13770 13813
14165 13770 13817
14165 13770 13826
14165 13770 13837
14165 13775 13852
14165 13795 13863
14165 13830 13868
14165 13835 13868
14165 13835 13869
14165 13835 13870
14165 13835 13871
14165 13835 13873
14165 13835 13877
14165 13835 13885
14165 13835 13897
14165 13835 13910
14165 13895 13922
14165 13895 13923
14165 13895 13925
14165 13895 13929
14165 13895 13935
14165 13895 13948
14165 13895 13963
14165 13895 13976
16470 13960 13994
21125 13960 14055
21125 13960 14055
21125 13960 14056
21125 13960 14164
21125 13960 14284
21195 13960 14516
21195 13965 14671
21195 13965 14804
21195 13995 14933
21325 14060 14999
21325 14095 15084
21325 14095 15175
21385 14165 15293
21385 14165 15436
21385 14165 15716
21385 14165 16256
21385 14165 16945
21385 14460 17782
21385 16180 18643
21385 16470 19528
21385 16470 20392
21385 20315 20771
21385 20535 20846
21385 20795 20875
21385 20805 20892
21385 20835 20911
21385 20835 20936
21385 20835 20965
21385 20865 21000
21385 20925 21022
21385 20965 21040
21385 20995 21053
21385 20995 21066
21385 20995 21081
21385 21055 21091
21385 21055 21093
21385 21065 21098
21385 21065 21102
21585 21065 21110
21715 21065 21126
21715 21065 21151
21715 21065 21178
21715 21065 21211
21715 21125 21243
21715 21125 21289
21715 21195 21334
21715 21255 21372
21715 21255 21399
21715 21325 21415
21715 21385 21419
21715 21385 21422
21715 21385 21424
21715 21385 21426
21715 21385 21429
21715 21385 21435
21715 21385 21450
21715 21385 21470
21715 21385 21500
21715 21455 21534
21715 21455 21563
21715 21515 21589
21715 21515 21608
21715 21585 21621
21715 21585 21640
21715 21585 21667
21715 21585 21694
21715 21715 21715
21715 21715 21715
21715 21715 21715
21715 21715 21715
21715 21715 21715
21715 21715 21715
21715 21715 21715
21715 21715 21715
21715 21715 21715
21715 21715 21715
21715 21715 21715
21715 21715 21715
21715 21715 21715
21715 21715 21715
21715 21715 21715
21715 21715 21715
21715 21715 21715
21715 21715 21715
21715 21715 21715
21715 21715 21715
21715 21715 21715
21715 21715 21715
21715 21715 21715
21715 21715 21715
21715 21715 21715
21715 21715 21715
21715 21715 21715
21715 21715 21715
21715 21715 21715
21715 21715 21715
21715 21715 21715
21715 21715 21715
21715 21715 21715
21715 21715 21715
21715 21715 21715
21715 21715 21715
21715 21715 21715
21715 21715 21715
21715 21715 21715
21715 21715 21715
21715 21715 21715
21715 21715 21715
21715 21715 21715
21715 21715 21715
21715 21715 21715
21715 21715 21715
21715 21715 21715
21715 21715 21715
21715 21715 21715
21715 21715 21715
21715 21715 21715
21715 21715 21715
21715 21715 21715
21715 21715 21715
21715 21715 21715
21715 21715 21715
21715 21715 21715
21715 21715 21715
21715 21715 21715
21715 21715 21715
21715 21715 21715
21715 21715 21715
21715 21715 21715
21715 21715 21715
21715 21715 21715
21715 21715 21715
21715 21715 21715
21715 21715 21715
21715 21715 21715
21715 21715 21715
21715 21715 21715
21715 21715 21715
21715 21715 21715
21715 21715 21715
21715 21715 21715
21715 21715 21715
21715 21715 21715
21715 21715 21715
21715 21715 21715
21715 21715 21715
21715 21715 21715
21715 21715 21715
21715 21715 21715
21715 21715 21715
21715 21715 21715
21715 21715 21715
21715 21715 21715
21715 21715 21715
21715 21715 21715
21715 21715 21715
21715 21715 21715
21715 21715 21715
21715 21715 21715
21715 21715 21715
21715 21715 21715
21715 21715 21715
21715 21715 21715
21715 21715 21715
21715 21715 21715
21715 21715 21715
21715 21715 21715
21715 21715 21715
21715 21715 21715
21715 21715 21715
21715 21715 21715
21715 21715 21715
21715 21715 21715
21715 21715 21715
21715 21715 21715
21715 21715 21715
21715 21715 21715
21715 21715 21715
21715 21715 21715
21715 21715 21715
21715 21715 21715
21715 21715 21715
21715 21715 21715
21715 21715 21715
21715 21715 21715
21715 21715 21715
21715 21715 21715
21715 21715 21715
21715 21715 21715
21715 21715 21715
21715 21715 21715
21715 21715 21715
21715 21715 21715
21715 21715 21715
21715 21715 21715
21715 21715 21715
21715 21715 21715
21715 21715 21715
21715 21715 21715
21715 21715 21715
21715 21715 21715
21715 21715 21715
21715 21715 21715
21715 21715 21715
21715 21715 21715
21715 21715 21715
21715 21715 21715
21715 21715 21715
21715 21715 21715
21715 21715 21715
21715 21715 21715
21715 21715 21715
21715 21715 21715
21715 21715 21715
21715 21715 21715
21715 21715 21715
21715 21715 21715
21715 21715 21715
21715 21715 21715
21715 21715 21715
21715 21715 21715
21715 21715 21715
21715 21715 21715
21715 21715 21715
21715 21715 21715
21715 21715 21715
21715 21715 21715
21715 21715 21715
21715 21715 21715
21715 21715 21715
21715 21715 21715
21715 21715 21715
21715 21715 21715
21715 21715 21715
21715 21715 21715
21715 21715 21715
21715 21715 21715
21715 21715 21715
21715 21715 21715
21715 21715 21715
21715 21715 21715
21715 21715 21715
21715 21715 21715
21715 21715 21715
21715 21715 21715
21715 21715 21715
21715 21715 21715
21715 21715 21715
21715 21715 21715
21715 21715 21715
21715 21715 21715
21715 21715 21715
21715 21715 21715
21715 21715 21715
21715 21715 21715
21715 21715 21715
21715 21715 21715
21715 21715 21715
21715 21715 21715
21715 21715 21715
21715 21715 21715
21715 21715 21715
21715 21715 21715
21715 21715 21715
21715 21715 21715
21715 21715 21715
21715 21715 21715
21715 21715 21715
21715 21715 21715
21715 21715 21715
21715 21715 21715
21715 21715 21715
21715 21715 21715
21715 21715 21715
21715 21715 21715
21715 21715 21715
21715 21715 21715
21715 21715 21715
21715 21715 21715
21715 21715 21715
21715 21715 21715
21715 21715 21715
21715 21715 21715
21715 21715 21715
21715 21715 21715
21715 21715 21715
21715 21715 21715
21715 21715 21715
21715 21715 21715
21715 21715 21715
21715 21715 21715
21715 21715 21715
21715 21715 21715
21715 21715 21715
21715 21715 21715
21715 21715 21715
21715 21715 21715
21715 21715 21715
21715 21715 21715
21715 21715 21715
21715 21715 21715
21715 21715 21715
21715 21715 21715
21715 21715 21715
21715 21715 21715
21715 21715 21715
21715 21715 21715
21715 21715 21715
21715 21715 21715
21715 21715 21715
21715 21715 21715
21715 21715 21715
21715 21715 21715
21715 21715 21715
21715 21715 21715
21715 21715 21715
21715 21715 21715
21715 21715 21715
21715 21715 21715
21715 21715 21715
21715 21715 21715
21715 21715 21715
21715 21715 21715
21715 21715 21715
21715 21715 21715
21715 21715 21715
21715 21715 21715
21715 21715 21715
21715 21715 21715
21715 21715 21715
21715 21715 21715
21715 21715 21715
21715 21715 21715
21715 21715 21715
21715 21715 21715
21715 21715 21715
21715 21715 21715
21715 21715 21715
21715 21715 21715
21715 21715 21715
21715 21715 21715
21715 21715 21715
21715 21715 21715
21715 21715 21715
21715 21715 21715
21715 21715 21715
21715 21715 21715
21715 21715 21715
21715 21715 21715
21715 21715 21715
21715 21715 21715
21715 21715 21715
21715 21715 21715
21715 21715 21715
21715 21715 21715
21715 21715 21715
21715 21715 21715
21715 21715 21715
21715 21715 21715
21715 21715 21715
21715 21715 21715
21715 21715 21715
21715 21715 21715
21715 21715 21715
21715 21715 21715
21715 21715 21715
21715 21715 21715
21715 21715 21715
21715 21715 21715
21715 21715 21715
21715 21715 21715
21715 21715 21715
21715 21715 21715
21715 21715 21715
21715 21715 21715
21715 21715 21715
21715 21715 21715
21715 21715 21715
21715 21715 21715
21715 21715 21715
21715 21715 21715
21715 21715 21715
21715 21715 21715
21715 21715 21715
21715 21715 21715
21715 21715 21715
21715 21715 21715
21715 21715 21715
21715 21715 21715
21715 21715 21715
21715 21715 21715
21715 21715 21715
21715 21715 21715
21715 21715 21715
21715 21715 21715
21715 21715 21715
21715 21715 21715
21715 21715 21715
21715 21715 21715
21715 21715 21715
21715 21715 21715
21715 21715 21715
21715 21715 21715
21715 21715 21715
21715 21715 21715
21715 21715 21715
21715 21715 21715
21715 21715 21715
21715 21715 21715
21715 21715 21715
21715 21715 21715
21715 21715 21715
21715 21715 21715
21715 21715 21715
21715 21715 21715
21715 21715 21715
21715 21715 21715
21715 21715 21715
21715 21715 21715
21715 21715 21715
21715 21715 21715
21715 21715 21715
21715 21715 21715
21715 21715 21715
21715 21715 21715
21715 21715 21715
21715 21715 21715
21715 21715 21715
21715 21715 21715
21715 21715 21715
21715 21715 21715
21715 21715 21715
21715 21715 21715
21715 21715 21715
21715 21715 21715
21715 21715 21715
21715 21715 21715
21715 21715 21715
21715 21715 21715
21715 21715 21715
21715 21715 21715
21715 21715 21715
21715 21715 21715
21715 21715 21715
21715 21715 21715
21715 21715 21715
21715 21715 21715
21715 21715 21715
21715 21715 21715
21715 21715 21715
21715 21715 21715
21715 21715 21715
21715 21715 21715
21715 21715 21715
21715 21715 21715
21715 21715 21715
21715 21715 21715
21715 21715 21715
21715 21715 21715
21715 21715 21715
21715 21715 21715
21715 21715 21715
21715 21715 21715
21715 21715 21715
21715 21715 21715
21715 21715 21715
21715 21715 21715
21715 21715 21715
21715 21715 21715
21715 21715 21715
21715 21715 21715
21715 21715 21715
21715 21715 21715
21715 21715 21715
21715 21715 21715
21715 21715 21715
21715 21715 21715
21715 21715 21715
21715 21715 21715
21715 21715 21715
21715 21715 21715
21715 21715 21715
21715 21715 21715
21715 21715 21715
21715 21715 21715
21715 21715 21715
21715 21715 21715
21715 21715 21715
21715 21715 21715
21715 21715 21715
21715 21715 21715
21715 21715 21715
21715 21715 21715
21715 21715 21715
21715 21715 21715
21715 21715 21715
21715 21715 21715
21715 21715 21715
21715 21715 21715
21715 21715 21715
21715 21715 21715
21715 21715 21715
21715 21715 21715
21715 21715 21715
21715 21715 21715
21715 21715 21715
21715 21715 21715
21715 21715 21715
21715 21715 21715
21715 21715 21715
21715 21715 21715
21715 21715 21715
21715 21715 21715
21715 21715 21715
21715 21715 21715
21715 21715 21715
21715 21715 21715
21715 21715 21715
21715 21715 21715
21715 21715 21715
21715 21715 21715
21715 21715 21715
21715 21715 21715
21715 21715 21715
21715 21715 21715
21715 21715 21715
21715 21715 21715
21715 21715 21715
21715 21715 21715
21715 21715 21715
21715 21715 21715
21715 21715 21715
21715 21715 21715
21715 21715 21715
21715 21715 21715
21715 21715 21715
21715 21715 21715
21715 21715 21715
21715 21715 21715
21715 21715 21715
21715 21715 21715
21715 21715 21715
21715 21715 21715
21715 21715 21715
21715 21715 21715
21715 21715 21715
21715 21715 21715
21715 21715 21715
21715 21715 21715
21715 21715 21715
21715 21715 21715
21715 21715 21715
21715 21715 21715
21715 21715 21715
21715 21715 21715
21715 21715 21715
21715 21715 21715
21715 21715 21715
21715 21715 21715
21715 21715 21715
21715 21715 21715
21715 21715 21715
21715 21715 21715
21715 21715 21715
21715 21715 21715
21715 21715 21715
21715 21715 21715
21715 21715 21715
21715 21715 21715
21715 21715 21715
21715 21715 21715
21715 21715 21715
21715 21715 21715
21715 21715 21715
21715 21715 21715
21715 21715 21715
21715 21715 21715
21715 21715 21715
21715 21715 21715
21715 21715 21715
21715 21715 21715
21715 21715 21715
21715 21715 21715
21715 21715 21715
21715 21715 21715
21715 21715 21715
21715 21715 21715
21715 21715 21715
21715 21715 21715
21715 21715 21715
21715 21715 21715
21715 21715 21715
21715 21715 21715
21715 21715 21715
21715 21715 21715
21715 21715 21715
21715 21715 21715
21715 21715 21715
21715 21715 21715
21715 21715 21715
21715 21715 21715
21715 21715 21715
21715 21715 21715
21715 21715 21715
21715 21715 21715
21715 21715 21715
21715 21715 21715
21715 21715 21715
21715 21715 21715
21715 21715 21715
21715 21715 21715
21715 21715 21715
21715 21715 21715
21715 21715 21715
21715 21715 21715
21715 21715 21715
21715 21715 21715
21715 21715 21715
21715 21715 21715
21715 21715 21715
21715 21715 21715
21715 21715 21715
21715 21715 21715
21715 21715 21715
21715 21715 21715
21715 21715 21715
21715 21715 21715
21715 21715 21715
21715 21715 21715
21715 21715 21715
21715 21715 21715
21715 21715 21715
21715 21715 21715
21715 21715 21715
21715 21715 21715
21715 21715 21715
21715 21715 21715
21715 21715 21715
21715 21715 21715
21715 21715 21715
21715 21715 21715
21715 21715 21715
21715 21715 21715
21715 21715 21715
21715 21715 21715
21715 21715 21715
21715 21715 21715
21715 21715 21715
21715 21715 21715
21715 21715 21715
21715 21715 21715
21715 21715 21715
21715 21715 21715
21715 21715 21715
21715 21715 21715
21715 21715 21715
21715 21715 21715
21715 21715 21715
21715 21715 21715
21715 21715 21715
21715 21715 21715
21715 21715 21715
21715 21715 21715
21715 21715 21715
21715 21715 21715
21715 21715 21715
21715 21715 21715
21715 21715 21715
21715 21715 21715
21715 21715 21715
21715 21715 21715
21715 21715 21715
21715 21715 21715
21715 21715 21715
21715 21715 21715
21715 21715 21715
21715 21715 21715
21715 21715 21715
21715 21715 21715
21715 21715 21715
21715 21715 21715
21715 21715 21715
21715 21715 21715
21715 21715 21715
21715 21715 21715
21715 21715 21715
21715 21715 21715
21715 21715 21715
21715 21715 21715
21715 21715 21715
21715 21715 21715
21715 21715 21715
21715 21715 21715
21715 21715 21715
21715 21715 21715
21715 21715 21715
21715 21715 21715
21715 21715 21715
21715 21715 21715
21715 21715 21715
21715 21715 21715
21715 21715 21715
21715 21715 21715
21715 21715 21715
21715 21715 21715
21715 21715 21715
21715 21715 21715
21715 21715 21715
21715 21715 21715
21715 21715 21715
21715 21715 21715
21715 21715 21715
21715 21715 21715
21715 21715 21715
21715 21715 21715
21715 21715 21715
21715 21715 21715
21715 21715 21715
21715 21715 21715
21715 21715 21715
21715 21715 21715
21715 21715 21715
21715 21715 21715
21715 21715 21715
21715 21715 21715
21715 21715 21715
21715 21715 21715
21715 21715 21715
21715 21715 21715
21715 21715 21715
21715 21715 21715
21715 21715 21715
21715 21715 21715
21715 21715 21715
21715 21715 21715
21715 21715 21715
21715 21715 21715
21715 21715 21715
21715 21715 21715
21715 21715 21715
21715 21715 21715
21715 21715 21715
21715 21715 21715
21715 21715 21715
21715 21715 21715
21715 21715 21715
21715 21715 21715
21715 21715 21715
21715 21715 21715
21715 21715 21715
21715 21715 21715
21715 21715 21715
21715 21715 21715
21715 21715 21715
21715 21715 21715
21715 21715 21715
21715 21715 21715
21715 21715 21715
21715 21715 21715
21715 21715 21715
21715 21715 21715
21715 21715 21715
21715 21715 21715
21715 21715 21715
21715 21715 21715
21715 21715 21715
21715 21715 21715
21715 21715 21715
21715 21715 21715
21715 21715 21715
21715 21715 21715
21715 21715 21715
21715 21715 21715
21715 21715 21715
21715 21715 21715
21715 21715 21715
21715 21715 21715
21715 21715 21715
21715 21715 21715
21715 21715 21715
21715 21715 21715
21715 21715 21715
21715 21715 21715
21715 21715 21715
21715 21715 21715
21715 21715 21715
21715 21715 21715
21715 21715 21715
21715 21715 21715
21715 21715 21715
21715 21715 21715
21715 21715 21715
21715 21715 21715
21715 21715 21715
21715 21715 21715
21715 21715 21715
21715 21715 21715
21715 21715 21715
21715 21715 21715
21715 21715 21715
21715 21715 21715
21715 21715 21715
21715 21715 21715
21715 21715 21715
21715 21715 21715
21715 21715 21715
21715 21715 21715
21715 21715 21715
21715 21715 21715
21715 21715 21715
21715 21715 21715
21715 21715 21715
21715 21715 21715
21715 21715 21715
21715 21715 21715
21715 21715 21715
21715 21715 21715
21715 21715 21715
21715 21715 21715
21715 21715 21715
21715 21715 21715
21715 21715 21715
21715 21715 21715
21715 21715 21715
21715 21715 21715
21715 21715 21715
21715 21715 21715
21715 21715 21715
21715 21715 21715
21715 21715 21715
21715 21715 21715
21715 21715 21715
21715 21715 21715
21715 21715 21715
21715 21715 21715
21715 21715 21715
21715 21715 21715
21715 21715 21715
21715 21715 21715
21715 21715 21715
21715 21715 21715
21715 21715 21715
21715 21715 21715
21715 21715 21715
21715 21715 21715
21715 21715 21715
21715 21715 21715
21715 21715 21715
21715 21715 21715
21715 21715 21715
21715 21715 21715
21715 21715 21715
21715 21715 21715
21715 21715 21715
21715 21715 21715
21715 21715 21715
21715 21715 21715
21715 21715 21715
21715 21715 21715
21715 21715 21715
21715 21715 21715
21715 21715 21715
21715 21715 21715
21715 21715 21715
21715 21715 21715
21715 21715 21715
21715 21715 21715
21715 21715 21715
21715 21715 21715
21715 21715 21715
21715 21715 21715
21715 21715 21715
21715 21715 21715
21715 21715 21715
21715 21715 21715
21715 21715 21715
21715 21715 21715
21715 21715 21715
21715 21715 21715
21715 21715 21715
21715 21715 21715
21715 21715 21715
21715 21715 21715
21715 21715 21715
21715 21715 21715
21715 21715 21715
21715 21715 21715
21715 21715 21715
21715 21715 21715
21715 21715 21715
21715 21715 21715
21715 21715 21715
21715 21715 21715
21715 21715 21715
21715 21715 21715
21715 21715 21715
21715 21715 21715
21715 21715 21715
21715 21715 21715
21715 21715 21715
21715 21715 21715
21715 21715 21715
21715 21715 21715
21715 21715 21715
21715 21715 21715
21715 21715 21715
21715 21715 21715
21715 21715 21715
21715 21715 21715
21715 21715 21715
21715 21715 21715
21715 21715 21715
21715 21715 21715
21715 21715 21715
21715 21715 21715
21715 21715 21715
21715 21715 21715
21715 21715 21715
21715 21715 21715
21715 21715 21715
21715 21715 21715
21715 21715 21715
21715 21715 21715
21715 21715 21715
21715 21715 21715
21715 21715 21715
21715 21715 21715
21715 21715 21715
21715 21715 21715
21715 21715 21715
21715 21715 21715
21715 21715 21715
21715 21715 21715
21715 21715 21715
21715 21715 21715
21715 21715 21715
21715 21715 21715
21715 21715 21715
21715 21715 21715
21715 21715 21715
21715 21715 21715
21715 21715 21715
21715 21715 21715
21715 21715 21715
21715 21715 21715
21715 21715 21715
21715 21715 21715
21715 21715 21715
21715 21715 21715
21715 21715 21715
21715 21715 21715
21715 21715 21715
21715 21715 21715
21715 21715 21715
21715 21715 21715
21715 21715 21715
21715 21715 21715
21715 21715 21715
21715 21715 21715
21715 21715 21715
21715 21715 21715
21715 21715 21715
21715 21715 21715
21715 21715 21715
21715 21715 21715
21715 21715 21715
-28530 -30060 -28719
-22065 -27180 -25243
-22065 -25855 -24390
-22065 -24895 -24011
-14965 -24430 -23704
-14965 -23950 -23474
-14965 -23770 -23336
-14965 -23665 -23209
-14965 -23495 -23116
-14965 -23375 -23016
-14965 -23240 -22916
-14965 -23140 -22850
-14965 -23080 -22802
-14965 -23015 -22741
-14965 -22990 -22689
-14965 -22930 -22590
-14965 -22895 -22499
-14965 -22770 -22411
-14965 -22650 -22359
-14965 -22565 -22324
-14965 -22540 -22262
-14965 -22520 -22220
-14965 -22495 -22175
-14965 -22410 -22140
-14965 -22360 -22103
-14965 -22315 -22026
-14965 -22295 -22006
-14965 -22260 -21982
-14965 -22235 -21962
-14965 -22215 -21936
-14965 -22180 -21894
-14965 -22170 -21875
-14965 -22135 -21855
-14965 -22120 -21820
-14965 -22095 -21802
-14965 -22080 -21788
-14965 -22080 -21765
-14965 -22055 -21746
-14965 -22025 -21699
-14965 -22025 -21680
-14965 -21990 -21636
-14965 -21965 -21613
-14965 -21960 -21589
-14965 -21960 -21570
-14965 -21915 -21541
-14455 -21900 -21421
-14455 -21875 -21348
-14455 -21835 -21298
-14455 -21830 -21246
-14455 -21825 -21184
-14455 -21685 -21086
-9730 -21650 -20940
-9730 -21630 -20800
-9730 -21440 -20747
-9730 -21395 -20699
-7560 -21270 -20536
-7340 -21235 -20350
-7340 -21235 -20132
-7145 -21065 -19875
-7145 -21050 -19809
-7145 -20985 -19716
-7145 -20985 -19600
-7145 -20820 -19470
-7145 -20545 -19233
-7145 -20510 -19015
-7145 -20485 -18864
-7145 -20180 -18735
-7145 -19815 -18606
-7145 -19815 -18437
-7145 -19815 -18187
-7145 -19790 -17880
-7145 -19785 -17570
-7145 -18960 -17333
-7145 -18300 -17249
-7145 -18300 -17177
-7145 -18200 -17017
-7145 -18105 -16926
-7145 -18105 -16805
-7145 -17775 -16670
-7145 -17775 -16590
-7145 -17775 -16462
-7145 -17775 -16258
-7145 -17615 -16049
-7145 -17050 -15766
-7145 -17050 -15590
-7145 -16785 -15431
-7145 -16335 -15301
-7145 -16160 -15274
-7145 -16160 -15182
-7145 -16160 -15138
-7145 -16115 -15078
-7145 -16115 -14972
-7145 -16055 -14804
-7145 -16055 -14560
-7145 -15465 -14308
-7145 -15465 -14175
-7145 -14965 -14078
-7145 -14815 -14047
-7145 -14815 -13987
-7145 -14815 -13896
-7145 -14815 -13792
-7145 -14645 -13644
-7145 -14645 -13556
-7145 -14470 -13451
-7145 -14470 -13269
-7145 -14470 -12977
-7145 -14410 -12634
-7145 -13770 -12358
-7145 -13170 -12141
-7145 -13125 -11942
-7145 -13125 -11644
-6915 -12665 -11210
-6915 -12665 -10758
-6915 -12575 -10253
-6915 -10985 -9985
-6915 -10130 -9800
-6915 -10130 -9772
-6915 -10040 -9743
-6915 -10040 -9714
-6915 -9990 -9701
-6915 -9970 -9694
-6915 -9970 -9669
-6915 -9970 -9646
-6915 -9970 -9610
-6915 -9970 -9564
-6915 -9805 -9508
-6915 -9805 -9492
-6915 -9780 -9467
-6915 -9780 -9431
-6915 -9780 -9361
-6915 -9730 -9280
-6915 -9730 -9179
-6915 -9525 -9094
-6915 -9360 -9035
-6915 -9235 -9009
-6915 -9235 -8982
-6915 -9235 -8943
-6915 -9235 -8877
-6915 -9165 -8815
-6915 -9165 -8759
-6915 -8920 -8736
-6915 -8920 -8727
-6915 -8880 -8714
-6915 -8880 -8707
-6915 -8880 -8690
-6915 -8880 -8658
-6915 -8880 -8633
-6915 -8820 -8617
-6915 -8820 -8595
-6915 -8785 -8564
-6915 -8780 -8507
-6915 -8780 -8437
-6915 -8765 -8354
-6915 -8585 -8291
-6915 -8510 -8251
-6915 -8315 -8226
-6915 -8315 -8226
-6915 -8315 -8226
-6915 -8315 -8226
-6915 -8315 -8226
-6915 -8315 -8222
-6915 -8315 -8222
-6915 -8315 -8222
-6915 -8315 -8222
-6915 -8315 -8222
-6915 -8315 -8221
-6915 -8315 -8220
-6915 -8315 -8219
-6915 -8315 -8218
-6915 -8310 -8216
-6915 -8310 -8216
-6915 -8310 -8215
-6915 -8310 -8209
-6915 -8310 -8208
-6915 -8310 -8205
-6915 -8310 -8201
-6915 -8310 -8192
-6915 -8310 -8176
-6915 -8310 -8155
-6915 -8275 -8134
-6915 -8275 -8117
-6565 -8210 -8103
-6565 -8205 -8098
-6565 -8185 -8095
-6565 -8185 -8090
-6565 -8185 -8087
-6565 -8185 -8083
-6565 -8185 -8073
-6565 -8185 -8062
-6565 -8185 -8051
-6565 -8135 -8043
-6565 -8135 -8039
-6565 -8135 -8035
-6565 -8115 -8032
-6565 -8115 -8032
-6565 -8115 -8032
-6565 -8115 -8032
-6565 -8115 -8032
-6565 -8115 -8030
-6565 -8115 -8030
-6565 -8115 -8030
-6565 -8115 -8030
-6565 -8115 -8030
-6565 -8115 -8029
-6565 -8115 -8028
-6565 -8115 -8027
-6565 -8115 -8026
-6565 -8110 -8026
-6565 -8110 -8026
-6565 -8110 -8025
-6565 -8110 -8025
-6565 -8110 -8024
-6565 -8110 -8023
-6565 -8110 -8014
-6565 -8110 -8007
-6565 -8110 -7996
-6565 -8110 -7983
-6565 -8075 -7969
-6565 -8055 -7961
-6565 -8055 -7949
-6565 -8055 -7940
-6565 -8020 -7933
-6565 -8010 -7925
-6565 -8010 -7925
-6565 -8010 -7923
-6565 -8010 -7920
-6565 -8010 -7917
-6565 -8010 -7913
-6565 -7995 -7910
-6565 -7995 -7908
-6565 -7995 -7906
-6565 -7985 -7905
-6565 -7985 -7905
-6565 -7985 -7900
-6565 -7985 -7896
-6565 -7985 -7895
-6565 -7985 -7895
-6565 -7985 -7894
-6565 -7985 -7893
-6565 -7985 -7887
-6565 -7985 -7882
-6565 -7985 -7877
-6565 -7980 -7872
-6565 -7960 -7865
-6565 -7960 -7862
-6565 -7960 -7854
-6565 -7960 -7846
-6565 -7960 -7839
-6565 -7925 -7834
-6565 -7925 -7832
-6565 -7925 -7829
-6565 -7925 -7824
-6565 -7915 -7822
-6565 -7915 -7821
-6565 -7910 -7814
-6565 -7910 -7813
-6565 -7910 -7810
-6565 -7910 -7803
-6565 -7910 -7797
-6565 -7910 -7790
-6565 -7885 -7779
-6565 -7885 -7772
-6565 -7885 -7762
-6565 -7865 -7747
-6565 -7865 -7732
-6565 -7865 -7716
735 -7795 -7664
735 -7795 -7659
735 -7795 -7654
735 -7775 -7650
735 -7775 -7646
735 -7775 -7637
735 -7775 -7600
735 -7775 -7578
735 -7775 -7556
735 -7665 -7540
735 -7665 -7539
735 -7665 -7512
735 -7665 -7505
735 -7665 -7498
735 -7665 -7490
735 -7630 -7486
735 -7630 -7484
735 -7630 -7480
735 -7625 -7477
735 -7625 -7474
735 -7610 -7472
735 -7610 -7445
735 -7610 -7444
735 -7610 -7444
735 -7610 -7442
735 -7610 -7439
735 -7610 -7433
735 -7610 -7423
735 -7610 -7413
735 -7610 -7403
735 -7560 -7403
735 -7560 -7394
735 -7560 -7394
735 -7560 -7393
735 -7560 -7393
735 -7560 -7392
735 -7560 -7381
735 -7560 -7378
735 -7560 -7374
735 -7560 -7368
735 -7545 -7365
735 -7545 -7359
735 -7540 -7353
735 -7540 -7347
735 -7515 -7343
735 -7510 -7342
735 -7510 -7342
735 -7510 -7342
735 -7510 -7342
735 -7510 -7342
735 -7510 -7342
735 -7510 -7342
735 -7510 -7342
735 -7510 -7342
735 -7510 -7341
735 -7510 -7340
735 -7510 -7337
735 -7510 -7336
735 -7510 -7332
735 -7510 -7325
735 -7510 -7310
735 -7510 -7295
735 -7510 -7278
2705 -7440 -7221
2705 -7440 -7218
2705 -7425 -7215
2705 -7425 -7214
2705 -7425 -7212
2705 -7425 -7207
2705 -7425 -7193
2705 -7425 -7181
2705 -7425 -7169
2705 -7365 -7162
2705 -7365 -7161
2705 -7365 -7161
2705 -7365 -7132
2705 -7365 -7131
2705 -7365 -7130
2705 -7360 -7129
2705 -7360 -7129
2705 -7360 -7129
2705 -7360 -7128
2705 -7360 -7127
2705 -7360 -7126
2705 -7355 -7125
2705 -7355 -7123
2705 -7355 -7122
2705 -7355 -7088
2705 -7355 -7087
2705 -7355 -7087
2705 -7355 -7085
2705 -7355 -7081
2705 -7355 -7078
2705 -7355 -7073
2705 -7340 -7070
2705 -7340 -7068
2705 -7330 -7067
2705 -7330 -7067
2705 -7330 -7067
2705 -7330 -7067
2705 -7330 -7067
2705 -7330 -7067
2705 -7330 -7067
2705 -7330 -7067
2705 -7330 -7067
2705 -7330 -7067
2705 -7330 -7067
2705 -7330 -7067
2705 -7330 -7067
2705 -7330 -7067
2705 -7330 -7067
2705 -7330 -7065
2705 -7330 -7061
2705 -7330 -7061
2705 -7330 -7059
2705 -7330 -7057
2705 -7330 -7054
2705 -7330 -7049
2705 -7330 -7043
2705 -7310 -7037
2705 -7310 -7021
2705 -7300 -7020
2705 -7300 -7019
2705 -7300 -7019
2705 -7300 -7017
2705 -7300 -7013
2705 -7300 -7006
2705 -7300 -6997
2705 -7300 -6988
2705 -7255 -6982
2705 -7255 -6982
2705 -7255 -6982
2705 -7255 -6982
2705 -7255 -6982
2705 -7255 -6982
2705 -7255 -6982
2705 -7255 -6982
2705 -7255 -6982
2705 -7255 -6982
2705 -7255 -6982
2705 -7255 -6982
2705 -7255 -6982
2705 -7255 -6982
2705 -7255 -6982
2705 -7255 -6982
2705 -7255 -6975
2705 -7255 -6975
2705 -7255 -6974
2705 -7255 -6974
2705 -7255 -6972
2705 -7255 -6970
2705 -7255 -6965
2705 -7255 -6958
2705 -7255 -6952
2705 -7225 -6948
2705 -7225 -6948
2705 -7225 -6947
2705 -7225 -6946
2705 -7225 -6944
2705 -7225 -6941
2705 -7225 -6938
2705 -7210 -6936
2705 -7210 -6936
2705 -7210 -6936
2705 -7210 -6936
2705 -7210 -6936
2705 -7210 -6936
2705 -7210 -6936
2705 -7210 -6936
2705 -7210 -6936
2705 -7210 -6936
2705 -7210 -6936
2705 -7210 -6936
2705 -7210 -6933
2705 -7210 -6933
2705 -7210 -6933
2705 -7210 -6933
2705 -7210 -6933
2705 -7210 -6933
2705 -7210 -6933
2705 -7210 -6933
2705 -7210 -6933
2705 -7210 -6933
2705 -7210 -6933
2705 -7210 -6933
2705 -7210 -6933
2705 -7210 -6931
2705 -7210 -6931
2705 -7210 -6931
2705 -7210 -6931
2705 -7210 -6930
2705 -7210 -6929
2705 -7210 -6927
2705 -7210 -6924
2705 -7210 -6921
2705 -7195 -6919
2705 -7195 -6915
2705 -7195 -6914
2705 -7195 -6913
2705 -7195 -6911
2705 -7195 -6903
2705 -7195 -6894
2705 -7195 -6881
2705 -7195 -6868
2705 -7145 -6858
2705 -7130 -6855
2705 -7130 -6853
2705 -7130 -6850
2705 -7130 -6847
2705 -7115 -6845
2705 -7115 -6845
2705 -7115 -6845
2705 -7115 -6845
2705 -7115 -6845
2705 -7115 -6845
2705 -7115 -6845
2705 -7115 -6845
2705 -7115 -6845
2705 -7115 -6845
2705 -7115 -6808
2705 -7115 -6808
2705 -7115 -6770
2705 -7115 -6769
2705 -7115 -6769
2705 -7115 -6767
2705 -7115 -6720
2705 -7115 -6716
2705 -7115 -6710
2705 -7105 -6705
2705 -7105 -6699
2705 -7085 -6693
2705 -7085 -6686
2705 -7085 -6677
2705 -7085 -6668
2705 -7040 -6662
2705 -7040 -6662
2705 -7040 -6662
2705 -7040 -6662
2705 -7040 -6662
2705 -7040 -6662
2705 -7040 -6662
2705 -7040 -6662
2705 -7040 -6662
2705 -7040 -6662
2705 -7040 -6662
2705 -7040 -6662
2705 -7040 -6640
2705 -7040 -6640
2705 -7040 -6640
2705 -7040 -6640
2705 -7040 -6639
2705 -7040 -6639
2705 -7040 -6637
2705 -7040 -6635
2705 -7040 -6633
2705 -7030 -6631
2705 -7030 -6630
2705 -7030 -6629
2705 -7030 -6627
2705 -7030 -6625
2705 -7020 -6581
2705 -7020 -6548
2705 -7020 -6547
2705 -7020 -6546
2705 -7020 -6545
2705 -7020 -6538
2705 -7020 -6532
2705 -7020 -6525
2705 -7000 -6516
2705 -7000 -6505
2705 -6995 -6496
2705 -6995 -6485
2705 -6960 -6481
2705 -6950 -6477
2705 -6940 -6476
2705 -6940 -6476
2705 -6940 -6476
2705 -6940 -6476
2705 -6940 -6476
2705 -6940 -6476
2705 -6940 -6476
2705 -6940 -6476
2705 -6940 -6476
2705 -6940 -6476
2705 -6940 -6476
2705 -6940 -6476
2705 -6940 -6476
2705 -6940 -6475
2705 -6940 -6475
2705 -6940 -6474
2705 -6940 -6473
2705 -6940 -6473
2705 -6940 -6472
2705 -6940 -6463
2705 -6940 -6460
2705 -6940 -6454
2705 -6930 -6446
2705 -6930 -6438
2705 -6915 -6427
2705 -6915 -6407
2705 -6915 -6385
2705 -6915 -6360
2705 -6810 -6345
2705 -6810 -6337
2705 -6810 -6329
2705 -6770 -6323
2705 -6770 -6323
2705 -6770 -6323
2705 -6770 -6323
2705 -6770 -6323
2705 -6770 -6292
2705 -6770 -6246
2705 -6770 -6246
2705 -6770 -6245
2705 -6770 -6243
2705 -6770 -6238
3130 -6770 -6181
3130 -6770 -6170
3130 -6770 -6158
3130 -6745 -6150
3130 -6710 -6145
3130 -6710 -6143
3130 -6710 -6139
3130 -6710 -6134
3130 -6710 -6129
3130 -6685 -6125
3130 -6685 -6124
3130 -6685 -6124
3130 -6685 -6124
3130 -6685 -6123
3130 -6685 -6121
3130 -6685 -6106
3130 -6685 -6090
3130 -6680 -6083
3130 -6680 -6076
3130 -6650 -6071
3130 -6650 -6005
3130 -6650 -6000
3130 -6650 -5992
3130 -6635 -5982
3130 -6635 -5974
3130 -6610 -5942
3130 -6610 -5933
3130 -6610 -5924
3130 -6575 -5917
3130 -6565 -5915
3130 -6565 -5913
3130 -6565 -5909
3130 -6565 -5904
3130 -6565 -5899
3130 -6540 -5895
3130 -6540 -5895
3130 -6540 -5895
3130 -6540 -5895
3130 -6540 -5895
3130 -6540 -5895
3130 -6540 -5849
3130 -6540 -5849
3130 -6540 -5848
3130 -6540 -5848
3130 -6540 -5846
3130 -6540 -5801
3130 -6540 -5795
3130 -6540 -5786
3130 -6540 -5778
3130 -6500 -5772
3130 -6500 -5771
3130 -6500 -5768
3130 -6500 -5764
3130 -6500 -5760
3130 -6480 -5757
3130 -6480 -5757
3130 -6480 -5757
3130 -6480 -5757
3130 -6480 -5757
3130 -6480 -5757
3130 -6480 -5757
3130 -6480 -5757
3130 -6480 -5757
3130 -6480 -5757
3130 -6480 -5757
3130 -6480 -5757
3130 -6480 -5757
3130 -6480 -5757
3130 -6480 -5755
3130 -6480 -5755
3130 -6480 -5755
3130 -6480 -5755
3130 -6480 -5755
3130 -6480 -5754
3130 -6480 -5753
3130 -6480 -5752
3130 -6480 -5751
3130 -6475 -5751
3130 -6475 -5751
3130 -6475 -5751
3130 -6475 -5751
3130 -6475 -5751
3130 -6475 -5751
3130 -6475 -5739
3130 -6475 -5739
3130 -6475 -5738
3130 -6475 -5695
3130 -6475 -5690
3130 -6475 -5682
3130 -6475 -5664
3130 -6475 -5638
3130 -6475 -5597
3130 -6420 -5531
3130 -6420 -5455
3130 -6420 -5379
3130 -6040 -5301
3130 -6040 -5300
3130 -6040 -5299
3130 -6040 -5296
3130 -6040 -5292
3130 -6040 -5282
3130 -6040 -5263
3130 -6040 -5239
3130 -6040 -5215
3130 -5920 -5199
3130 -5920 -5192
3130 -5920 -5191
3130 -5920 -5191
3130 -5920 -5189
3130 -5920 -5187
3130 -5920 -5182
3830 -5920 -5122
3830 -5920 -5109
3830 -5920 -5095
3830 -5855 -5086
3830 -5855 -5083
3830 -5855 -5048
3830 -5855 -4990
3830 -5855 -4969
3830 -5855 -4904
3830 -5780 -4866
3830 -5780 -4762
3830 -5780 -4638
3830 -5780 -4408
3830 -5735 -4154
3830 -5735 -3840
3830 -4710 -3747
3830 -4710 -3649
3830 -4405 -3619
3830 -4405 -3601
3830 -4400 -3567
3830 -4400 -3441
3830 -4375 -3349
3830 -4375 -3222
3830 -4205 -3079
3830 -3970 -2876
3830 -3970 -2644
3830 -3685 -2395
3830 -3685 -2127
4865 -2940 -1878
4865 -2660 -1731
4865 -2660 -1562
4865 -2660 -1360
4865 -2130 -1209
4865 -1950 -1052
4865 -1770 -909
4865 -1560 -798
4865 -1265 -736
4865 -1145 -700
4865 -1145 -672
4865 -1145 -641
4865 -1145 -618
4865 -1145 -543
4865 -1145 -447
4865 -1145 -310
4865 -1145 -161
4865 -540 -32
4865 -445 5
4865 -445 32
5210 -390 83
5210 -390 127
5210 -290 140
5210 -290 166
5210 -290 172
5210 -290 185
5210 -290 260
5285 -290 344
5285 -225 475
5285 -225 619
5285 -205 808
5285 -205 1095
5285 150 1411
5510 620 1790
5610 1270 2053
5610 1605 2181
5610 1760 2278
5610 1770 2419
5610 1815 2592
5610 1925 2775
5610 2370 2913
5610 2630 2965
5610 2705 2987
5610 2705 3017
5610 2730 3041
5610 2730 3081
5610 2760 3128
5610 2760 3176
5610 2915 3196
5610 2915 3217
5610 2970 3247
5610 2970 3271
5610 3000 3317
5610 3000 3355
5610 3130 3394
5610 3130 3420
5610 3180 3448
5610 3180 3480
5610 3180 3519
5610 3250 3553
5610 3250 3592
5610 3310 3641
5610 3310 3705
5610 3385 3787
5610 3520 3868
5610 3620 3918
5610 3720 3954
5610 3720 3984
5610 3775 4017
5610 3775 4066
5610 3775 4137
5870 3830 4217
5870 4015 4285
5870 4110 4334
5870 4110 4383
5870 4110 4438
5870 4350 4476
6080 4350 4497
6080 4350 4513
6080 4350 4533
6080 4410 4554
6080 4410 4587
6080 4410 4645
6080 4410 4692
6080 4645 4734
6080 4645 4736
6080 4645 4747
6080 4645 4761
6080 4645 4771
6080 4645 4786
6080 4675 4806
6080 4675 4824
6080 4700 4848
6080 4720 4872
6080 4730 4895
6080 4815 4915
6080 4840 4921
6080 4840 4923
6080 4840 4928
6080 4840 4937
6080 4840 4953
6080 4840 4977
6080 4865 5005
6080 4875 5026
6080 4945 5034
6080 4960 5039
6080 4980 5043
6080 4980 5045
6080 4980 5049
13240 4980 5096
13240 4980 5108
13240 5005 5151
13240 5005 5154
13240 5005 5157
13240 5005 5162
13240 5015 5167
13635 5015 5219
13635 5020 5228
13635 5040 5236
13635 5050 5284
13635 5050 5329
13635 5065 5378
13635 5065 5388
13635 5065 5399
13635 5085 5418
13635 5105 5427
13635 5105 5482
13635 5120 5497
13635 5130 5514
13635 5170 5529
13635 5170 5543
13635 5205 5572
13635 5205 5623
13635 5210 5629
13635 5210 5689
13635 5210 5741
13665 5210 5842
13665 5215 5897
13665 5285 5930
13665 5305 5961
13665 5350 5997
13665 5380 6029
13665 5410 6061
13665 5470 6108
13665 5510 6136
13665 5540 6156
13665 5540 6202
13665 5600 6210
13665 5610 6225
13665 5610 6286
13665 5610 6315
13665 5625 6346
13665 5740 6382
13665 5750 6404
13665 5750 6420
13665 5770 6437
13665 5805 6497
13665 5805 6546
13665 5850 6560
13665 5850 6585
13665 5870 6624
13665 5870 6667
13665 5870 6739
13665 6040 6831
13835 6080 6978
13835 6080 7085
13835 6080 7170
13835 6080 7311
13835 6260 7526
13835 6290 7766
13835 6375 8093
13835 7025 8324
13835 7355 8490
13835 7635 8679
13835 7635 8899
13835 7820 9241
13835 7845 9597
13835 7845 9987
13835 9290 10175
13835 9505 10296
13835 9805 10374
13835 9870 10414
13835 9980 10449
13835 9980 10507
13835 9980 10597
13835 9980 10709
13835 9980 10835
13835 10510 10920
13835 10510 10970
13835 10510 11085
13835 10510 11201
13835 10510 11325
13835 11045 11403
13835 11045 11445
13835 11045 11495
13835 11230 11523
13835 11230 11555
13835 11230 11594
13835 11230 11652
13835 11230 11761
13835 11230 11901
13835 11365 12069
13835 11600 12205
13835 11805 12304
13835 12055 12356
13835 12055 12409
13835 12155 12458
13835 12155 12513
13835 12285 12560
13835 12305 12613
13835 12470 12670
13835 12470 12705
13835 12530 12764
13835 12530 12834
13960 12530 12902
13960 12825 12943
13960 12825 12957
13960 12825 12978
13960 12825 13012
13960 12825 13051
13960 12855 13089
13960 13000 13113
13960 13010 13132
13960 13010 13157
13960 13025 13178
13960 13115 13190
13960 13115 13192
13960 13115 13203
13960 13115 13212
13960 13115 13229
14095 13115 13251
14095 13170 13274
14095 13170 13301
14095 13175 13332
14095 13180 13368
14095 13240 13404
14095 13305 13426
14095 13335 13460
14095 13365 13490
14095 13415 13514
14095 13415 13534
14095 13465 13551
14095 13485 13568
14095 13510 13583
14095 13535 13596
14095 13565 13606
14095 13565 13608
14095 13570 13612
14095 13570 13616
14095 13570 13627
14095 13575 13637
14095 13575 13651
14095 13605 13660
14095 13630 13665
14095 13630 13668
14095 13635 13670
14095 13635 13672
14095 13635 13680
14095 13635 13685
14095 13635 13694
14095 13650 13703
14095 13650 13715
14165 13665 13728
14165 13695 13731
14165 13700 13732
14165 13700 13732
14165 13700 13733
14165 13700 13737
14165 13700 13742
14165 13705 13744
14165 13705 13745
14165 13705 13748
14165 13705 13755
14165 13705 13766
14165 13705 13778
14165 13705 13789
14165 13760 13791
14165 13760 13791
14165 13760 13792
14165 13760 13792
14165 13760 13794
14165 13760 13795
14165 13760 13796
14165 13760 13797
14165 13760 13800
14165 13765 13801
14165 13765 13804
14165 13765 13809
14165 13765 13811
14165 13770 13813
14165 13770 13817
14165 13770 13826
14165 13770 13837
14165 13775 13852
14165 13795 13863
14165 13830 13868
14165 13835 13868
14165 13835 13869
14165 13835 13870
14165 13835 13871
14165 13835 13873
14165 13835 13877
14165 13835 13885
14165 13835 13897
14165 13835 13910
14165 13895 13922
14165 13895 13923
14165 13895 13925
14165 13895 13929
14165 13895 13935
14165 13895 13948
14165 13895 13963
14165 13895 13976
16470 13960 13994
21125 13960 14055
21125 13960 14055
21125 13960 14056
21125 13960 14164
21125 13960 14284
21195 13960 14516
21195 13965 14671
21195 13965 14804
21195 13995 14933
21325 14060 14999
21325 14095 15084
21325 14095 15175
21385 14165 15293
21385 14165 15436
21385 14165 15716
21385 14165 16256
21385 14165 16945
21385 14460 17782
21385 16180 18643
21385 16470 19528
21385 16470 20392
21385 20315 20771
21385 20535 20846
21385 20795 20875
21385 20805 20892
21385 20835 20911
21385 20835 20936
21385 20835 20965
21385 20865 21000
21385 20925 21022
21385 20965 21040
21385 20995 21053
21385 20995 21066
21385 20995 21081
21385 21055 21091
21385 21055 21093
21385 21065 21098
21385 21065 21102
21585 21065 21110
21715 21065 21126
21715 21065 21151
21715 21065 21178
21715 21065 21211
21715 21125 21243
21715 21125 21289
21715 21195 21334
21715 21255 21372
21715 21255 21399
21715 21325 21415
21715 21385 21419
21715 21385 21422
21715 21385 21424
21715 21385 21426
21715 21385 21429
21715 21385 21435
21715 21385 21450
21715 21385 21470
21715 21385 21500
21715 21455 21534
21715 21455 21563
21715 21515 21589
21715 21515 21608
21715 21585 21621
21715 21585 21640
21715 21585 21667
21715 21585 21694
21715 21715 21715
21715 21715 21715
21715 21715 21715
21715 21715 21715
21715 21715 21715
21715 21715 21715
21715 21715 21715
21715 21715 21715
21715 21715 21715
21715 21715 21715
21715 21715 21715
21715 21715 21715
21715 21715 21715
21715 21715 21715
21715 21715 21715
21715 21715 21715
21715 21715 21715
21715 21715 21715
21715 21715 21715
21715 21715 21715
21715 21715 21715
21715 21715 21715
21715 21715 21715
21715 21715 21715
21715 21715 21715
21715 21715 21715
21715 21715 21715
21715 21715 21715
21715 21715 21715
21715 21715 21715
21715 21715 21715
21715 21715 21715
21715 21715 21715
21715 21715 21715
21715 21715 21715
21715 21715 21715
21715 21715 21715
21715 21715 21715
21715 21715 21715
21715 21715 21715
21715 21715 21715
21715 21715 21715
21715 21715 21715
21715 21715 21715
21715 21715 21715
21715 21715 21715
21715 21715 21715
21715 21715 21715
21715 21715 21715
21715 21715 21715
21715 21715 21715
21715 21715 21715
21715 21715 21715
21715 21715 21715
21715 21715 21715
21715 21715 21715
21715 21715 21715
21715 21715 21715
21715 21715 21715
21715 21715 21715
21715 21715 21715
21715 21715 21715
21715 21715 21715
21715 21715 21715
21715 21715 21715
21715 21715 21715
21715 21715 21715
21715 21715 21715
21715 21715 21715
21715 21715 21715
21715 21715 21715
21715 21715 21715
21715 21715 21715
21715 21715 21715
21715 21715 21715
21715 21715 21715
21715 21715 21715
21715 21715 21715
21715 21715 21715
21715 21715 21715
21715 21715 21715
21715 21715 21715
21715 21715 21715
21715 21715 21715
21715 21715 21715
21715 21715 21715
21715 21715 21715
21715 21715 21715
21715 21715 21715
21715 21715 21715
21715 21715 21715
21715 21715 21715
21715 21715 21715
21715 21715 21715
21715 21715 21715
21715 21715 21715
21715 21715 21715
21715 21715 21715
21715 21715 21715
21715 21715 21715
21715 21715 21715
21715 21715 21715
21715 21715 21715
21715 21715 21715
21715 21715 21715
21715 21715 21715
21715 21715 21715
21715 21715 21715
21715 21715 21715
21715 21715 21715
21715 21715 21715
21715 21715 21715
21715 21715 21715
21715 21715 21715
21715 21715 21715
21715 21715 21715
21715 21715 21715
21715 21715 21715
21715 21715 21715
21715 21715 21715
21715 21715 21715
21715 21715 21715
21715 21715 21715
21715 21715 21715
21715 21715 21715
21715 21715 21715
21715 21715 21715
21715 21715 21715
21715 21715 21715
21715 21715 21715
21715 21715 21715
21715 21715 21715
21715 21715 21715
21715 21715 21715
21715 21715 21715
21715 21715 21715
21715 21715 21715
21715 21715 21715
21715 21715 21715
21715 21715 21715
21715 21715 21715
21715 21715 21715
21715 21715 21715
21715 21715 21715
21715 21715 21715
21715 21715 21715
21715 21715 21715
21715 21715 21715
21715 21715 21715
21715 21715 21715
21715 21715 21715
21715 21715 21715
21715 21715 21715
21715 21715 21715
21715 21715 21715
21715 21715 21715
21715 21715 21715
21715 21715 21715
21715 21715 21715
21715 21715 21715
21715 21715 21715
21715 21715 21715
21715 21715 21715
21715 21715 21715
21715 21715 21715
21715 21715 21715
21715 21715 21715
21715 21715 21715
21715 21715 21715
21715 21715 21715
21715 21715 21715
21715 21715 21715
21715 21715 21715
21715 21715 21715
21715 21715 21715
21715 21715 21715
21715 21715 21715
21715 21715 21715
21715 21715 21715
21715 21715 21715
21715 21715 21715
21715 21715 21715
21715 21715 21715
21715 21715 21715
21715 21715 21715
21715 21715 21715
21715 21715 21715
21715 21715 21715
21715 21715 21715
21715 21715 21715
21715 21715 21715
21715 21715 21715
21715 21715 21715
21715 21715 21715
21715 21715 21715
21715 21715 21715
21715 21715 21715
21715 21715 21715
21715 21715 21715
21715 21715 21715
21715 21715 21715
21715 21715 21715
21715 21715 21715
21715 21715 21715
21715 21715 21715
21715 21715 21715
21715 21715 21715
21715 21715 21715
21715 21715 21715
21715 21715 21715
21715 21715 21715
21715 21715 21715
21715 21715 21715
21715 21715 21715
21715 21715 21715
21715 21715 21715
21715 21715 21715
21715 21715 21715
21715 21715 21715
21715 21715 21715
21715 21715 21715
21715 21715 21715
21715 21715 21715
21715 21715 21715
21715 21715 21715
21715 21715 21715
21715 21715 21715
21715 21715 21715
21715 21715 21715
21715 21715 21715
21715 21715 21715
21715 21715 21715
21715 21715 21715
21715 21715 21715
21715 21715 21715
21715 21715 21715
21715 21715 21715
21715 21715 21715
21715 21715 21715
21715 21715 21715
21715 21715 21715
21715 21715 21715
21715 21715 21715
21715 21715 21715
21715 21715 21715
21715 21715 21715
21715 21715 21715
21715 21715 21715
21715 21715 21715
21715 21715 21715
21715 21715 21715
21715 21715 21715
21715 21715 21715
21715 21715 21715
21715 21715 21715
21715 21715 21715
21715 21715 21715
21715 21715 21715
21715 21715 21715
21715 21715 21715
21715 21715 21715
21715 21715 21715
21715 21715 21715
21715 21715 21715
21715 21715 21715
21715 21715 21715
21715 21715 21715
21715 21715 21715
21715 21715 21715
21715 21715 21715
21715 21715 21715
21715 21715 21715
21715 21715 21715
21715 21715 21715
21715 21715 21715
21715 21715 21715
21715 21715 21715
21715 21715 21715
21715 21715 21715
21715 21715 21715
21715 21715 21715
21715 21715 21715
21715 21715 21715
21715 21715 21715
21715 21715 21715
21715 21715 21715
21715 21715 21715
21715 21715 21715
21715 21715 21715
21715 21715 21715
21715 21715 21715
21715 21715 21715
21715 21715 21715
21715 21715 21715
21715 21715 21715
21715 21715 21715
21715 21715 21715
21715 21715 21715
21715 21715 21715
21715 21715 21715
21715 21715 21715
21715 21715 21715
21715 21715 21715
21715 21715 21715
21715 21715 21715
21715 21715 21715
21715 21715 21715
21715 21715 21715
21715 21715 21715
21715 21715 21715
21715 21715 21715
21715 21715 21715
21715 21715 21715
21715 21715 21715
21715 21715 21715
21715 21715 21715
21715 21715 21715
21715 21715 21715
21715 21715 21715
21715 21715 21715
21715 21715 21715
21715 21715 21715
21715 21715 21715
21715 21715 21715
21715 21715 21715
21715 21715 21715
21715 21715 21715
21715 21715 21715
21715 21715 21715
21715 21715 21715
21715 21715 21715
21715 21715 21715
21715 21715 21715
21715 21715 21715
21715 21715 21715
21715 21715 21715
21715 21715 21715
21715 21715 21715
21715 21715 21715
21715 21715 21715
21715 21715 21715
21715 21715 21715
21715 21715 21715
21715 21715 21715
21715 21715 21715
21715 21715 21715
21715 21715 21715
21715 21715 21715
21715 21715 21715
21715 21715 21715
21715 21715 21715
21715 21715 21715
21715 21715 21715
21715 21715 21715
21715 21715 21715
21715 21715 21715
21715 21715 21715
21715 21715 21715
21715 21715 21715
21715 21715 21715
21715 21715 21715
21715 21715 21715
21715 21715 21715
21715 21715 21715
21715 21715 21715
21715 21715 21715
21715 21715 21715
21715 21715 21715
21715 21715 21715
21715 21715 21715
21715 21715 21715
21715 21715 21715
21715 21715 21715
21715 21715 21715
21715 21715 21715
21715 21715 21715
21715 21715 21715
21715 21715 21715
21715 21715 21715
21715 21715 21715
21715 21715 21715
21715 21715 21715
21715 21715 21715
21715 21715 21715
21715 21715 21715
21715 21715 21715
21715 21715 21715
21715 21715 21715
21715 21715 21715
21715 21715 21715
21715 21715 21715
21715 21715 21715
21715 21715 21715
21715 21715 21715
21715 21715 21715
21715 21715 21715
21715 21715 21715
21715 21715 21715
21715 21715 21715
21715 21715 21715
21715 21715 21715
21715 21715 21715
21715 21715 21715
21715 21715 21715
21715 21715 21715
21715 21715 21715
21715 21715 21715
21715 21715 21715
21715 21715 21715
21715 21715 21715
21715 21715 21715
21715 21715 21715
21715 21715 21715
21715 21715 21715
21715 21715 21715
21715 21715 21715
21715 21715 21715
21715 21715 21715
21715 21715 21715
21715 21715 21715
21715 21715 21715
21715 21715 21715
21715 21715 21715
21715 21715 21715
21715 21715 21715
21715 21715 21715
21715 21715 21715
21715 21715 21715
21715 21715 21715
21715 21715 21715
21715 21715 21715
21715 21715 21715
21715 21715 21715
21715 21715 21715
21715 21715 21715
21715 21715 21715
21715 21715 21715
21715 21715 21715
21715 21715 21715
21715 21715 21715
21715 21715 21715
21715 21715 21715
21715 21715 21715
21715 21715 21715
21715 21715 21715
21715 21715 21715
21715 21715 21715
21715 21715 21715
21715 21715 21715
21715 21715 21715
21715 21715 21715
21715 21715 21715
21715 21715 21715
21715 21715 21715
21715 21715 21715
21715 21715 21715
21715 21715 21715
21715 21715 21715
21715 21715 21715
21715 21715 21715
21715 21715 21715
21715 21715 21715
21715 21715 21715
21715 21715 21715
21715 21715 21715
21715 21715 21715
21715 21715 21715
21715 21715 21715
21715 21715 21715
21715 21715 21715
21715 21715 21715
21715 21715 21715
21715 21715 21715
21715 21715 21715
21715 21715 21715
21715 21715 21715
21715 21715 21715
21715 21715 21715
21715 21715 21715
21715 21715 21715
21715 21715 21715
21715 21715 21715
21715 21715 21715
21715 21715 21715
21715 21715 21715
21715 21715 21715
21715 21715 21715
21715 21715 21715
21715 21715 21715
21715 21715 21715
21715 21715 21715
21715 21715 21715
21715 21715 21715
21715 21715 21715
21715 21715 21715
21715 21715 21715
21715 21715 21715
21715 21715 21715
21715 21715 21715
21715 21715 21715
21715 21715 21715
21715 21715 21715
21715 21715 21715
21715 21715 21715
21715 21715 21715
21715 21715 21715
21715 21715 21715
21715 21715 21715
21715 21715 21715
21715 21715 21715
21715 21715 21715
21715 21715 21715
21715 21715 21715
21715 21715 21715
21715 21715 21715
21715 21715 21715
21715 21715 21715
21715 21715 21715
21715 21715 21715
21715 21715 21715
21715 21715 21715
21715 21715 21715
21715 21715 21715
21715 21715 21715
21715 21715 21715
21715 21715 21715
21715 21715 21715
21715 21715 21715
21715 21715 21715
21715 21715 21715
21715 21715 21715
21715 21715 21715
21715 21715 21715
21715 21715 21715
21715 21715 21715
21715 21715 21715
21715 21715 21715
21715 21715 21715
21715 21715 21715
21715 21715 21715
21715 21715 21715
21715 21715 21715
21715 21715 21715
21715 21715 21715
21715 21715 21715
21715 21715 21715
21715 21715 21715
21715 21715 21715
21715 21715 21715
21715 21715 21715
21715 21715 21715
21715 21715 21715
21715 21715 21715
21715 21715 21715
21715 21715 21715
21715 21715 21715
21715 21715 21715
21715 21715 21715
21715 21715 21715
21715 21715 21715
21715 21715 21715
21715 21715 21715
21715 21715 21715
21715 21715 21715
21715 21715 21715
21715 21715 21715
21715 21715 21715
21715 21715 21715
21715 21715 21715
21715 21715 21715
21715 21715 21715
21715 21715 21715
21715 21715 21715
21715 21715 21715
21715 21715 21715
21715 21715 21715
21715 21715 21715
21715 21715 21715
21715 21715 21715
21715 21715 21715
21715 21715 21715
21715 21715 21715
21715 21715 21715
21715 21715 21715
21715 21715 21715
21715 21715 21715
21715 21715 21715
21715 21715 21715
21715 21715 21715
21715 21715 21715
21715 21715 21715
21715 21715 21715
21715 21715 21715
21715 21715 21715
21715 21715 21715
21715 21715 21715
21715 21715 21715
21715 21715 21715
21715 21715 21715
21715 21715 21715
21715 21715 21715
21715 21715 21715
21715 21715 21715
21715 21715 21715
21715 21715 21715
21715 21715 21715
21715 21715 21715
21715 21715 21715
21715 21715 21715
21715 21715 21715
21715 21715 21715
21715 21715 21715
21715 21715 21715
21715 21715 21715
21715 21715 21715
21715 21715 21715
21715 21715 21715
21715 21715 21715
21715 21715 21715
21715 21715 21715
21715 21715 21715
21715 21715 21715
21715 21715 21715
21715 21715 21715
21715 21715 21715
21715 21715 21715
21715 21715 21715
21715 21715 21715
21715 21715 21715
21715 21715 21715
21715 21715 21715
21715 21715 21715
21715 21715 21715
21715 21715 21715
21715 21715 21715
21715 21715 21715
21715 21715 21715
21715 21715 21715
21715 21715 21715
21715 21715 21715
21715 21715 21715
21715 21715 21715
21715 21715 21715
21715 21715 21715
21715 21715 21715
21715 21715 21715
21715 21715 21715
21715 21715 21715
21715 21715 21715
21715 21715 21715
21715 21715 21715
21715 21715 21715
21715 21715 21715
21715 21715 21715
21715 21715 21715
21715 21715 21715
21715 21715 21715
21715 21715 21715
21715 21715 21715
21715 21715 21715
21715 21715 21715
21715 21715 21715
21715 21715 21715
21715 21715 21715
21715 21715 21715
21715 21715 21715
21715 21715 21715
21715 21715 21715
21715 21715 21715
21715 21715 21715
21715 21715 21715
21715 21715 21715
21715 21715 21715
21715 21715 21715
21715 21715 21715
21715 21715 21715
21715 21715 21715
21715 21715 21715
21715 21715 21715
21715 21715 21715
21715 21715 21715
21715 21715 21715
21715 21715 21715
21715 21715 21715
21715 21715 21715
21715 21715 21715
21715 21715 21715
21715 21715 21715
21715 21715 21715
21715 21715 21715
21715 21715 21715
21715 21715 21715
21715 21715 21715
21715 21715 21715
21715 21715 21715
21715 21715 21715
21715 21715 21715
21715 21715 21715
21715 21715 21715
21715 21715 21715
21715 21715 21715
21715 21715 21715
21715 21715 21715
21715 21715 21715
21715 21715 21715
21715 21715 21715
21715 21715 21715
21715 21715 21715
21715 21715 21715
21715 21715 21715
21715 21715 21715
21715 21715 21715
21715 21715 21715
21715 21715 21715
21715 21715 21715
21715 21715 21715
21715 21715 21715
21715 21715 21715
21715 21715 21715
21715 21715 21715
21715 21715 21715
21715 21715 21715
21715 21715 21715
21715 21715 21715
21715 21715 21715
21715 21715 21715
21715 21715 21715
21715 21715 21715
21715 21715 21715
21715 21715 21715
21715 21715 21715
21715 21715 21715
21715 21715 21715
21715 21715 21715
21715 21715 21715
21715 21715 21715
21715 21715 21715
21715 21715 21715
21715 21715 21715
21715 21715 21715
21715 21715 21715
21715 21715 21715
21715 21715 21715
21715 21715 21715
21715 21715 21715
21715 21715 21715
21715 21715 21715
21715 21715 21715
21715 21715 21715
21715 21715 21715
21715 21715 21715
21715 21715 21715
21715 21715 21715
21715 21715 21715
21715 21715 21715
21715 21715 21715
21715 21715 21715
21715 21715 21715
21715 21715 21715
21715 21715 21715
21715 21715 21715
21715 21715 21715
21715 21715 21715
21715 21715 21715
21715 21715 21715
21715 21715 21715
21715 21715 21715
21715 21715 21715
21715 21715 21715
21715 21715 21715
21715 21715 21715
21715 21715 21715
21715 21715 21715
21715 21715 21715
21715 21715 21715
21715 21715 21715
21715 21715 21715
21715 21715 21715
21715 21715 21715
21715 21715 21715
21715 21715 21715
21715 21715 21715
21715 21715 21715
21715 21715 21715
21715 21715 21715
21715 21715 21715
21715 21715 21715
21715 21715 21715
21715 21715 21715
21715 21715 21715
21715 21715 21715
21715 21715 21715
21715 21715 21715
21715 21715 21715
21715 21715 21715
21715 21715 21715
21715 21715 21715
21715 21715 21715
21715 21715 21715
21715 21715 21715
21715 21715 21715
21715 21715 21715
21715 21715 21715
21715 21715 21715
21715 21715 21715
21715 21715 21715
21715 21715 21715
21715 21715 21715
21715 21715 21715
21715 21715 21715
21715 21715 21715
21715 21715 21715
21715 21715 21715
21715 21715 21715
21715 21715 21715
21715 21715 21715
21715 21715 21715
21715 21715 21715
21715 21715 21715
21715 21715 21715
21715 21715 21715
21715 21715 21715
21715 21715 21715
21715 21715 21715
21715 21715 21715
21715 21715 21715
21715 21715 21715
21715 21715 21715
21715 21715 21715
21715 21715 21715
21715 21715 21715
21715 21715 21715
21715 21715 21715
21715 21715 21715
21715 21715 21715
21715 21715 21715
21715 21715 21715
21715 21715 21715
21715 21715 21715
21715 21715 21715
21715 21715 21715
21715 21715 21715
21715 21715 21715
21715 21715 21715
21715 21715 21715
21715 21715 21715
21715 21715 21715
21715 21715 21715
21715 21715 21715
21715 21715 21715
21715 21715 21715
21715 21715 21715
21715 21715 21715
21715 21715 21715
21715 21715 21715
21715 21715 21715
21715 21715 21715
21715 21715 21715
21715 21715 21715
21715 21715 21715
21715 21715 21715
21715 21715 21715
21715 21715 21715
21715 21715 21715
21715 21715 21715
21715 21715 21715
21715 21715 21715
21715 21715 21715
21715 21715 21715
21715 21715 21715
21715 21715 21715
21715 21715 21715
21715 21715 21715
21715 21715 21715
21715 21715 21715
21715 21715 21715
21715 21715 21715
21715 21715 21715
21715 21715 21715
21715 21715 21715
21715 21715 21715
21715 21715 21715
21715 21715 21715
21715 21715 21715
21715 21715 21715
21715 21715 21715
21715 21715 21715
21715 21715 21715
21715 21715 21715
21715 21715 21715
21715 21715 21715
21715 21715 21715
21715 21715 21715
21715 21715 21715
21715 21715 21715
21715 21715 21715
21715 21715 21715
21715 21715 21715
21715 21715 21715
21715 21715 21715
