-60630 -50810 -58187
-46120 -63055 -53756
-46080 -66855 -52191
-40180 -64845 -51417
-40180 -63480 -51339
-40180 -62950 -50855
-31325 -67800 -51184
-31325 -61640 -50500
-31325 -65060 -51094
-31325 -66820 -50743
-31325 -68005 -51029
-31325 -64255 -51060
-31325 -63475 -50716
-31325 -63845 -50592
-31325 -63055 -50540
-31325 -62985 -50226
-31325 -62425 -50673
-31325 -62840 -50982
-31325 -63060 -50703
-31325 -67905 -50699
-31325 -65105 -50884
-31325 -62985 -50831
-31325 -65230 -50883
-31325 -62595 -50723
-31325 -62590 -50473
-31325 -62465 -50833
-31325 -63470 -50151
-31325 -65390 -50760
-31325 -63995 -50303
-23250 -62845 -49995
-21140 -68080 -49999
-21140 -65060 -50216
-21140 -64575 -50114
-21140 -67735 -50053
-21140 -68005 -50256
-21140 -66500 -50195
-21140 -62110 -49822
-16860 -64725 -49443
-16860 -64585 -48618
-16860 -62050 -48886
-16860 -62490 -48620
-16860 -68010 -48854
-16860 -61755 -48428
-15200 -63690 -48569
-15200 -61215 -47836
-15200 -62315 -47796
-15200 -65650 -48123
-15200 -62205 -47728
-15200 -64775 -48424
-15200 -66345 -48519
-15200 -63135 -48638
-15200 -67945 -49142
-15200 -62265 -48095
-15200 -62245 -48564
-15200 -61755 -48738
-15200 -63055 -48225
-15200 -64015 -48357
-15200 -62420 -48219
-15200 -62585 -48204
-15200 -62905 -48275
-15200 -65500 -47894
-13830 -62650 -47649
-13830 -63120 -47206
-13830 -63045 -47271
-13830 -65510 -47855
-13830 -66825 -47064
-13830 -61915 -46965
-13830 -62490 -46339
-13830 -62750 -46409
-13830 -62695 -47742
-13830 -60310 -47334
-13830 -63620 -47394
-13830 -64720 -47634
-13830 -62080 -47187
-13830 -65680 -47082
-13830 -62335 -46817
-13830 -62615 -47644
-13830 -66260 -47719
-13830 -62200 -47738
-13830 -64070 -47249
-13830 -62860 -47458
-13830 -61290 -47231
-13830 -62250 -47439
-13830 -62665 -47535
-13830 -67690 -47006
-13830 -60290 -46448
-13830 -64390 -46776
-13830 -61270 -47150
-13830 -61550 -47513
-13830 -62080 -47652
-13830 -63435 -47052
-13830 -61905 -46986
-13830 -67970 -47766
-13830 -63740 -48117
-13830 -63060 -47486
-13830 -62680 -48326
-13830 -60155 -47244
-13830 -65600 -46905
-13830 -62320 -48112
-13830 -61900 -47580
-13830 -62895 -47769
-13830 -67330 -47431
-13830 -61880 -46816
-13830 -64270 -46677
-13830 -67235 -46886
-13830 -62630 -47431
-13830 -62650 -47039
-13830 -65125 -47805
-13830 -62455 -48074
-13830 -63345 -47966
-13830 -64100 -47687
-13830 -62460 -47574
-13830 -62600 -47656
-13830 -62280 -48014
-13830 -62355 -48422
-13830 -61835 -47748
-13830 -62260 -47885
-13830 -60720 -47748
-13830 -60850 -47282
-13830 -64620 -47737
-13830 -62100 -48134
-13830 -60815 -47810
-13830 -62730 -47894
-13830 -62250 -48023
-13830 -62110 -48225
-13830 -62790 -47900
-13830 -62790 -47763
-13830 -62750 -48438
-13830 -61955 -47646
-13830 -62670 -47671
-13830 -64400 -47351
-13830 -61575 -47613
-13830 -59665 -46194
-13830 -65910 -46639
-13830 -62045 -47249
-13830 -68070 -47492
-13830 -60160 -47359
-13830 -63110 -46843
-13830 -66755 -47315
-13830 -62260 -46977
-13830 -63740 -47014
-13830 -63850 -47792
-13830 -60530 -47520
-13830 -66445 -47707
-13830 -65470 -47576
-13830 -62080 -46940
-13830 -62280 -46627
-13830 -60095 -46113
-13830 -62375 -45673
-13830 -61715 -46015
-13830 -61980 -46623
-13830 -62790 -46676
-13830 -63055 -46329
-13830 -60750 -47032
-13830 -65255 -46677
-13830 -60740 -47785
-13830 -64580 -48269
-13830 -62520 -48029
-13830 -62860 -47835
-13830 -60965 -48216
-13830 -62720 -47786
-13830 -67820 -48344
-13830 -61890 -47551
-13830 -65445 -47162
-13830 -62480 -46733
-13830 -64130 -47453
-13830 -62760 -47228
-13830 -65600 -46789
-13830 -64590 -47025
-13830 -67765 -47105
-13830 -64740 -47403
-13830 -62950 -47609
-13830 -63785 -46750
-13830 -63225 -47824
-13830 -65600 -47511
-13830 -61380 -47365
-13830 -62155 -47758
-13830 -62790 -48198
-13830 -64180 -47622
-13830 -59740 -47461
-13830 -62625 -47976
-13830 -65225 -48301
-13830 -61750 -48007
-13830 -61825 -48046
-13830 -64475 -48239
-13830 -65775 -47645
-13830 -63375 -47269
-13830 -62745 -47559
-13830 -59885 -46716
-13830 -68005 -47376
-13830 -62005 -46983
-13830 -63470 -46834
-13830 -64310 -47031
-13830 -65240 -47337
-13830 -61735 -47517
-13830 -63060 -47322
-13830 -66385 -47249
-13830 -60260 -46627
-13830 -65710 -46846
-13830 -64640 -46803
-13830 -59430 -46291
-13830 -68070 -46696
-13830 -59430 -47000
-13830 -64330 -46238
-13830 -65060 -46508
-13830 -63060 -46384
-13830 -58360 -46747
-13830 -60600 -46147
-13830 -61415 -46693
-13830 -62985 -46864
-13830 -61650 -47624
-13830 -65580 -47451
-13830 -63195 -47849
-13830 -62760 -47430
-13830 -62565 -46962
-13830 -64200 -47723
-13830 -61835 -46554
-13830 -62990 -46468
-13830 -62790 -47277
-13830 -61160 -46771
-13830 -62230 -46512
-13830 -60210 -46729
-13830 -65830 -46733
-13830 -62590 -46376
-13830 -60920 -46473
-13830 -61000 -46790
-13830 -57350 -46672
-13830 -60575 -46839
-13830 -61475 -47561
-13830 -62080 -46989
-13830 -59575 -46973
-13830 -62320 -47436
-13830 -61490 -47128
-13830 -65780 -47224
-13830 -63650 -46823
-13830 -61265 -46972
-13830 -61285 -47385
-13830 -66455 -47471
-13830 -61655 -47028
-13830 -63925 -47104
-13830 -64010 -46868
-13830 -63060 -47378
-13830 -64480 -47158
-13830 -66200 -47424
-13830 -63740 -47331
-13830 -62455 -46886
-13830 -64085 -47765
-13830 -59890 -46577
-13830 -62380 -46920
-13830 -58075 -46973
-13830 -65460 -46576
-13830 -63310 -47259
-13830 -63190 -47740
-13830 -59620 -47318
-13830 -64410 -47713
-13830 -60615 -47330
-13830 -58980 -47259
-13830 -61210 -46779
-13830 -63060 -46775
-13830 -62520 -46843
-13830 -62625 -46980
-13830 -62335 -47307
-13830 -65370 -47280
-13830 -62930 -47193
-13830 -62850 -47061
-13830 -61945 -47145
-13830 -62695 -46188
-13830 -65715 -46486
-13830 -61045 -46515
-13830 -61680 -46823
-13830 -62910 -46115
-13830 -61450 -47214
-13830 -61350 -47094
-13830 -63060 -47399
-13830 -63365 -47285
-13830 -61520 -47588
-13830 -62275 -46881
-13830 -63060 -46508
-13830 -62610 -46069
-13830 -62630 -46898
-13830 -62045 -47029
-13830 -62520 -46427
-13830 -67665 -46672
-13830 -62105 -46517
-13830 -59440 -46532
-13830 -57670 -46473
-13830 -62310 -46909
-13830 -63055 -47844
-13830 -61715 -46729
-13830 -62860 -47021
-13830 -59440 -47174
-13830 -59745 -46940
-13830 -62715 -46799
-13830 -62105 -46853
-13830 -62580 -47095
-13830 -63060 -47437
-13830 -63200 -46697
-13830 -63170 -46693
-13830 -60270 -45679
-13830 -62050 -46282
-13830 -63195 -46461
-13300 -64010 -46441
-13300 -63930 -46386
-13300 -65775 -44979
-13300 -62680 -45546
-13300 -65715 -46352
-13300 -62885 -46472
-13300 -62030 -46546
-13300 -66085 -46321
-13300 -62715 -46257
-13300 -64885 -46361
-13300 -63060 -46876
-13300 -65520 -46812
-13300 -67440 -47492
-13300 -62745 -47404
-13300 -66700 -47304
-13300 -64505 -47024
-13300 -62530 -47119
-13300 -66345 -46916
-13300 -62980 -47592
-13300 -63055 -47282
-13300 -67505 -48015
-13300 -68010 -48551
-13300 -62045 -48307
-13300 -67065 -48294
-13300 -65915 -47984
-13300 -66330 -48393
-13300 -62595 -47868
-13300 -67740 -47804
-13300 -63060 -47295
-13300 -62590 -46958
-13300 -65060 -47344
-13300 -67350 -47240
-13300 -67400 -48403
-13300 -67870 -48731
-13300 -62860 -48310
-13300 -63060 -48050
-13300 -64420 -47208
-13300 -63790 -46888
-13300 -62065 -46496
-13300 -66085 -46188
-13300 -64920 -47782
-13300 -61880 -46790
-13300 -64590 -47695
-13300 -63105 -46335
-13300 -68010 -47155
-13300 -67675 -46904
-13300 -64465 -46628
-13300 -63060 -45958
-13300 -63905 -45175
-13300 -67540 -46026
-13300 -68140 -46264
-13300 -62375 -45769
-13300 -66925 -45624
-13300 -64500 -46930
-13300 -65075 -47042
-13300 -62750 -46509
-13300 -63060 -46800
-13300 -65600 -47833
-13300 -65330 -47892
-13300 -62985 -47651
-13300 -64995 -47630
-13300 -67950 -47716
-13300 -62885 -46640
-13300 -67910 -46564
-13300 -62860 -45797
-13300 -62815 -46342
-13055 -63605 -46131
-13055 -63725 -46351
-13055 -64425 -46257
-13055 -67095 -46211
-13055 -64530 -46622
-13055 -65600 -46654
-13055 -62860 -46609
-13055 -62365 -46880
-13055 -65505 -47205
-13055 -62800 -47661
-13055 -62955 -47326
-13055 -63170 -47893
-13055 -62320 -49027
-13055 -64310 -48755
-13055 -62430 -47643
-13055 -62990 -48009
-13055 -66930 -47803
11445 -64770 -46868
11445 -65340 -47589
11445 -64060 -46995
11445 -62725 -47158
11445 -62475 -46801
11445 -65600 -47183
11445 -62040 -46481
11445 -64095 -46969
11445 -62990 -47052
11445 -67775 -46374
11445 -63695 -46669
11445 -62535 -46744
11445 -62885 -47003
11445 -64200 -46385
11445 -62950 -46307
11445 -63890 -47258
11445 -62425 -47202
11445 -61825 -47500
11445 -61895 -47371
11445 -62725 -47059
11445 -62765 -47264
11445 -65750 -46836
11445 -61830 -46324
11445 -64960 -46541
11445 -62695 -46563
11445 -66110 -46590
11445 -62860 -46583
11445 -61840 -46439
11445 -65565 -46922
11445 -64930 -46135
11445 -62905 -46717
11445 -62850 -46028
11445 -64810 -45696
11445 -62080 -45783
11445 -65425 -45707
11445 -63420 -45689
11445 -63920 -45913
11445 -66855 -46305
11445 -66200 -46280
11445 -62670 -45623
11445 -62260 -45974
11445 -64855 -46758
11445 -62515 -48028
11445 -65015 -47305
11445 -62575 -47615
11445 -62595 -47450
11445 -62470 -47544
11445 -62850 -48763
11445 -62015 -47913
11445 -66635 -48016
11445 -67415 -48339
11445 -62585 -47686
11445 -65130 -48165
11445 -65995 -47889
11445 -63055 -47355
11445 -66975 -47267
11445 -65125 -47197
11445 -64995 -47282
11445 -62620 -47200
11445 -64420 -47413
11445 -62450 -46283
11445 -64770 -47108
11445 -63985 -46496
11445 -62430 -46356
11445 -62800 -45759
11445 -65235 -46272
11445 -62695 -46117
11445 -62800 -46043
11445 -65600 -46651
11445 -62620 -46242
11445 -63300 -46460
11445 -63060 -47120
11445 -67170 -46824
11445 -62115 -45774
11445 -62690 -45946
11445 -62785 -45885
11445 -64780 -45064
11445 -62785 -45741
11445 -61305 -45250
11445 -67185 -46522
11445 -62750 -45324
11445 -64885 -45114
11445 -64560 -45610
11445 -62560 -44707
11445 -62860 -46063
11445 -67815 -46188
11445 -63785 -46078
11445 -61725 -45953
11445 -62660 -46577
11445 -63040 -46765
11445 -63480 -46993
11445 -62445 -46560
11445 -62140 -46006
11445 -65400 -45644
11445 -63900 -45714
11445 -62860 -46521
11445 -67890 -45723
11445 -60120 -45643
11445 -62680 -45866
11445 -65280 -46042
11445 -65600 -46699
11445 -62695 -46711
11445 -62855 -46901
11445 -62800 -46974
11445 -62695 -47043
11445 -61265 -45921
11445 -65240 -45621
11445 -64340 -45748
11445 -62070 -45434
11445 -67915 -46472
11445 -62810 -46485
11445 -61725 -46662
11445 -62800 -46273
11445 -63915 -46800
11445 -62985 -46534
11445 -62345 -46068
11445 -62840 -46160
11445 -63740 -45611
11445 -65140 -45761
11445 -66105 -45392
11445 -62915 -44894
11445 -67270 -45309
11445 -62755 -45816
11445 -62860 -46506
11445 -68175 -45682
11445 -64740 -45803
11445 -63855 -45727
11445 -62955 -46676
11445 -60785 -46779
11445 -61960 -46120
11445 -65495 -46866
11445 -67665 -45383
11445 -62810 -45751
11445 -67810 -45648
11445 -63825 -46052
11445 -67740 -46906
11445 -62015 -45992
11445 -62590 -46206
11445 -65900 -46266
11445 -62885 -45958
11445 -62945 -46242
11445 -63730 -46116
11445 -62195 -45639
11445 -63485 -45734
11445 -63735 -45428
11445 -64065 -46063
11445 -63855 -46084
11445 -62690 -46903
11445 -62785 -47297
11445 -62685 -46292
11445 -62055 -45559
11445 -67675 -45504
11445 -62800 -45124
11445 -67500 -44632
11445 -67160 -44598
11445 -67600 -45115
11445 -61635 -45626
11445 -62800 -46693
11445 -61625 -45805
11445 -65640 -45843
11445 -63060 -45807
11445 -62800 -46107
11445 -62815 -46179
11445 -62515 -45673
11445 -62235 -45990
11445 -66970 -45289
11445 -67435 -44902
11445 -62755 -44973
11445 -67515 -44691
11445 -62860 -45375
11445 -67430 -45884
11445 -63645 -46398
11445 -62375 -46206
11445 -61115 -45021
11445 -63060 -45432
11445 -62585 -45082
11445 -65090 -45144
11445 -64945 -44908
11445 -65590 -44690
11445 -65710 -45779
11445 -65060 -45992
11445 -61985 -45059
11445 -67945 -44619
11445 -67745 -45011
11445 -62480 -46268
11445 -62390 -45689
11445 -62625 -45532
11445 -65310 -45570
11445 -66460 -44819
13100 -63280 -44764
13100 -62755 -44328
13100 -62800 -44488
13100 -63685 -44140
13100 -62375 -44742
13100 -63750 -44741
13100 -64995 -44470
13100 -63060 -44159
13100 -62600 -43844
13100 -62085 -44011
13100 -62790 -43801
13100 -65260 -44260
13100 -62860 -44440
13100 -67280 -43800
13100 -64600 -44238
13100 -62540 -44516
13100 -64700 -44842
13100 -64330 -45054
13100 -61550 -44370
13100 -65395 -44263
13100 -64610 -43834
13100 -67280 -44583
13100 -63385 -44638
13100 -62520 -45373
13100 -62740 -43946
13100 -63060 -45404
13100 -62875 -45845
13100 -62110 -45549
13100 -62170 -45913
13100 -64945 -45832
13100 -63275 -45262
13100 -62600 -44512
13100 -63060 -43480
13100 -62345 -43564
13100 -64210 -43086
13100 -62585 -43591
13100 -63060 -44190
13100 -62035 -43341
13100 -64470 -43302
13100 -60030 -43090
13100 -62015 -43493
13100 -63060 -43612
13100 -63060 -43554
13100 -62695 -44096
13100 -65340 -44173
13100 -66055 -43398
13100 -62645 -43183
13100 -64990 -43297
13100 -64870 -43771
13100 -63540 -44239
13100 -62530 -44129
13100 -62790 -45165
13100 -61555 -44763
13100 -61970 -45029
13100 -62630 -44822
13100 -65340 -45203
13100 -62590 -44555
13100 -67140 -44797
13100 -62330 -45254
13100 -62800 -44553
13100 -62600 -44984
13100 -64045 -45201
13100 -65105 -43916
13100 -67275 -42506
13100 -61565 -43627
13100 -63080 -43480
13100 -62765 -43584
13100 -62885 -44198
13100 -67400 -44204
13100 -62595 -44251
14205 -62800 -44619
14205 -65690 -44461
14205 -65380 -43864
14205 -64150 -44633
14205 -65095 -44057
14205 -64925 -43598
14205 -59275 -42892
14205 -61885 -42916
14205 -62850 -42579
14205 -65330 -42643
14205 -62115 -43274
14205 -61880 -43143
14205 -62530 -42420
14205 -62800 -42659
14205 -64735 -43041
14205 -63060 -43086
14205 -62490 -42698
14205 -62725 -42927
14205 -65350 -43144
14205 -62950 -43568
14205 -62585 -42102
14205 -62535 -41586
14205 -64960 -41810
14205 -62795 -42628
14205 -67605 -42077
14205 -67365 -42504
14205 -65205 -42359
14205 -62680 -43572
14205 -62560 -42810
14205 -62600 -44265
14205 -61960 -43864
14205 -64865 -43807
14205 -62460 -43023
14205 -62330 -43396
14205 -62515 -42708
14205 -62860 -43569
14205 -62745 -43324
14205 -58415 -42985
14205 -62940 -41981
14205 -62015 -42573
14205 -61935 -42799
14205 -62795 -42899
14205 -68080 -42228
14205 -62520 -42326
14205 -62800 -41903
14205 -62490 -41417
14205 -61270 -40842
14205 -61650 -41608
14205 -67535 -41010
14205 -62785 -40345
14205 -68080 -40483
14205 -61885 -41460
14205 -63060 -42214
14205 -63330 -40723
14205 -65600 -41554
14205 -64765 -41387
14205 -62380 -41353
14205 -62800 -41215
14205 -67405 -42351
14205 -65165 -42555
14205 -63385 -42671
14205 -64470 -43216
14205 -62410 -41754
14205 -62015 -42631
14205 -61885 -42948
14205 -62230 -43814
14205 -63060 -42980
14205 -62275 -42710
14205 -64685 -41548
14205 -63980 -41949
14205 -62570 -40187
14205 -62155 -40228
14205 -62695 -41829
14205 -61880 -41843
14205 -62850 -41047
14205 -61985 -42531
14205 -67605 -42730
14205 -65005 -42471
14205 -62415 -42788
14205 -62425 -43699
14205 -65040 -44699
14205 -67575 -43896
14205 -61155 -43276
14205 -64560 -43869
14205 -64940 -44084
14205 -63055 -43317
14205 -61950 -42529
14205 -67945 -43724
14205 -61490 -42153
14205 -61810 -41621
14205 -64600 -41803
14205 -61930 -42847
14205 -63820 -43068
14205 -62520 -43163
14205 -65925 -42950
14205 -64495 -43159
14205 -62620 -44160
14205 -64590 -43857
14205 -62540 -44223
14205 -62790 -42104
14205 -64270 -42362
15815 -64995 -41799
15815 -63125 -41809
15815 -65565 -41419
15815 -62265 -40603
15815 -62760 -40588
15815 -61750 -41337
15815 -62800 -40371
15815 -64730 -39979
15815 -65340 -39668
15815 -62795 -40298
15815 -62795 -41604
15815 -62740 -41683
15815 -62420 -42410
15815 -63650 -42230
15855 -63015 -41940
15855 -64785 -42214
15855 -64895 -41287
15855 -63355 -40676
15855 -67800 -39869
15855 -61915 -40367
15855 -66030 -41817
15855 -62110 -40526
15855 -67580 -40374
15855 -61620 -39930
15855 -62610 -39967
15855 -65605 -40289
15855 -62275 -39840
15855 -62855 -38416
15855 -61725 -39998
15855 -67940 -40255
15855 -61590 -39650
15855 -61565 -40639
15855 -61750 -40502
15855 -61810 -41729
15855 -62335 -40597
15855 -60820 -41288
15855 -63045 -41664
15855 -67800 -40873
15855 -62595 -39803
15855 -61460 -39635
15855 -62880 -40469
15855 -63540 -39441
15855 -62900 -39181
15855 -67970 -38362
15855 -63200 -37908
15855 -62855 -38027
15855 -65565 -39298
15855 -60935 -39557
15855 -62790 -39779
15855 -67700 -39676
15855 -63125 -40302
15855 -63225 -40190
15855 -64360 -41136
15855 -65295 -40398
15855 -62715 -40227
15855 -67500 -40942
15855 -62080 -40703
15855 -62410 -40242
15855 -61950 -39476
15855 -62750 -37722
15855 -63745 -38869
15855 -64570 -39214
15855 -62170 -39036
15855 -62785 -38311
15855 -62375 -36046
15855 -67610 -36386
15855 -65460 -37898
15855 -62585 -37193
15855 -63210 -37932
15855 -63055 -36377
15855 -64270 -37034
15855 -63035 -38337
15855 -62410 -38021
15855 -62960 -39095
15855 -59285 -40754
15855 -63995 -40527
15855 -67700 -40207
15855 -62470 -38812
15855 -63815 -39766
15855 -62785 -39045
15855 -61970 -39318
15855 -62245 -38446
15855 -61925 -38064
15855 -62080 -39040
15855 -61760 -39825
15855 -63740 -38988
15855 -62090 -38632
15855 -61710 -38881
15855 -64910 -40445
15855 -62750 -39811
15855 -62000 -40172
15855 -62200 -39429
15855 -63060 -38823
15855 -66420 -38334
15855 -62055 -38477
15855 -63100 -39338
15855 -62505 -37871
15855 -64100 -39119
15855 -62400 -38457
15855 -65025 -39087
15855 -59550 -38943
15855 -62850 -39435
15855 -67630 -39082
15855 -62070 -39366
15855 -62210 -40414
15855 -63055 -39828
15855 -67640 -38467
15855 -65600 -38973
15855 -62595 -39147
15855 -61860 -38981
15855 -67470 -38443
15855 -61230 -38885
15855 -62210 -40214
15855 -62340 -40228
15855 -62990 -39194
15855 -62715 -37965
15855 -61560 -38183
15855 -62450 -39263
15855 -57515 -39423
15855 -62080 -39481
15855 -64315 -39482
15855 -61170 -39255
15855 -62440 -39131
15855 -62930 -39500
15855 -67070 -40255
15855 -60775 -39688
15855 -62855 -37648
15855 -65280 -37795
15855 -64295 -38856
15855 -62515 -38926
15855 -61905 -38130
15855 -61835 -38446
15855 -61290 -39720
15855 -62590 -37768
15855 -64130 -39123
15855 -61340 -37720
15855 -67360 -38207
15855 -63470 -37728
15855 -61880 -37833
15855 -63740 -37327
15855 -62950 -38456
15855 -62855 -38680
15855 -61390 -39195
15855 -62325 -38016
15855 -62785 -38092
15855 -62965 -36737
15855 -62625 -37575
15855 -61885 -38787
15855 -62115 -39559
15855 -62915 -38184
15855 -62850 -38480
15855 -61720 -38063
15855 -62610 -38047
15855 -61390 -38660
15855 -62855 -38405
15855 -65060 -38126
15855 -62305 -39412
15855 -62790 -38692
15855 -66800 -38814
15855 -62730 -36569
15855 -65205 -36676
15855 -62790 -38799
15855 -62170 -37361
15855 -62375 -37674
15855 -67670 -37355
15855 -62505 -37966
15855 -61845 -38412
15855 -61440 -37885
15855 -62385 -38187
15855 -63990 -38772
15855 -62690 -38315
15855 -65395 -37882
15855 -65995 -37359
15855 -63540 -37106
15855 -63950 -35608
15855 -64695 -34229
15855 -62570 -34799
15855 -67470 -34936
15855 -63470 -34300
15855 -62795 -34136
15855 -65040 -34955
15855 -67370 -36207
15855 -62855 -37989
15855 -64015 -36754
15855 -63145 -35823
15855 -59920 -36722
15855 -66405 -36539
15855 -64675 -38398
15855 -67940 -38747
15855 -62105 -36828
15855 -61480 -38525
15855 -62270 -37938
15855 -59680 -37220
15855 -61810 -37056
15855 -65165 -37507
15855 -62680 -36980
15855 -67430 -36787
16300 -64290 -38878
16300 -67000 -38059
16300 -63740 -38096
16300 -60605 -37233
16300 -61485 -36070
16300 -57590 -35726
16300 -64145 -36376
16300 -62950 -36426
16300 -61410 -36822
16435 -60755 -36801
16435 -62410 -35725
16435 -58250 -37935
16435 -62235 -37653
16435 -62260 -36254
16435 -67840 -36111
16435 -61730 -37425
16435 -57460 -36948
16435 -61295 -36181
16435 -58915 -38460
16435 -55870 -37978
16435 -65270 -36490
16435 -62490 -37536
16435 -61000 -39286
16435 -57380 -38810
16435 -58310 -38954
16435 -57485 -38784
16435 -62340 -37916
16435 -61245 -38093
16435 -60360 -36616
16435 -62165 -37724
16435 -59860 -35956
16435 -55880 -36561
16990 -60210 -36985
16990 -56100 -36611
16990 -62190 -37414
16990 -53975 -38429
16990 -61125 -39066
16990 -58595 -37703
16990 -60100 -37726
16990 -64655 -37745
16990 -61035 -39267
16990 -57630 -39400
16990 -64910 -39331
16990 -62740 -37978
16990 -56820 -38719
16990 -61355 -37808
16990 -62205 -36870
16990 -61645 -36943
16990 -61900 -37799
16990 -63435 -38071
16990 -60180 -37030
16990 -56830 -35046
16990 -62100 -34289
16990 -57735 -33091
16990 -61475 -36690
16990 -59780 -35438
17290 -58900 -34963
17290 -58855 -36528
17290 -61250 -37748
17290 -61710 -37859
17290 -57230 -37858
17290 -63245 -37480
17290 -62350 -37690
17290 -55870 -36251
17290 -60940 -37810
17290 -60675 -36742
17290 -60970 -37989
17290 -61700 -37743
17290 -60350 -37651
17290 -61745 -37750
17290 -62670 -36758
17290 -62085 -38404
17290 -57365 -37002
17290 -55735 -37161
17290 -61855 -36580
17290 -61960 -38306
17290 -62170 -39187
17290 -62470 -38299
17290 -61440 -38490
17290 -64305 -38509
17290 -59680 -36729
17290 -56930 -38137
17290 -62410 -37618
17290 -59480 -37332
17290 -61040 -37748
17290 -62910 -36843
17290 -56665 -35812
17290 -62680 -37130
17290 -63130 -37191
17290 -57635 -36681
17290 -59400 -36339
17290 -59545 -36997
17290 -57605 -38046
17290 -60420 -37941
17290 -55660 -35357
17290 -55845 -34994
17290 -58440 -34442
17290 -53960 -34620
17290 -60290 -35477
17290 -55720 -36901
17290 -62205 -38038
17290 -58510 -36727
17290 -57470 -37462
17290 -61810 -36289
17290 -62060 -36558
17290 -60085 -36852
17290 -61795 -36380
17290 -61465 -37007
17290 -61265 -37339
17290 -56985 -36905
17290 -57560 -38076
17290 -56995 -38550
17290 -62370 -38749
17290 -61175 -38542
17290 -57155 -38098
17290 -61965 -38705
17290 -56175 -38407
17290 -62160 -36600
17290 -62000 -36048
17290 -61890 -36323
17290 -62630 -35818
17290 -62175 -36410
17290 -57810 -36088
17290 -59770 -37496
17290 -62725 -37048
17290 -63550 -37011
17290 -56255 -35825
17290 -61475 -34451
17290 -55095 -32714
17290 -62600 -34022
17290 -61280 -34765
17560 -61780 -33345
17560 -55865 -34144
17560 -61600 -35166
17560 -62670 -34983
17560 -59225 -33853
17560 -59695 -32354
17560 -62590 -32600
17560 -57435 -31212
17560 -61810 -32693
17560 -56800 -34807
17560 -61545 -34745
17560 -59400 -36246
17560 -62500 -35328
17560 -56730 -36285
17560 -61005 -36343
17560 -62000 -36817
17560 -56925 -37021
17560 -56775 -35274
17560 -63075 -35886
17560 -60905 -35513
17560 -61510 -34668
17560 -57635 -34354
17560 -62140 -34276
17560 -61805 -34245
17560 -57570 -35554
17560 -61140 -34582
17560 -57200 -35558
17560 -58450 -35405
17560 -59670 -35334
17560 -61340 -37412
17560 -58455 -37470
17560 -57605 -36737
17560 -59810 -36589
17560 -59245 -36279
17560 -60665 -35819
17560 -59835 -33693
17560 -59945 -34142
17560 -57335 -33949
17560 -56585 -33121
17560 -60465 -32217
17560 -60865 -31467
17560 -62790 -32291
17560 -61175 -31752
17560 -58260 -31484
17560 -55685 -33693
17560 -60715 -32314
17560 -57770 -32124
17560 -61490 -31472
17560 -62425 -31960
17560 -60205 -31960
17560 -57245 -32507
17560 -58925 -29703
17560 -61410 -31027
17560 -56410 -29548
17560 -61335 -30390
17560 -61990 -29124
17560 -62715 -31962
17560 -58155 -32504
17560 -61915 -34119
17560 -59830 -33432
17560 -58440 -31854
17560 -62375 -32488
17560 -57130 -33366
17560 -60865 -32101
17560 -61980 -33975
17560 -56580 -33856
17560 -58500 -33808
17560 -56935 -35091
17560 -58955 -36022
17560 -58430 -34950
17560 -59740 -34994
17560 -60460 -36181
17560 -60865 -36454
17560 -56870 -34357
17560 -60285 -36059
17560 -58410 -34658
17560 -61440 -35013
17560 -56405 -34345
17560 -54620 -34144
17560 -59065 -34640
17560 -58915 -34631
17560 -59365 -35386
17560 -57870 -33488
17560 -57225 -32936
17560 -59180 -31365
17560 -56935 -31811
17560 -56475 -32587
17560 -58240 -32886
17560 -57380 -33220
17560 -60885 -35211
17560 -58355 -32631
17560 -60465 -31683
17560 -61355 -31360
17560 -58720 -31783
17560 -60830 -31659
17560 -57735 -31481
17560 -59015 -30410
17560 -60220 -29508
17560 -59885 -30081
17560 -58625 -31099
17560 -61885 -32957
17560 -61030 -31949
17560 -58780 -31186
17560 -60430 -33076
17560 -57065 -33610
17560 -60680 -35443
17560 -57250 -34489
17560 -57955 -34625
17560 -58080 -34262
17560 -61100 -32623
17560 -60720 -31773
17560 -60650 -30844
17560 -58935 -30998
31085 -63205 -27801
31085 -61950 -27608
35925 -57670 -26320
35925 -59780 -26326
35925 -56850 -26358
35925 -57670 -27855
35925 -62990 -27441
35925 -58215 -28716
35925 -59740 -29470
35925 -57870 -27899
35925 -60880 -28338
39395 -63880 -28688
43665 -57635 -24417
43665 -57500 -24480
43665 -58275 -22513
43665 -58480 -24915
44325 -62275 -25911
44925 -61210 -24673
44925 -58540 -24442
44925 -61140 -24499
44925 -59770 -24428
44925 -61815 -21923
44925 -61155 -21378
44925 -62015 -23681
44925 -62175 -24662
44925 -60600 -25092
44925 -61140 -23873
44925 -65060 -22885
44925 -61750 -24038
44925 -61110 -24096
44925 -60840 -21691
44925 -61160 -22061
44925 -62410 -23454
44925 -60605 -22740
44925 -60940 -22979
44925 -62340 -24447
44925 -61510 -24936
44925 -62000 -25031
44925 -62845 -24901
44925 -60770 -24686
44925 -61965 -25402
44925 -61440 -25357
44925 -61580 -24372
44925 -59870 -24356
44925 -61435 -23708
44925 -61850 -22735
44925 -56430 -22219
44925 -62175 -22694
44925 -56390 -23459
44925 -60600 -20994
44925 -62405 -21891
44995 -61345 -23915
44995 -55590 -26301
44995 -60130 -25277
44995 -62175 -25256
44995 -62070 -25034
44995 -58890 -24619
45185 -61100 -23687
45185 -62570 -24953
45185 -62070 -24735
45185 -57990 -25801
45185 -60310 -25373
45185 -61540 -26689
45565 -63190 -24647
45565 -59830 -25166
45565 -59085 -22681
45565 -56610 -22068
45565 -62515 -23132
45565 -62180 -24380
45565 -59240 -22121
45695 -59560 -24377
45695 -55685 -23915
45695 -60100 -22784
45695 -60305 -21105
45695 -60615 -22622
45695 -61950 -21461
45695 -60780 -25676
45695 -62055 -19593
45695 -62410 -23901
45695 -61480 -25603
45695 -54785 -20777
45695 -60260 -22730
45885 -61950 -20520
45885 -60460 -20154
45885 -62210 -20163
45885 -61080 -23009
45885 -61785 -22992
45885 -62305 -24877
45885 -61965 -24782
45885 -58590 -22325
45885 -61370 -20372
45885 -58465 -17919
45885 -59900 -20071
46155 -59145 -19312
46155 -58750 -18166
46155 -61090 -16507
46155 -58280 -18646
46155 -61830 -14323
46155 -62410 -16637
46155 -61245 -11161
46155 -61580 -13058
46155 -61940 -17600
46155 -62150 -16561
46155 -62735 -19067
46155 -62610 -15680
46215 -63055 -15427
46215 -62040 -18483
46215 -62190 -18184
46215 -62065 -15649
46215 -62725 -19437
46215 -62405 -18277
46215 -61745 -15230
46215 -62515 -15785
46215 -63055 -18136
46605 -62515 -15655
46605 -61345 -18519
46605 -62340 -20886
46605 -65370 -23789
46605 -61445 -22952
46605 -65070 -18645
46605 -60850 -19862
46605 -63970 -17002
46605 -65370 -19013
46605 -67500 -19018
46605 -64830 -19570
46605 -61225 -21420
46605 -65370 -18388
46605 -60070 -17247
46605 -62715 -16093
46605 -60915 -19459
46605 -65370 -18366
46605 -61245 -20160
46605 -65370 -14933
46605 -65270 -18897
46605 -65100 -17576
46605 -67495 -21068
46605 -61170 -20248
46605 -63065 -19411
46605 -65370 -18170
46605 -64420 -21713
46605 -61810 -23930
46735 -61880 -17380
46735 -61810 -15589
46735 -61440 -17986
46735 -60980 -16738
46735 -61580 -17711
46735 -61580 -17685
46735 -62305 -18606
46735 -61580 -16058
46735 -62410 -15210
46735 -60445 -14287
46735 -60640 -17362
46735 -61410 -17482
46735 -59585 -18042
46735 -61340 -17233
46735 -60695 -15265
46735 -61540 -11865
46735 -61440 -12972
46735 -61480 -11628
46735 -61510 -12154
46735 -59485 -9714
46735 -59150 -9452
46735 -61440 -11152
46735 -63840 -9646
46735 -62410 -12318
46735 -60555 -12997
46735 -59450 -13038
46735 -63495 -11170
46735 -62635 -12199
46735 -62515 -9131
46735 -61470 -12303
46735 -55865 -10578
46735 -63585 -12561
46735 -64525 -10788
46735 -62215 -6695
46735 -59550 -8269
46735 -59450 -5140
46735 -59555 -5009
46735 -59485 -6146
46735 -60715 -7092
46735 -59060 -11147
46735 -61700 -12158
46735 -61515 -9744
46735 -59450 -10935
46735 -59835 -12746
46735 -61490 -12854
46735 -60920 -9186
46735 -60770 -8504
46735 -59740 -6599
46735 -61530 -5452
46735 -61710 -7824
46735 -60970 -8320
46735 -61175 -13138
46735 -62445 -12085
46735 -61540 -11207
46735 -64830 -12432
46735 -63615 -13070
46735 -59550 -7535
46735 -61340 -10728
46735 -59060 -10724
46735 -61440 -10318
46735 -61045 -10877
46735 -64630 -11639
46735 -61170 -9924
46735 -61040 -8313
46735 -60760 -5588
46735 -61525 -6246
46735 -62345 -7902
46735 -61140 -7361
46735 -59550 -10123
46735 -60525 -9568
46735 -61005 -8299
46735 -60440 -10242
46735 -61715 -6731
46735 -62400 -9923
46735 -61540 -10002
46735 -60310 -9221
46735 -61140 -8646
46735 -61140 -6330
46735 -61000 -8875
46735 -62680 -10435
46735 -59550 -8043
46735 -61650 -4938
46735 -61140 -5259
46735 -61615 -5708
46735 -61240 -6729
46735 -61140 -5680
46735 -61150 -7917
46735 -61990 -8162
46735 -61410 -5939
46735 -61540 -4301
46735 -61615 -6817
46735 -60840 -6826
46735 -60740 -4584
46735 -61380 -2304
46735 -59250 747
46735 -64150 871
46735 -62230 -6140
46735 -61140 -5108
46735 -61920 -8362
46735 -61275 -3598
46735 -61345 -4841
46735 -55395 -2133
46735 -59250 -674
46735 -61340 -2728
46735 -53235 -3702
46735 -61480 -8544
46735 -61240 -4070
46735 -55045 -668
46735 -55460 1161
46735 -60415 2985
46735 -54995 1716
46735 -60245 4021
46735 -54555 3170
46735 -54980 4403
46735 -53350 3248
46735 -55500 2408
46735 -60100 -1031
46735 -59575 -1292
46735 -59540 6494
46735 -57830 8491
46735 -52820 11836
46735 -53445 8650
46735 -51510 7955
46735 -53940 5157
46735 -62740 -290
46735 -54955 127
46735 -61145 -334
46735 -58140 259
46735 -61140 -78
46735 -54520 554
46735 -61240 -814
46735 -56720 -2476
46735 -56820 -2885
46735 -54270 283
46735 -55080 1264
46735 -51190 615
46735 -52260 -1856
46735 -57265 1481
46735 -54370 1760
46735 -54960 4678
46735 -55700 5096
46735 -54670 3361
46735 -54570 4704
46735 -53690 4583
46735 -54210 3490
46735 -62210 2582
46735 -53270 6017
46735 -54270 5720
46735 -54270 4839
46735 -54030 4334
46735 -54470 182
46735 -54210 3518
46735 -54570 2362
46735 -54270 6560
46735 -54270 6108
46735 -55145 3943
46735 -54030 3297
46735 -53235 7611
46735 -53410 9353
46735 -49290 6444
46735 -50485 5609
46735 -53370 7235
46735 -59450 4808
46735 -53355 2418
46735 -54305 2904
46735 -60945 3224
46735 -54470 431
46735 -53455 2660
46735 -54470 5715
46735 -54470 6209
46735 -53565 4135
46735 -53930 7085
46735 -49290 9275
46735 -54540 7705
46735 -53930 4319
46735 -49400 3386
46735 -49290 8169
46735 -49260 8627
46735 -54065 5434
46735 -49650 7976
46735 -55275 8336
46735 -58140 7209
46735 -49360 10825
46735 -49260 7786
46735 -49460 7572
46735 -59075 7405
46735 -49845 9615
46735 -56090 7305
46735 -54470 7017
46735 -54470 8553
46735 -53450 1538
46735 -51660 7788
46735 -56830 9033
46735 -49260 10551
46735 -51500 9027
46735 -49630 10088
46735 -52930 8296
46735 -51185 5593
46735 -49560 10488
46735 -49750 11902
46735 -50890 9472
46735 -49360 10760
46735 -49290 11015
46735 -49750 7820
46735 -49360 8371
46735 -49510 9793
46735 -49510 8705
46735 -49930 10508
46735 -49260 11147
46735 -49290 15031
46735 -49225 13100
46735 -49750 15940
46735 -56480 12097
46735 -49290 10024
46735 -49290 9021
46735 -49290 9532
46735 -54750 5755
46735 -50950 11147
46735 -49160 10709
46735 -49880 6425
46735 -49290 9508
46735 -49290 14559
46735 -49460 14510
46735 -49225 14882
46735 -48330 15000
46735 -49750 11069
46735 -49290 9726
46735 -49260 9260
46735 -49245 9647
46735 -49750 6828
46735 -51390 8444
46735 -49460 8075
46735 -54320 5644
46735 -49490 8341
46735 -49510 10369
46735 -55880 11142
46735 -48450 9244
46735 -51390 11193
46735 -49750 9262
46735 -49085 10284
46735 -49750 7165
46735 -51520 9859
46735 -23035 9949
46735 -49360 10950
46735 -49190 7181
46735 -49550 7298
46735 -49225 10192
46735 -53930 8526
46735 -49880 10182
46735 -49360 10683
46735 -52860 7360
46735 -54860 10171
46735 -18055 13306
46735 -54470 12584
46735 -17855 12409
46735 -49750 12578
46735 -18585 11426
46735 -49750 10656
46735 -54860 9625
46735 -18055 8532
46735 -18055 14535
46735 -49360 10476
46735 -54320 9771
46735 -24655 9001
46735 -53930 7387
46735 -18075 9516
46735 -49490 6616
46735 -49750 8244
46735 -49750 10143
46735 -49360 11088
46735 -24655 11345
46735 -24055 11391
46735 -28015 8461
46735 -49750 9627
46735 -49490 13063
46735 -49750 8782
46735 -20475 10942
46735 -49360 8776
46735 -49360 7719
46735 -23035 8052
46735 -49490 6799
46735 -56090 7928
46735 -54470 6542
46735 -49490 6838
46735 -17925 7607
46735 -49490 9010
46735 -51035 6100
46735 -22835 9999
46735 -49880 8611
46735 -56480 7043
46735 -49880 7508
46735 -53930 7130
46735 -49360 10182
46735 -56130 6766
46735 -52430 8494
46735 -22835 8064
46735 -49750 6694
46735 -49900 3629
46735 -49750 7483
46735 -57360 8778
46735 -49360 11594
46735 -27955 12297
46735 -49510 8077
46735 -54470 7578
46735 -54470 6337
46735 -49900 6081
46735 -54860 6329
46735 -54470 5581
46735 -49750 3273
46735 -54320 4724
46735 -54470 4882
46735 -53930 5640
46735 -49360 5688
46735 -54860 4233
46735 -18115 5275
46735 -24055 5648
46735 -54860 6890
46735 -49685 5604
46735 -54860 6340
46735 -18055 9526
46735 -49510 10646
46735 -49750 6888
46735 -49360 8822
46735 -49880 9752
46735 -49750 8004
46735 -53930 6718
46735 -49360 7331
46735 -54470 9236
46735 -17925 10959
46735 -54470 7097
46735 -49795 7115
46735 -49750 2313
46735 -49560 825
46735 -49750 1302
46735 -57020 4178
46735 -54860 5844
46735 -49490 7579
46735 -54470 5388
46735 -59390 4615
46735 -53120 7798
46735 -49750 8995
46735 -18055 8064
46735 -49360 4491
46735 -53930 1957
46735 -53930 2261
46735 -49880 3896
46735 -54320 2590
46735 -53120 631
46735 -49900 2982
46735 -49360 3023
46735 -49750 4055
46735 -49880 2867
46735 -54470 3228
46735 -49750 3969
46735 -54860 3671
46735 -49880 576
46735 -54470 -258
46735 -49815 -1714
46735 -59390 -2614
46735 -54860 -3446
46735 -54470 -3958
46735 -59780 -749
46735 -49490 2557
46735 -49490 1701
46735 -49360 2128
46735 -53930 141
46735 -54320 3072
46735 -49940 3678
46735 -54860 1063
46735 -56090 2011
46735 -49490 -94
46735 -49880 -150
46735 -53320 -2304
46735 -54470 -2604
46735 -51080 -196
46735 -54470 -2211
46735 -49490 -2404
46735 -49360 1468
46735 -54470 1234
46735 -49750 2193
46735 -49750 -339
46735 -49490 -1617
46735 -54470 -3088
46735 -54860 -986
46735 -50890 -232
46735 -59390 -999
46735 -56090 1050
46735 -53930 204
46735 -54860 -588
46735 -49460 2515
46735 -49750 2542
46735 -49360 1165
46735 -49490 -5258
46735 -54860 -6851
46735 -54860 -4145
46735 -49750 -854
46735 -54470 -1040
46735 -54320 -320
46735 -49030 547
46735 -54470 -1575
46735 -54860 -1061
46735 -49750 723
46735 -49900 -1485
46735 -49750 -1301
46735 -53930 -1620
46735 -54320 -1794
46735 -49900 -2180
46735 -49880 -3918
46735 -49490 266
46735 -54860 1717
46735 -49750 779
46735 -54860 273
46735 -22295 -556
46735 -49880 -3294
46735 -49490 -515
46735 -53185 1255
46735 -49360 1326
46735 -59390 1481
46735 -49880 -1454
46735 -49900 -1253
46735 -49880 -234
46735 -54320 1069
46735 -49360 -608
46735 -49900 216
46735 -54470 1779
46735 -49510 -1642
46735 -49750 -1818
46735 -49750 -2504
46735 -54860 -2994
46735 -54470 -4975
46735 -49940 -4861
46735 -54320 -5683
46735 -54470 -4206
46735 -49900 -2948
46735 -54860 -3037
46735 -49750 -4338
46735 -54320 -5864
46735 -56090 -6926
46735 -49880 -6773
46735 -54470 -6788
46735 -49750 -7261
46735 -54470 -4468
46735 -53930 -3061
46735 -49880 -4452
46735 -54470 -6367
46735 -55000 -2069
46735 -58940 -1155
46735 -49510 -2729
46735 -54860 -1572
46735 -49750 -2072
46735 -54860 -4362
46735 -54320 -3933
46735 -56090 -6903
46735 -56480 -8141
46735 -54860 -7642
46735 -54470 -6232
46735 -49750 -6547
46735 -49880 -6490
46735 -54470 -7185
46735 -54470 -6487
46735 -54860 -7859
46735 -49940 -6350
46735 -54470 -5026
46735 -54860 -6621
46735 -54860 -5583
46735 -53930 -7169
46735 -54470 -7292
46735 -53120 -6380
46735 -54470 -6980
46735 -58940 -8423
46735 -49750 -6109
46735 -54470 -7214
46735 -54470 -6861
46735 -54320 -7830
46735 -54860 -4555
46735 -49750 -4541
46735 -53120 -5298
46735 -54470 -5285
46735 -49750 -3823
46735 -56090 -4420
46735 -56090 -5801
46735 -49750 -5512
46735 -49880 -6962
46735 -49360 -8274
46735 -54470 -8412
46735 -54860 -6536
46735 -49750 -7723
46735 -54470 -7386
46735 -58550 -7463
46735 -49750 -6302
46735 -54320 -5985
46735 -54860 -5862
46735 -54320 -4928
46735 -49880 -3226
46735 -49880 -4315
46735 -49750 -3835
46735 -49360 -3984
46735 -54860 -3858
46735 -49510 -2242
46735 -55490 -5541
46735 -54470 -7354
46735 -49750 -8975
46735 -56090 -8379
46735 -49900 -8274
46735 -54470 -8814
46735 -54860 -7016
46735 -54470 -8265
46735 -54860 -7146
46735 -53930 -7138
46735 -56090 -9273
46735 -53930 -7557
46735 -54860 -10462
46735 -54470 -10708
46735 -54320 -10739
46735 -54860 -8343
46735 -49750 -7313
46735 -49750 -9402
46735 -54860 -8748
46735 -54320 -9911
46735 -53930 -10280
46735 -49750 -11163
46735 -49880 -9798
46735 -54860 -10235
46735 -54470 -8653
46735 -59780 -8816
46735 -49900 -7460
46735 -54470 -9396
46735 -53220 -11311
46735 -54320 -13208
46735 -54860 -14526
46735 -59390 -14691
46735 -56090 -13958
46735 -56480 -13907
46735 -54860 -14702
46735 -49360 -12039
46735 -54320 -14494
46735 -54470 -12745
46735 -59390 -10354
46735 -54470 -10355
46735 -56090 -11391
46735 -49880 -11982
46735 -56090 -13265
46735 -54860 -14269
46735 -58550 -15878
46735 -54320 -15985
46735 -55490 -15377
46735 -54470 -15605
46735 -54470 -16106
46735 -49880 -14455
46735 -54860 -15284
46735 -53930 -15978
46735 -54470 -16252
46735 -53930 -16012
46735 -53930 -17062
46735 -56090 -16650
46735 -56090 -17359
46735 -54860 -16366
46735 -56540 -17197
46735 -56150 -17405
46735 -54470 -16511
46735 -56480 -17504
46735 -56090 -18095
46735 -54860 -18802
46735 -59350 -19019
46735 -54860 -16769
46735 -54860 -17397
46735 -56090 -16743
46735 -54470 -16811
46735 -59780 -17480
46735 -54470 -19091
46735 -54860 -17863
46735 -56150 -18949
46735 -54860 -17954
46735 -54470 -18138
46735 -56150 -17988
46735 -56480 -18729
46735 -49750 -16782
46735 -56150 -17981
46735 -54860 -19295
46735 -58940 -18183
46735 -54860 -17885
46735 -54470 -18411
46735 -54860 -18520
46735 -58550 -19475
46735 -56090 -19835
46735 -54470 -20277
46735 -54860 -19304
46735 -56090 -19919
46735 -53930 -18939
46735 -59350 -20103
46735 -56090 -19380
46735 -56480 -21026
46735 -54320 -20005
46735 -55490 -20671
46735 -54320 -20922
46735 -54860 -17921
46735 -54320 -19430
46735 -54860 -19130
46735 -54860 -20611
46735 -54570 -19438
46735 -59650 -20207
46735 -54470 -19438
46735 -54570 -20024
46735 -59390 -20461
46735 -54860 -19730
46735 -54470 -18625
46735 -49900 -19497
46735 -54470 -18780
46735 -54320 -20319
46735 -53930 -19328
46735 -56090 -20144
46735 -54860 -19769
46735 -54860 -20151
46735 -54860 -19598
46735 -54860 -21171
46735 -54470 -20078
46735 -54860 -20550
46735 -54860 -20230
46735 -54470 -20504
46735 -56090 -22292
46735 -59450 -22034
46735 -59390 -20436
46735 -49750 -18117
46735 -56540 -21928
46735 -54470 -20775
46735 -54860 -20059
46735 -59390 -19382
46735 -55490 -20093
46735 -54860 -21125
46735 -54470 -20961
46735 -55880 -20474
46735 -59780 -20613
46735 -59390 -20804
46735 -49750 -20289
46735 -54860 -20525
46735 -54320 -19937
46735 -54860 -19801
46735 -54860 -21371
46735 -54470 -19967
46735 -59390 -22284
46735 -54860 -20122
46735 -59390 -19576
46735 -54860 -19739
46735 -54860 -20414
46735 -59390 -20283
46735 -54860 -19665
46735 -54860 -20100
46735 -54860 -19634
46735 -54860 -19851
46735 -56480 -20284
46735 -56090 -20908
46735 -56090 -21015
46735 -54470 -21206
46735 -59350 -21142
46735 -54860 -20953
46735 -49880 -19477
46735 -54470 -19730
46735 -54470 -21041
46735 -54860 -21688
46735 -54860 -20364
46735 -54470 -20900
46735 -54860 -21229
46735 -53120 -18943
46735 -54320 -20942
46735 -54860 -20688
46735 -54860 -20176
46735 -54860 -21705
46735 -53220 -20922
46735 -54860 -19594
46735 -54470 -20345
46735 -54470 -19895
46735 -54860 -20711
46735 -59390 -20661
46735 -58550 -19607
46735 -54470 -19598
-60630 -50810 -58187
-46120 -63055 -53756
-46080 -66855 -52191
-40180 -64845 -51417
-40180 -63480 -51339
-40180 -62950 -50855
-31325 -67800 -51184
-31325 -61640 -50500
-31325 -65060 -51094
-31325 -66820 -50743
-31325 -68005 -51029
-31325 -64255 -51060
-31325 -63475 -50716
-31325 -63845 -50592
-31325 -63055 -50540
-31325 -62985 -50226
-31325 -62425 -50673
-31325 -62840 -50982
-31325 -63060 -50703
-31325 -67905 -50699
-31325 -65105 -50884
-31325 -62985 -50831
-31325 -65230 -50883
-31325 -62595 -50723
-31325 -62590 -50473
-31325 -62465 -50833
-31325 -63470 -50151
-31325 -65390 -50760
-31325 -63995 -50303
-23250 -62845 -49995
-21140 -68080 -49999
-21140 -65060 -50216
-21140 -64575 -50114
-21140 -67735 -50053
-21140 -68005 -50256
-21140 -66500 -50195
-21140 -62110 -49822
-16860 -64725 -49443
-16860 -64585 -48618
-16860 -62050 -48886
-16860 -62490 -48620
-16860 -68010 -48854
-16860 -61755 -48428
-15200 -63690 -48569
-15200 -61215 -47836
-15200 -62315 -47796
-15200 -65650 -48123
-15200 -62205 -47728
-15200 -64775 -48424
-15200 -66345 -48519
-15200 -63135 -48638
-15200 -67945 -49142
-15200 -62265 -48095
-15200 -62245 -48564
-15200 -61755 -48738
-15200 -63055 -48225
-15200 -64015 -48357
-15200 -62420 -48219
-15200 -62585 -48204
-15200 -62905 -48275
-15200 -65500 -47894
-13830 -62650 -47649
-13830 -63120 -47206
-13830 -63045 -47271
-13830 -65510 -47855
-13830 -66825 -47064
-13830 -61915 -46965
-13830 -62490 -46339
-13830 -62750 -46409
-13830 -62695 -47742
-13830 -60310 -47334
-13830 -63620 -47394
-13830 -64720 -47634
-13830 -62080 -47187
-13830 -65680 -47082
-13830 -62335 -46817
-13830 -62615 -47644
-13830 -66260 -47719
-13830 -62200 -47738
-13830 -64070 -47249
-13830 -62860 -47458
-13830 -61290 -47231
-13830 -62250 -47439
-13830 -62665 -47535
-13830 -67690 -47006
-13830 -60290 -46448
-13830 -64390 -46776
-13830 -61270 -47150
-13830 -61550 -47513
-13830 -62080 -47652
-13830 -63435 -47052
-13830 -61905 -46986
-13830 -67970 -47766
-13830 -63740 -48117
-13830 -63060 -47486
-13830 -62680 -48326
-13830 -60155 -47244
-13830 -65600 -46905
-13830 -62320 -48112
-13830 -61900 -47580
-13830 -62895 -47769
-13830 -67330 -47431
-13830 -61880 -46816
-13830 -64270 -46677
-13830 -67235 -46886
-13830 -62630 -47431
-13830 -62650 -47039
-13830 -65125 -47805
-13830 -62455 -48074
-13830 -63345 -47966
-13830 -64100 -47687
-13830 -62460 -47574
-13830 -62600 -47656
-13830 -62280 -48014
-13830 -62355 -48422
-13830 -61835 -47748
-13830 -62260 -47885
-13830 -60720 -47748
-13830 -60850 -47282
-13830 -64620 -47737
-13830 -62100 -48134
-13830 -60815 -47810
-13830 -62730 -47894
-13830 -62250 -48023
-13830 -62110 -48225
-13830 -62790 -47900
-13830 -62790 -47763
-13830 -62750 -48438
-13830 -61955 -47646
-13830 -62670 -47671
-13830 -64400 -47351
-13830 -61575 -47613
-13830 -59665 -46194
-13830 -65910 -46639
-13830 -62045 -47249
-13830 -68070 -47492
-13830 -60160 -47359
-13830 -63110 -46843
-13830 -66755 -47315
-13830 -62260 -46977
-13830 -63740 -47014
-13830 -63850 -47792
-13830 -60530 -47520
-13830 -66445 -47707
-13830 -65470 -47576
-13830 -62080 -46940
-13830 -62280 -46627
-13830 -60095 -46113
-13830 -62375 -45673
-13830 -61715 -46015
-13830 -61980 -46623
-13830 -62790 -46676
-13830 -63055 -46329
-13830 -60750 -47032
-13830 -65255 -46677
-13830 -60740 -47785
-13830 -64580 -48269
-13830 -62520 -48029
-13830 -62860 -47835
-13830 -60965 -48216
-13830 -62720 -47786
-13830 -67820 -48344
-13830 -61890 -47551
-13830 -65445 -47162
-13830 -62480 -46733
-13830 -64130 -47453
-13830 -62760 -47228
-13830 -65600 -46789
-13830 -64590 -47025
-13830 -67765 -47105
-13830 -64740 -47403
-13830 -62950 -47609
-13830 -63785 -46750
-13830 -63225 -47824
-13830 -65600 -47511
-13830 -61380 -47365
-13830 -62155 -47758
-13830 -62790 -48198
-13830 -64180 -47622
-13830 -59740 -47461
-13830 -62625 -47976
-13830 -65225 -48301
-13830 -61750 -48007
-13830 -61825 -48046
-13830 -64475 -48239
-13830 -65775 -47645
-13830 -63375 -47269
-13830 -62745 -47559
-13830 -59885 -46716
-13830 -68005 -47376
-13830 -62005 -46983
-13830 -63470 -46834
-13830 -64310 -47031
-13830 -65240 -47337
-13830 -61735 -47517
-13830 -63060 -47322
-13830 -66385 -47249
-13830 -60260 -46627
-13830 -65710 -46846
-13830 -64640 -46803
-13830 -59430 -46291
-13830 -68070 -46696
-13830 -59430 -47000
-13830 -64330 -46238
-13830 -65060 -46508
-13830 -63060 -46384
-13830 -58360 -46747
-13830 -60600 -46147
-13830 -61415 -46693
-13830 -62985 -46864
-13830 -61650 -47624
-13830 -65580 -47451
-13830 -63195 -47849
-13830 -62760 -47430
-13830 -62565 -46962
-13830 -64200 -47723
-13830 -61835 -46554
-13830 -62990 -46468
-13830 -62790 -47277
-13830 -61160 -46771
-13830 -62230 -46512
-13830 -60210 -46729
-13830 -65830 -46733
-13830 -62590 -46376
-13830 -60920 -46473
-13830 -61000 -46790
-13830 -57350 -46672
-13830 -60575 -46839
-13830 -61475 -47561
-13830 -62080 -46989
-13830 -59575 -46973
-13830 -62320 -47436
-13830 -61490 -47128
-13830 -65780 -47224
-13830 -63650 -46823
-13830 -61265 -46972
-13830 -61285 -47385
-13830 -66455 -47471
-13830 -61655 -47028
-13830 -63925 -47104
-13830 -64010 -46868
-13830 -63060 -47378
-13830 -64480 -47158
-13830 -66200 -47424
-13830 -63740 -47331
-13830 -62455 -46886
-13830 -64085 -47765
-13830 -59890 -46577
-13830 -62380 -46920
-13830 -58075 -46973
-13830 -65460 -46576
-13830 -63310 -47259
-13830 -63190 -47740
-13830 -59620 -47318
-13830 -64410 -47713
-13830 -60615 -47330
-13830 -58980 -47259
-13830 -61210 -46779
-13830 -63060 -46775
-13830 -62520 -46843
-13830 -62625 -46980
-13830 -62335 -47307
-13830 -65370 -47280
-13830 -62930 -47193
-13830 -62850 -47061
-13830 -61945 -47145
-13830 -62695 -46188
-13830 -65715 -46486
-13830 -61045 -46515
-13830 -61680 -46823
-13830 -62910 -46115
-13830 -61450 -47214
-13830 -61350 -47094
-13830 -63060 -47399
-13830 -63365 -47285
-13830 -61520 -47588
-13830 -62275 -46881
-13830 -63060 -46508
-13830 -62610 -46069
-13830 -62630 -46898
-13830 -62045 -47029
-13830 -62520 -46427
-13830 -67665 -46672
-13830 -62105 -46517
-13830 -59440 -46532
-13830 -57670 -46473
-13830 -62310 -46909
-13830 -63055 -47844
-13830 -61715 -46729
-13830 -62860 -47021
-13830 -59440 -47174
-13830 -59745 -46940
-13830 -62715 -46799
-13830 -62105 -46853
-13830 -62580 -47095
-13830 -63060 -47437
-13830 -63200 -46697
-13830 -63170 -46693
-13830 -60270 -45679
-13830 -62050 -46282
-13830 -63195 -46461
-13300 -64010 -46441
-13300 -63930 -46386
-13300 -65775 -44979
-13300 -62680 -45546
-13300 -65715 -46352
-13300 -62885 -46472
-13300 -62030 -46546
-13300 -66085 -46321
-13300 -62715 -46257
-13300 -64885 -46361
-13300 -63060 -46876
-13300 -65520 -46812
-13300 -67440 -47492
-13300 -62745 -47404
-13300 -66700 -47304
-13300 -64505 -47024
-13300 -62530 -47119
-13300 -66345 -46916
-13300 -62980 -47592
-13300 -63055 -47282
-13300 -67505 -48015
-13300 -68010 -48551
-13300 -62045 -48307
-13300 -67065 -48294
-13300 -65915 -47984
-13300 -66330 -48393
-13300 -62595 -47868
-13300 -67740 -47804
-13300 -63060 -47295
-13300 -62590 -46958
-13300 -65060 -47344
-13300 -67350 -47240
-13300 -67400 -48403
-13300 -67870 -48731
-13300 -62860 -48310
-13300 -63060 -48050
-13300 -64420 -47208
-13300 -63790 -46888
-13300 -62065 -46496
-13300 -66085 -46188
-13300 -64920 -47782
-13300 -61880 -46790
-13300 -64590 -47695
-13300 -63105 -46335
-13300 -68010 -47155
-13300 -67675 -46904
-13300 -64465 -46628
-13300 -63060 -45958
-13300 -63905 -45175
-13300 -67540 -46026
-13300 -68140 -46264
-13300 -62375 -45769
-13300 -66925 -45624
-13300 -64500 -46930
-13300 -65075 -47042
-13300 -62750 -46509
-13300 -63060 -46800
-13300 -65600 -47833
-13300 -65330 -47892
-13300 -62985 -47651
-13300 -64995 -47630
-13300 -67950 -47716
-13300 -62885 -46640
-13300 -67910 -46564
-13300 -62860 -45797
-13300 -62815 -46342
-13055 -63605 -46131
-13055 -63725 -46351
-13055 -64425 -46257
-13055 -67095 -46211
-13055 -64530 -46622
-13055 -65600 -46654
-13055 -62860 -46609
-13055 -62365 -46880
-13055 -65505 -47205
-13055 -62800 -47661
-13055 -62955 -47326
-13055 -63170 -47893
-13055 -62320 -49027
-13055 -64310 -48755
-13055 -62430 -47643
-13055 -62990 -48009
-13055 -66930 -47803
11445 -64770 -46868
11445 -65340 -47589
11445 -64060 -46995
11445 -62725 -47158
11445 -62475 -46801
11445 -65600 -47183
11445 -62040 -46481
11445 -64095 -46969
11445 -62990 -47052
11445 -67775 -46374
11445 -63695 -46669
11445 -62535 -46744
11445 -62885 -47003
11445 -64200 -46385
11445 -62950 -46307
11445 -63890 -47258
11445 -62425 -47202
11445 -61825 -47500
11445 -61895 -47371
11445 -62725 -47059
11445 -62765 -47264
11445 -65750 -46836
11445 -61830 -46324
11445 -64960 -46541
11445 -62695 -46563
11445 -66110 -46590
11445 -62860 -46583
11445 -61840 -46439
11445 -65565 -46922
11445 -64930 -46135
11445 -62905 -46717
11445 -62850 -46028
11445 -64810 -45696
11445 -62080 -45783
11445 -65425 -45707
11445 -63420 -45689
11445 -63920 -45913
11445 -66855 -46305
11445 -66200 -46280
11445 -62670 -45623
11445 -62260 -45974
11445 -64855 -46758
11445 -62515 -48028
11445 -65015 -47305
11445 -62575 -47615
11445 -62595 -47450
11445 -62470 -47544
11445 -62850 -48763
11445 -62015 -47913
11445 -66635 -48016
11445 -67415 -48339
11445 -62585 -47686
11445 -65130 -48165
11445 -65995 -47889
11445 -63055 -47355
11445 -66975 -47267
11445 -65125 -47197
11445 -64995 -47282
11445 -62620 -47200
11445 -64420 -47413
11445 -62450 -46283
11445 -64770 -47108
11445 -63985 -46496
11445 -62430 -46356
11445 -62800 -45759
11445 -65235 -46272
11445 -62695 -46117
11445 -62800 -46043
11445 -65600 -46651
11445 -62620 -46242
11445 -63300 -46460
11445 -63060 -47120
11445 -67170 -46824
11445 -62115 -45774
11445 -62690 -45946
11445 -62785 -45885
11445 -64780 -45064
11445 -62785 -45741
11445 -61305 -45250
11445 -67185 -46522
11445 -62750 -45324
11445 -64885 -45114
11445 -64560 -45610
11445 -62560 -44707
11445 -62860 -46063
11445 -67815 -46188
11445 -63785 -46078
11445 -61725 -45953
11445 -62660 -46577
11445 -63040 -46765
11445 -63480 -46993
11445 -62445 -46560
11445 -62140 -46006
11445 -65400 -45644
11445 -63900 -45714
11445 -62860 -46521
11445 -67890 -45723
11445 -60120 -45643
11445 -62680 -45866
11445 -65280 -46042
11445 -65600 -46699
11445 -62695 -46711
11445 -62855 -46901
11445 -62800 -46974
11445 -62695 -47043
11445 -61265 -45921
11445 -65240 -45621
11445 -64340 -45748
11445 -62070 -45434
11445 -67915 -46472
11445 -62810 -46485
11445 -61725 -46662
11445 -62800 -46273
11445 -63915 -46800
11445 -62985 -46534
11445 -62345 -46068
11445 -62840 -46160
11445 -63740 -45611
11445 -65140 -45761
11445 -66105 -45392
11445 -62915 -44894
11445 -67270 -45309
11445 -62755 -45816
11445 -62860 -46506
11445 -68175 -45682
11445 -64740 -45803
11445 -63855 -45727
11445 -62955 -46676
11445 -60785 -46779
11445 -61960 -46120
11445 -65495 -46866
11445 -67665 -45383
11445 -62810 -45751
11445 -67810 -45648
11445 -63825 -46052
11445 -67740 -46906
11445 -62015 -45992
11445 -62590 -46206
11445 -65900 -46266
11445 -62885 -45958
11445 -62945 -46242
11445 -63730 -46116
11445 -62195 -45639
11445 -63485 -45734
11445 -63735 -45428
11445 -64065 -46063
11445 -63855 -46084
11445 -62690 -46903
11445 -62785 -47297
11445 -62685 -46292
11445 -62055 -45559
11445 -67675 -45504
11445 -62800 -45124
11445 -67500 -44632
11445 -67160 -44598
11445 -67600 -45115
11445 -61635 -45626
11445 -62800 -46693
11445 -61625 -45805
11445 -65640 -45843
11445 -63060 -45807
11445 -62800 -46107
11445 -62815 -46179
11445 -62515 -45673
11445 -62235 -45990
11445 -66970 -45289
11445 -67435 -44902
11445 -62755 -44973
11445 -67515 -44691
11445 -62860 -45375
11445 -67430 -45884
11445 -63645 -46398
11445 -62375 -46206
11445 -61115 -45021
11445 -63060 -45432
11445 -62585 -45082
11445 -65090 -45144
11445 -64945 -44908
11445 -65590 -44690
11445 -65710 -45779
11445 -65060 -45992
11445 -61985 -45059
11445 -67945 -44619
11445 -67745 -45011
11445 -62480 -46268
11445 -62390 -45689
11445 -62625 -45532
11445 -65310 -45570
11445 -66460 -44819
13100 -63280 -44764
13100 -62755 -44328
13100 -62800 -44488
13100 -63685 -44140
13100 -62375 -44742
13100 -63750 -44741
13100 -64995 -44470
13100 -63060 -44159
13100 -62600 -43844
13100 -62085 -44011
13100 -62790 -43801
13100 -65260 -44260
13100 -62860 -44440
13100 -67280 -43800
13100 -64600 -44238
13100 -62540 -44516
13100 -64700 -44842
13100 -64330 -45054
13100 -61550 -44370
13100 -65395 -44263
13100 -64610 -43834
13100 -67280 -44583
13100 -63385 -44638
13100 -62520 -45373
13100 -62740 -43946
13100 -63060 -45404
13100 -62875 -45845
13100 -62110 -45549
13100 -62170 -45913
13100 -64945 -45832
13100 -63275 -45262
13100 -62600 -44512
13100 -63060 -43480
13100 -62345 -43564
13100 -64210 -43086
13100 -62585 -43591
13100 -63060 -44190
13100 -62035 -43341
13100 -64470 -43302
13100 -60030 -43090
13100 -62015 -43493
13100 -63060 -43612
13100 -63060 -43554
13100 -62695 -44096
13100 -65340 -44173
13100 -66055 -43398
13100 -62645 -43183
13100 -64990 -43297
13100 -64870 -43771
13100 -63540 -44239
13100 -62530 -44129
13100 -62790 -45165
13100 -61555 -44763
13100 -61970 -45029
13100 -62630 -44822
13100 -65340 -45203
13100 -62590 -44555
13100 -67140 -44797
13100 -62330 -45254
13100 -62800 -44553
13100 -62600 -44984
13100 -64045 -45201
13100 -65105 -43916
13100 -67275 -42506
13100 -61565 -43627
13100 -63080 -43480
13100 -62765 -43584
13100 -62885 -44198
13100 -67400 -44204
13100 -62595 -44251
14205 -62800 -44619
14205 -65690 -44461
14205 -65380 -43864
14205 -64150 -44633
14205 -65095 -44057
14205 -64925 -43598
14205 -59275 -42892
14205 -61885 -42916
14205 -62850 -42579
14205 -65330 -42643
14205 -62115 -43274
14205 -61880 -43143
14205 -62530 -42420
14205 -62800 -42659
14205 -64735 -43041
14205 -63060 -43086
14205 -62490 -42698
14205 -62725 -42927
14205 -65350 -43144
14205 -62950 -43568
14205 -62585 -42102
14205 -62535 -41586
14205 -64960 -41810
14205 -62795 -42628
14205 -67605 -42077
14205 -67365 -42504
14205 -65205 -42359
14205 -62680 -43572
14205 -62560 -42810
14205 -62600 -44265
14205 -61960 -43864
14205 -64865 -43807
14205 -62460 -43023
14205 -62330 -43396
14205 -62515 -42708
14205 -62860 -43569
14205 -62745 -43324
14205 -58415 -42985
14205 -62940 -41981
14205 -62015 -42573
14205 -61935 -42799
14205 -62795 -42899
14205 -68080 -42228
14205 -62520 -42326
14205 -62800 -41903
14205 -62490 -41417
14205 -61270 -40842
14205 -61650 -41608
14205 -67535 -41010
14205 -62785 -40345
14205 -68080 -40483
14205 -61885 -41460
14205 -63060 -42214
14205 -63330 -40723
14205 -65600 -41554
14205 -64765 -41387
14205 -62380 -41353
14205 -62800 -41215
14205 -67405 -42351
14205 -65165 -42555
14205 -63385 -42671
14205 -64470 -43216
14205 -62410 -41754
14205 -62015 -42631
14205 -61885 -42948
14205 -62230 -43814
14205 -63060 -42980
14205 -62275 -42710
14205 -64685 -41548
14205 -63980 -41949
14205 -62570 -40187
14205 -62155 -40228
14205 -62695 -41829
14205 -61880 -41843
14205 -62850 -41047
14205 -61985 -42531
14205 -67605 -42730
14205 -65005 -42471
14205 -62415 -42788
14205 -62425 -43699
14205 -65040 -44699
14205 -67575 -43896
14205 -61155 -43276
14205 -64560 -43869
14205 -64940 -44084
14205 -63055 -43317
14205 -61950 -42529
14205 -67945 -43724
14205 -61490 -42153
14205 -61810 -41621
14205 -64600 -41803
14205 -61930 -42847
14205 -63820 -43068
14205 -62520 -43163
14205 -65925 -42950
14205 -64495 -43159
14205 -62620 -44160
14205 -64590 -43857
14205 -62540 -44223
14205 -62790 -42104
14205 -64270 -42362
15815 -64995 -41799
15815 -63125 -41809
15815 -65565 -41419
15815 -62265 -40603
15815 -62760 -40588
15815 -61750 -41337
15815 -62800 -40371
15815 -64730 -39979
15815 -65340 -39668
15815 -62795 -40298
15815 -62795 -41604
15815 -62740 -41683
15815 -62420 -42410
15815 -63650 -42230
15855 -63015 -41940
15855 -64785 -42214
15855 -64895 -41287
15855 -63355 -40676
15855 -67800 -39869
15855 -61915 -40367
15855 -66030 -41817
15855 -62110 -40526
15855 -67580 -40374
15855 -61620 -39930
15855 -62610 -39967
15855 -65605 -40289
15855 -62275 -39840
15855 -62855 -38416
15855 -61725 -39998
15855 -67940 -40255
15855 -61590 -39650
15855 -61565 -40639
15855 -61750 -40502
15855 -61810 -41729
15855 -62335 -40597
15855 -60820 -41288
15855 -63045 -41664
15855 -67800 -40873
15855 -62595 -39803
15855 -61460 -39635
15855 -62880 -40469
15855 -63540 -39441
15855 -62900 -39181
15855 -67970 -38362
15855 -63200 -37908
15855 -62855 -38027
15855 -65565 -39298
15855 -60935 -39557
15855 -62790 -39779
15855 -67700 -39676
15855 -63125 -40302
15855 -63225 -40190
15855 -64360 -41136
15855 -65295 -40398
15855 -62715 -40227
15855 -67500 -40942
15855 -62080 -40703
15855 -62410 -40242
15855 -61950 -39476
15855 -62750 -37722
15855 -63745 -38869
15855 -64570 -39214
15855 -62170 -39036
15855 -62785 -38311
15855 -62375 -36046
15855 -67610 -36386
15855 -65460 -37898
15855 -62585 -37193
15855 -63210 -37932
15855 -63055 -36377
15855 -64270 -37034
15855 -63035 -38337
15855 -62410 -38021
15855 -62960 -39095
15855 -59285 -40754
15855 -63995 -40527
15855 -67700 -40207
15855 -62470 -38812
15855 -63815 -39766
15855 -62785 -39045
15855 -61970 -39318
15855 -62245 -38446
15855 -61925 -38064
15855 -62080 -39040
15855 -61760 -39825
15855 -63740 -38988
15855 -62090 -38632
15855 -61710 -38881
15855 -64910 -40445
15855 -62750 -39811
15855 -62000 -40172
15855 -62200 -39429
15855 -63060 -38823
15855 -66420 -38334
15855 -62055 -38477
15855 -63100 -39338
15855 -62505 -37871
15855 -64100 -39119
15855 -62400 -38457
15855 -65025 -39087
15855 -59550 -38943
15855 -62850 -39435
15855 -67630 -39082
15855 -62070 -39366
15855 -62210 -40414
15855 -63055 -39828
15855 -67640 -38467
15855 -65600 -38973
15855 -62595 -39147
15855 -61860 -38981
15855 -67470 -38443
15855 -61230 -38885
15855 -62210 -40214
15855 -62340 -40228
15855 -62990 -39194
15855 -62715 -37965
15855 -61560 -38183
15855 -62450 -39263
15855 -57515 -39423
15855 -62080 -39481
15855 -64315 -39482
15855 -61170 -39255
15855 -62440 -39131
15855 -62930 -39500
15855 -67070 -40255
15855 -60775 -39688
15855 -62855 -37648
15855 -65280 -37795
15855 -64295 -38856
15855 -62515 -38926
15855 -61905 -38130
15855 -61835 -38446
15855 -61290 -39720
15855 -62590 -37768
15855 -64130 -39123
15855 -61340 -37720
15855 -67360 -38207
15855 -63470 -37728
15855 -61880 -37833
15855 -63740 -37327
15855 -62950 -38456
15855 -62855 -38680
15855 -61390 -39195
15855 -62325 -38016
15855 -62785 -38092
15855 -62965 -36737
15855 -62625 -37575
15855 -61885 -38787
15855 -62115 -39559
15855 -62915 -38184
15855 -62850 -38480
15855 -61720 -38063
15855 -62610 -38047
15855 -61390 -38660
15855 -62855 -38405
15855 -65060 -38126
15855 -62305 -39412
15855 -62790 -38692
15855 -66800 -38814
15855 -62730 -36569
15855 -65205 -36676
15855 -62790 -38799
15855 -62170 -37361
15855 -62375 -37674
15855 -67670 -37355
15855 -62505 -37966
15855 -61845 -38412
15855 -61440 -37885
15855 -62385 -38187
15855 -63990 -38772
15855 -62690 -38315
15855 -65395 -37882
15855 -65995 -37359
15855 -63540 -37106
15855 -63950 -35608
15855 -64695 -34229
15855 -62570 -34799
15855 -67470 -34936
15855 -63470 -34300
15855 -62795 -34136
15855 -65040 -34955
15855 -67370 -36207
15855 -62855 -37989
15855 -64015 -36754
15855 -63145 -35823
15855 -59920 -36722
15855 -66405 -36539
15855 -64675 -38398
15855 -67940 -38747
15855 -62105 -36828
15855 -61480 -38525
15855 -62270 -37938
15855 -59680 -37220
15855 -61810 -37056
15855 -65165 -37507
15855 -62680 -36980
15855 -67430 -36787
16300 -64290 -38878
16300 -67000 -38059
16300 -63740 -38096
16300 -60605 -37233
16300 -61485 -36070
16300 -57590 -35726
16300 -64145 -36376
16300 -62950 -36426
16300 -61410 -36822
16435 -60755 -36801
16435 -62410 -35725
16435 -58250 -37935
16435 -62235 -37653
16435 -62260 -36254
16435 -67840 -36111
16435 -61730 -37425
16435 -57460 -36948
16435 -61295 -36181
16435 -58915 -38460
16435 -55870 -37978
16435 -65270 -36490
16435 -62490 -37536
16435 -61000 -39286
16435 -57380 -38810
16435 -58310 -38954
16435 -57485 -38784
16435 -62340 -37916
16435 -61245 -38093
16435 -60360 -36616
16435 -62165 -37724
16435 -59860 -35956
16435 -55880 -36561
16990 -60210 -36985
16990 -56100 -36611
16990 -62190 -37414
16990 -53975 -38429
16990 -61125 -39066
16990 -58595 -37703
16990 -60100 -37726
16990 -64655 -37745
16990 -61035 -39267
16990 -57630 -39400
16990 -64910 -39331
16990 -62740 -37978
16990 -56820 -38719
16990 -61355 -37808
16990 -62205 -36870
16990 -61645 -36943
16990 -61900 -37799
16990 -63435 -38071
16990 -60180 -37030
16990 -56830 -35046
16990 -62100 -34289
16990 -57735 -33091
16990 -61475 -36690
16990 -59780 -35438
17290 -58900 -34963
17290 -58855 -36528
17290 -61250 -37748
17290 -61710 -37859
17290 -57230 -37858
17290 -63245 -37480
17290 -62350 -37690
17290 -55870 -36251
17290 -60940 -37810
17290 -60675 -36742
17290 -60970 -37989
17290 -61700 -37743
17290 -60350 -37651
17290 -61745 -37750
17290 -62670 -36758
17290 -62085 -38404
17290 -57365 -37002
17290 -55735 -37161
17290 -61855 -36580
17290 -61960 -38306
17290 -62170 -39187
17290 -62470 -38299
17290 -61440 -38490
17290 -64305 -38509
17290 -59680 -36729
17290 -56930 -38137
17290 -62410 -37618
17290 -59480 -37332
17290 -61040 -37748
17290 -62910 -36843
17290 -56665 -35812
17290 -62680 -37130
17290 -63130 -37191
17290 -57635 -36681
17290 -59400 -36339
17290 -59545 -36997
17290 -57605 -38046
17290 -60420 -37941
17290 -55660 -35357
17290 -55845 -34994
17290 -58440 -34442
17290 -53960 -34620
17290 -60290 -35477
17290 -55720 -36901
17290 -62205 -38038
17290 -58510 -36727
17290 -57470 -37462
17290 -61810 -36289
17290 -62060 -36558
17290 -60085 -36852
17290 -61795 -36380
17290 -61465 -37007
17290 -61265 -37339
17290 -56985 -36905
17290 -57560 -38076
17290 -56995 -38550
17290 -62370 -38749
17290 -61175 -38542
17290 -57155 -38098
17290 -61965 -38705
17290 -56175 -38407
17290 -62160 -36600
17290 -62000 -36048
17290 -61890 -36323
17290 -62630 -35818
17290 -62175 -36410
17290 -57810 -36088
17290 -59770 -37496
17290 -62725 -37048
17290 -63550 -37011
17290 -56255 -35825
17290 -61475 -34451
17290 -55095 -32714
17290 -62600 -34022
17290 -61280 -34765
17560 -61780 -33345
17560 -55865 -34144
17560 -61600 -35166
17560 -62670 -34983
17560 -59225 -33853
17560 -59695 -32354
17560 -62590 -32600
17560 -57435 -31212
17560 -61810 -32693
17560 -56800 -34807
17560 -61545 -34745
17560 -59400 -36246
17560 -62500 -35328
17560 -56730 -36285
17560 -61005 -36343
17560 -62000 -36817
17560 -56925 -37021
17560 -56775 -35274
17560 -63075 -35886
17560 -60905 -35513
17560 -61510 -34668
17560 -57635 -34354
17560 -62140 -34276
17560 -61805 -34245
17560 -57570 -35554
17560 -61140 -34582
17560 -57200 -35558
17560 -58450 -35405
17560 -59670 -35334
17560 -61340 -37412
17560 -58455 -37470
17560 -57605 -36737
17560 -59810 -36589
17560 -59245 -36279
17560 -60665 -35819
17560 -59835 -33693
17560 -59945 -34142
17560 -57335 -33949
17560 -56585 -33121
17560 -60465 -32217
17560 -60865 -31467
17560 -62790 -32291
17560 -61175 -31752
17560 -58260 -31484
17560 -55685 -33693
17560 -60715 -32314
17560 -57770 -32124
17560 -61490 -31472
17560 -62425 -31960
17560 -60205 -31960
17560 -57245 -32507
17560 -58925 -29703
17560 -61410 -31027
17560 -56410 -29548
17560 -61335 -30390
17560 -61990 -29124
17560 -62715 -31962
17560 -58155 -32504
17560 -61915 -34119
17560 -59830 -33432
17560 -58440 -31854
17560 -62375 -32488
17560 -57130 -33366
17560 -60865 -32101
17560 -61980 -33975
17560 -56580 -33856
17560 -58500 -33808
17560 -56935 -35091
17560 -58955 -36022
17560 -58430 -34950
17560 -59740 -34994
17560 -60460 -36181
17560 -60865 -36454
17560 -56870 -34357
17560 -60285 -36059
17560 -58410 -34658
17560 -61440 -35013
17560 -56405 -34345
17560 -54620 -34144
17560 -59065 -34640
17560 -58915 -34631
17560 -59365 -35386
17560 -57870 -33488
17560 -57225 -32936
17560 -59180 -31365
17560 -56935 -31811
17560 -56475 -32587
17560 -58240 -32886
17560 -57380 -33220
17560 -60885 -35211
17560 -58355 -32631
17560 -60465 -31683
17560 -61355 -31360
17560 -58720 -31783
17560 -60830 -31659
17560 -57735 -31481
17560 -59015 -30410
17560 -60220 -29508
17560 -59885 -30081
17560 -58625 -31099
17560 -61885 -32957
17560 -61030 -31949
17560 -58780 -31186
17560 -60430 -33076
17560 -57065 -33610
17560 -60680 -35443
17560 -57250 -34489
17560 -57955 -34625
17560 -58080 -34262
17560 -61100 -32623
17560 -60720 -31773
17560 -60650 -30844
17560 -58935 -30998
31085 -63205 -27801
31085 -61950 -27608
35925 -57670 -26320
35925 -59780 -26326
35925 -56850 -26358
35925 -57670 -27855
35925 -62990 -27441
35925 -58215 -28716
35925 -59740 -29470
35925 -57870 -27899
35925 -60880 -28338
39395 -63880 -28688
43665 -57635 -24417
43665 -57500 -24480
43665 -58275 -22513
43665 -58480 -24915
44325 -62275 -25911
44925 -61210 -24673
44925 -58540 -24442
44925 -61140 -24499
44925 -59770 -24428
44925 -61815 -21923
44925 -61155 -21378
44925 -62015 -23681
44925 -62175 -24662
44925 -60600 -25092
44925 -61140 -23873
44925 -65060 -22885
44925 -61750 -24038
44925 -61110 -24096
44925 -60840 -21691
44925 -61160 -22061
44925 -62410 -23454
44925 -60605 -22740
44925 -60940 -22979
44925 -62340 -24447
44925 -61510 -24936
44925 -62000 -25031
44925 -62845 -24901
44925 -60770 -24686
44925 -61965 -25402
44925 -61440 -25357
44925 -61580 -24372
44925 -59870 -24356
44925 -61435 -23708
44925 -61850 -22735
44925 -56430 -22219
44925 -62175 -22694
44925 -56390 -23459
44925 -60600 -20994
44925 -62405 -21891
44995 -61345 -23915
44995 -55590 -26301
44995 -60130 -25277
44995 -62175 -25256
44995 -62070 -25034
44995 -58890 -24619
45185 -61100 -23687
45185 -62570 -24953
45185 -62070 -24735
45185 -57990 -25801
45185 -60310 -25373
45185 -61540 -26689
45565 -63190 -24647
45565 -59830 -25166
45565 -59085 -22681
45565 -56610 -22068
45565 -62515 -23132
45565 -62180 -24380
45565 -59240 -22121
45695 -59560 -24377
45695 -55685 -23915
45695 -60100 -22784
45695 -60305 -21105
45695 -60615 -22622
45695 -61950 -21461
45695 -60780 -25676
45695 -62055 -19593
45695 -62410 -23901
45695 -61480 -25603
45695 -54785 -20777
45695 -60260 -22730
45885 -61950 -20520
45885 -60460 -20154
45885 -62210 -20163
45885 -61080 -23009
45885 -61785 -22992
45885 -62305 -24877
45885 -61965 -24782
45885 -58590 -22325
45885 -61370 -20372
45885 -58465 -17919
45885 -59900 -20071
46155 -59145 -19312
46155 -58750 -18166
46155 -61090 -16507
46155 -58280 -18646
46155 -61830 -14323
46155 -62410 -16637
46155 -61245 -11161
46155 -61580 -13058
46155 -61940 -17600
46155 -62150 -16561
46155 -62735 -19067
46155 -62610 -15680
46215 -63055 -15427
46215 -62040 -18483
46215 -62190 -18184
46215 -62065 -15649
46215 -62725 -19437
46215 -62405 -18277
46215 -61745 -15230
46215 -62515 -15785
46215 -63055 -18136
46605 -62515 -15655
46605 -61345 -18519
46605 -62340 -20886
46605 -65370 -23789
46605 -61445 -22952
46605 -65070 -18645
46605 -60850 -19862
46605 -63970 -17002
46605 -65370 -19013
46605 -67500 -19018
46605 -64830 -19570
46605 -61225 -21420
46605 -65370 -18388
46605 -60070 -17247
46605 -62715 -16093
46605 -60915 -19459
46605 -65370 -18366
46605 -61245 -20160
46605 -65370 -14933
46605 -65270 -18897
46605 -65100 -17576
46605 -67495 -21068
46605 -61170 -20248
46605 -63065 -19411
46605 -65370 -18170
46605 -64420 -21713
46605 -61810 -23930
46735 -61880 -17380
46735 -61810 -15589
46735 -61440 -17986
46735 -60980 -16738
46735 -61580 -17711
46735 -61580 -17685
46735 -62305 -18606
46735 -61580 -16058
46735 -62410 -15210
46735 -60445 -14287
46735 -60640 -17362
46735 -61410 -17482
46735 -59585 -18042
46735 -61340 -17233
46735 -60695 -15265
46735 -61540 -11865
46735 -61440 -12972
46735 -61480 -11628
46735 -61510 -12154
46735 -59485 -9714
46735 -59150 -9452
46735 -61440 -11152
46735 -63840 -9646
46735 -62410 -12318
46735 -60555 -12997
46735 -59450 -13038
46735 -63495 -11170
46735 -62635 -12199
46735 -62515 -9131
46735 -61470 -12303
46735 -55865 -10578
46735 -63585 -12561
46735 -64525 -10788
46735 -62215 -6695
46735 -59550 -8269
46735 -59450 -5140
46735 -59555 -5009
46735 -59485 -6146
46735 -60715 -7092
46735 -59060 -11147
46735 -61700 -12158
46735 -61515 -9744
46735 -59450 -10935
46735 -59835 -12746
46735 -61490 -12854
46735 -60920 -9186
46735 -60770 -8504
46735 -59740 -6599
46735 -61530 -5452
46735 -61710 -7824
46735 -60970 -8320
46735 -61175 -13138
46735 -62445 -12085
46735 -61540 -11207
46735 -64830 -12432
46735 -63615 -13070
46735 -59550 -7535
46735 -61340 -10728
46735 -59060 -10724
46735 -61440 -10318
46735 -61045 -10877
46735 -64630 -11639
46735 -61170 -9924
46735 -61040 -8313
46735 -60760 -5588
46735 -61525 -6246
46735 -62345 -7902
46735 -61140 -7361
46735 -59550 -10123
46735 -60525 -9568
46735 -61005 -8299
46735 -60440 -10242
46735 -61715 -6731
46735 -62400 -9923
46735 -61540 -10002
46735 -60310 -9221
46735 -61140 -8646
46735 -61140 -6330
46735 -61000 -8875
46735 -62680 -10435
46735 -59550 -8043
46735 -61650 -4938
46735 -61140 -5259
46735 -61615 -5708
46735 -61240 -6729
46735 -61140 -5680
46735 -61150 -7917
46735 -61990 -8162
46735 -61410 -5939
46735 -61540 -4301
46735 -61615 -6817
46735 -60840 -6826
46735 -60740 -4584
46735 -61380 -2304
46735 -59250 747
46735 -64150 871
46735 -62230 -6140
46735 -61140 -5108
46735 -61920 -8362
46735 -61275 -3598
46735 -61345 -4841
46735 -55395 -2133
46735 -59250 -674
46735 -61340 -2728
46735 -53235 -3702
46735 -61480 -8544
46735 -61240 -4070
46735 -55045 -668
46735 -55460 1161
46735 -60415 2985
46735 -54995 1716
46735 -60245 4021
46735 -54555 3170
46735 -54980 4403
46735 -53350 3248
46735 -55500 2408
46735 -60100 -1031
46735 -59575 -1292
46735 -59540 6494
46735 -57830 8491
46735 -52820 11836
46735 -53445 8650
46735 -51510 7955
46735 -53940 5157
46735 -62740 -290
46735 -54955 127
46735 -61145 -334
46735 -58140 259
46735 -61140 -78
46735 -54520 554
46735 -61240 -814
46735 -56720 -2476
46735 -56820 -2885
46735 -54270 283
46735 -55080 1264
46735 -51190 615
46735 -52260 -1856
46735 -57265 1481
46735 -54370 1760
46735 -54960 4678
46735 -55700 5096
46735 -54670 3361
46735 -54570 4704
46735 -53690 4583
46735 -54210 3490
46735 -62210 2582
46735 -53270 6017
46735 -54270 5720
46735 -54270 4839
46735 -54030 4334
46735 -54470 182
46735 -54210 3518
46735 -54570 2362
46735 -54270 6560
46735 -54270 6108
46735 -55145 3943
46735 -54030 3297
46735 -53235 7611
46735 -53410 9353
46735 -49290 6444
46735 -50485 5609
46735 -53370 7235
46735 -59450 4808
46735 -53355 2418
46735 -54305 2904
46735 -60945 3224
46735 -54470 431
46735 -53455 2660
46735 -54470 5715
46735 -54470 6209
46735 -53565 4135
46735 -53930 7085
46735 -49290 9275
46735 -54540 7705
46735 -53930 4319
46735 -49400 3386
46735 -49290 8169
46735 -49260 8627
46735 -54065 5434
46735 -49650 7976
46735 -55275 8336
46735 -58140 7209
46735 -49360 10825
46735 -49260 7786
46735 -49460 7572
46735 -59075 7405
46735 -49845 9615
46735 -56090 7305
46735 -54470 7017
46735 -54470 8553
46735 -53450 1538
46735 -51660 7788
46735 -56830 9033
46735 -49260 10551
46735 -51500 9027
46735 -49630 10088
46735 -52930 8296
46735 -51185 5593
46735 -49560 10488
46735 -49750 11902
46735 -50890 9472
46735 -49360 10760
46735 -49290 11015
46735 -49750 7820
46735 -49360 8371
46735 -49510 9793
46735 -49510 8705
46735 -49930 10508
46735 -49260 11147
46735 -49290 15031
46735 -49225 13100
46735 -49750 15940
46735 -56480 12097
46735 -49290 10024
46735 -49290 9021
46735 -49290 9532
46735 -54750 5755
46735 -50950 11147
46735 -49160 10709
46735 -49880 6425
46735 -49290 9508
46735 -49290 14559
46735 -49460 14510
46735 -49225 14882
46735 -48330 15000
46735 -49750 11069
46735 -49290 9726
46735 -49260 9260
46735 -49245 9647
46735 -49750 6828
46735 -51390 8444
46735 -49460 8075
46735 -54320 5644
46735 -49490 8341
46735 -49510 10369
46735 -55880 11142
46735 -48450 9244
46735 -51390 11193
46735 -49750 9262
46735 -49085 10284
46735 -49750 7165
46735 -51520 9859
46735 -23035 9949
46735 -49360 10950
46735 -49190 7181
46735 -49550 7298
46735 -49225 10192
46735 -53930 8526
46735 -49880 10182
46735 -49360 10683
46735 -52860 7360
46735 -54860 10171
46735 -18055 13306
46735 -54470 12584
46735 -17855 12409
46735 -49750 12578
46735 -18585 11426
46735 -49750 10656
46735 -54860 9625
46735 -18055 8532
46735 -18055 14535
46735 -49360 10476
46735 -54320 9771
46735 -24655 9001
46735 -53930 7387
46735 -18075 9516
46735 -49490 6616
46735 -49750 8244
46735 -49750 10143
46735 -49360 11088
46735 -24655 11345
46735 -24055 11391
46735 -28015 8461
46735 -49750 9627
46735 -49490 13063
46735 -49750 8782
46735 -20475 10942
46735 -49360 8776
46735 -49360 7719
46735 -23035 8052
46735 -49490 6799
46735 -56090 7928
46735 -54470 6542
46735 -49490 6838
46735 -17925 7607
46735 -49490 9010
46735 -51035 6100
46735 -22835 9999
46735 -49880 8611
46735 -56480 7043
46735 -49880 7508
46735 -53930 7130
46735 -49360 10182
46735 -56130 6766
46735 -52430 8494
46735 -22835 8064
46735 -49750 6694
46735 -49900 3629
46735 -49750 7483
46735 -57360 8778
46735 -49360 11594
46735 -27955 12297
46735 -49510 8077
46735 -54470 7578
46735 -54470 6337
46735 -49900 6081
46735 -54860 6329
46735 -54470 5581
46735 -49750 3273
46735 -54320 4724
46735 -54470 4882
46735 -53930 5640
46735 -49360 5688
46735 -54860 4233
46735 -18115 5275
46735 -24055 5648
46735 -54860 6890
46735 -49685 5604
46735 -54860 6340
46735 -18055 9526
46735 -49510 10646
46735 -49750 6888
46735 -49360 8822
46735 -49880 9752
46735 -49750 8004
46735 -53930 6718
46735 -49360 7331
46735 -54470 9236
46735 -17925 10959
46735 -54470 7097
46735 -49795 7115
46735 -49750 2313
46735 -49560 825
46735 -49750 1302
46735 -57020 4178
46735 -54860 5844
46735 -49490 7579
46735 -54470 5388
46735 -59390 4615
46735 -53120 7798
46735 -49750 8995
46735 -18055 8064
46735 -49360 4491
46735 -53930 1957
46735 -53930 2261
46735 -49880 3896
46735 -54320 2590
46735 -53120 631
46735 -49900 2982
46735 -49360 3023
46735 -49750 4055
46735 -49880 2867
46735 -54470 3228
46735 -49750 3969
46735 -54860 3671
46735 -49880 576
46735 -54470 -258
46735 -49815 -1714
46735 -59390 -2614
46735 -54860 -3446
46735 -54470 -3958
46735 -59780 -749
46735 -49490 2557
46735 -49490 1701
46735 -49360 2128
46735 -53930 141
46735 -54320 3072
46735 -49940 3678
46735 -54860 1063
46735 -56090 2011
46735 -49490 -94
46735 -49880 -150
46735 -53320 -2304
46735 -54470 -2604
46735 -51080 -196
46735 -54470 -2211
46735 -49490 -2404
46735 -49360 1468
46735 -54470 1234
46735 -49750 2193
46735 -49750 -339
46735 -49490 -1617
46735 -54470 -3088
46735 -54860 -986
46735 -50890 -232
46735 -59390 -999
46735 -56090 1050
46735 -53930 204
46735 -54860 -588
46735 -49460 2515
46735 -49750 2542
46735 -49360 1165
46735 -49490 -5258
46735 -54860 -6851
46735 -54860 -4145
46735 -49750 -854
46735 -54470 -1040
46735 -54320 -320
46735 -49030 547
46735 -54470 -1575
46735 -54860 -1061
46735 -49750 723
46735 -49900 -1485
46735 -49750 -1301
46735 -53930 -1620
46735 -54320 -1794
46735 -49900 -2180
46735 -49880 -3918
46735 -49490 266
46735 -54860 1717
46735 -49750 779
46735 -54860 273
46735 -22295 -556
46735 -49880 -3294
46735 -49490 -515
46735 -53185 1255
46735 -49360 1326
46735 -59390 1481
46735 -49880 -1454
46735 -49900 -1253
46735 -49880 -234
46735 -54320 1069
46735 -49360 -608
46735 -49900 216
46735 -54470 1779
46735 -49510 -1642
46735 -49750 -1818
46735 -49750 -2504
46735 -54860 -2994
46735 -54470 -4975
46735 -49940 -4861
46735 -54320 -5683
46735 -54470 -4206
46735 -49900 -2948
46735 -54860 -3037
46735 -49750 -4338
46735 -54320 -5864
46735 -56090 -6926
46735 -49880 -6773
46735 -54470 -6788
46735 -49750 -7261
46735 -54470 -4468
46735 -53930 -3061
46735 -49880 -4452
46735 -54470 -6367
46735 -55000 -2069
46735 -58940 -1155
46735 -49510 -2729
46735 -54860 -1572
46735 -49750 -2072
46735 -54860 -4362
46735 -54320 -3933
46735 -56090 -6903
46735 -56480 -8141
46735 -54860 -7642
46735 -54470 -6232
46735 -49750 -6547
46735 -49880 -6490
46735 -54470 -7185
46735 -54470 -6487
46735 -54860 -7859
46735 -49940 -6350
46735 -54470 -5026
46735 -54860 -6621
46735 -54860 -5583
46735 -53930 -7169
46735 -54470 -7292
46735 -53120 -6380
46735 -54470 -6980
46735 -58940 -8423
46735 -49750 -6109
46735 -54470 -7214
46735 -54470 -6861
46735 -54320 -7830
46735 -54860 -4555
46735 -49750 -4541
46735 -53120 -5298
46735 -54470 -5285
46735 -49750 -3823
46735 -56090 -4420
46735 -56090 -5801
46735 -49750 -5512
46735 -49880 -6962
46735 -49360 -8274
46735 -54470 -8412
46735 -54860 -6536
46735 -49750 -7723
46735 -54470 -7386
46735 -58550 -7463
46735 -49750 -6302
46735 -54320 -5985
46735 -54860 -5862
46735 -54320 -4928
46735 -49880 -3226
46735 -49880 -4315
46735 -49750 -3835
46735 -49360 -3984
46735 -54860 -3858
46735 -49510 -2242
46735 -55490 -5541
46735 -54470 -7354
46735 -49750 -8975
46735 -56090 -8379
46735 -49900 -8274
46735 -54470 -8814
46735 -54860 -7016
46735 -54470 -8265
46735 -54860 -7146
46735 -53930 -7138
46735 -56090 -9273
46735 -53930 -7557
46735 -54860 -10462
46735 -54470 -10708
46735 -54320 -10739
46735 -54860 -8343
46735 -49750 -7313
46735 -49750 -9402
46735 -54860 -8748
46735 -54320 -9911
46735 -53930 -10280
46735 -49750 -11163
46735 -49880 -9798
46735 -54860 -10235
46735 -54470 -8653
46735 -59780 -8816
46735 -49900 -7460
46735 -54470 -9396
46735 -53220 -11311
46735 -54320 -13208
46735 -54860 -14526
46735 -59390 -14691
46735 -56090 -13958
46735 -56480 -13907
46735 -54860 -14702
46735 -49360 -12039
46735 -54320 -14494
46735 -54470 -12745
46735 -59390 -10354
46735 -54470 -10355
46735 -56090 -11391
46735 -49880 -11982
46735 -56090 -13265
46735 -54860 -14269
46735 -58550 -15878
46735 -54320 -15985
46735 -55490 -15377
46735 -54470 -15605
46735 -54470 -16106
46735 -49880 -14455
46735 -54860 -15284
46735 -53930 -15978
46735 -54470 -16252
46735 -53930 -16012
46735 -53930 -17062
46735 -56090 -16650
46735 -56090 -17359
46735 -54860 -16366
46735 -56540 -17197
46735 -56150 -17405
46735 -54470 -16511
46735 -56480 -17504
46735 -56090 -18095
46735 -54860 -18802
46735 -59350 -19019
46735 -54860 -16769
46735 -54860 -17397
46735 -56090 -16743
46735 -54470 -16811
46735 -59780 -17480
46735 -54470 -19091
46735 -54860 -17863
46735 -56150 -18949
46735 -54860 -17954
46735 -54470 -18138
46735 -56150 -17988
46735 -56480 -18729
46735 -49750 -16782
46735 -56150 -17981
46735 -54860 -19295
46735 -58940 -18183
46735 -54860 -17885
46735 -54470 -18411
46735 -54860 -18520
46735 -58550 -19475
46735 -56090 -19835
46735 -54470 -20277
46735 -54860 -19304
46735 -56090 -19919
46735 -53930 -18939
46735 -59350 -20103
46735 -56090 -19380
46735 -56480 -21026
46735 -54320 -20005
46735 -55490 -20671
46735 -54320 -20922
46735 -54860 -17921
46735 -54320 -19430
46735 -54860 -19130
46735 -54860 -20611
46735 -54570 -19438
46735 -59650 -20207
46735 -54470 -19438
46735 -54570 -20024
46735 -59390 -20461
46735 -54860 -19730
46735 -54470 -18625
46735 -49900 -19497
46735 -54470 -18780
46735 -54320 -20319
46735 -53930 -19328
46735 -56090 -20144
46735 -54860 -19769
46735 -54860 -20151
46735 -54860 -19598
46735 -54860 -21171
46735 -54470 -20078
46735 -54860 -20550
46735 -54860 -20230
46735 -54470 -20504
46735 -56090 -22292
46735 -59450 -22034
46735 -59390 -20436
46735 -49750 -18117
46735 -56540 -21928
46735 -54470 -20775
46735 -54860 -20059
46735 -59390 -19382
46735 -55490 -20093
46735 -54860 -21125
46735 -54470 -20961
46735 -55880 -20474
46735 -59780 -20613
46735 -59390 -20804
46735 -49750 -20289
46735 -54860 -20525
46735 -54320 -19937
46735 -54860 -19801
46735 -54860 -21371
46735 -54470 -19967
46735 -59390 -22284
46735 -54860 -20122
46735 -59390 -19576
46735 -54860 -19739
46735 -54860 -20414
46735 -59390 -20283
46735 -54860 -19665
46735 -54860 -20100
46735 -54860 -19634
46735 -54860 -19851
46735 -56480 -20284
46735 -56090 -20908
46735 -56090 -21015
46735 -54470 -21206
46735 -59350 -21142
46735 -54860 -20953
46735 -49880 -19477
46735 -54470 -19730
46735 -54470 -21041
46735 -54860 -21688
46735 -54860 -20364
46735 -54470 -20900
46735 -54860 -21229
46735 -53120 -18943
46735 -54320 -20942
46735 -54860 -20688
46735 -54860 -20176
46735 -54860 -21705
46735 -53220 -20922
46735 -54860 -19594
46735 -54470 -20345
46735 -54470 -19895
46735 -54860 -20711
46735 -59390 -20661
46735 -58550 -19607
46735 -54470 -19598
