-60630 -50810 -58187
-46120 -63060 -53599
-44805 -63060 -51883
-44805 -65600 -51729
-44805 -62715 -51422
-44805 -62785 -51342
-43165 -65065 -51362
-43165 -62590 -51162
-43165 -67410 -51250
-17155 -65330 -50832
-17155 -68070 -51176
-17155 -64825 -50813
-17155 -62985 -50388
-17155 -65600 -50076
-15665 -67800 -49537
-15565 -67970 -50057
-15565 -65640 -49096
-15565 -65710 -48758
-15565 -66450 -48061
-15565 -62985 -48297
-15565 -66290 -48320
-15565 -63110 -48840
-14690 -63055 -48515
-14690 -63105 -48111
-14690 -62590 -47917
-14690 -65330 -47773
-14690 -63060 -47318
-14690 -65955 -46788
-14690 -63810 -47216
-14690 -63060 -47954
-14690 -62970 -47561
-14690 -62620 -47775
-14690 -65600 -48024
-14690 -64380 -47345
-14690 -65465 -47931
-14690 -67935 -47537
-14690 -65710 -48187
-14690 -67025 -47543
-14690 -64010 -48238
-14690 -65810 -48505
-14690 -62860 -47135
-14690 -65330 -47204
-14690 -63785 -46676
-14690 -65600 -46664
-14690 -64050 -46445
-14690 -68210 -47785
-14690 -68040 -47099
-14690 -62320 -47563
-14690 -66810 -48155
-14690 -65070 -47894
-14690 -66980 -47732
-14690 -63055 -47843
-14690 -64590 -47101
-14690 -63055 -46656
-14690 -66455 -46597
-14690 -65775 -47405
-14690 -67940 -46474
-14690 -66105 -47329
-14690 -63945 -46909
-14690 -65665 -47650
-14690 -67800 -47435
-14690 -62990 -47088
-14690 -63060 -46839
-14690 -68005 -47147
-14690 -66485 -47140
-14540 -66340 -47010
-14540 -62985 -47040
-14540 -63060 -47281
-14540 -63775 -45617
-14540 -68340 -46215
-14540 -67565 -46161
-14540 -68040 -46516
-14540 -68070 -46571
-14540 -66170 -46250
-14540 -67705 -46082
-14540 -65810 -44964
-14540 -65640 -45991
-14540 -67465 -45376
-14540 -64045 -45331
-14540 -68140 -46518
-14540 -66930 -47329
-14540 -67430 -46659
-14540 -68070 -46528
-14540 -62790 -46614
-14540 -67970 -47070
-14540 -62785 -46945
-14540 -65600 -47316
-14540 -67970 -48116
-12910 -62275 -47874
-12910 -67800 -48006
-12910 -64330 -47807
-12910 -62970 -48540
-12910 -65475 -48209
-12910 -65405 -47922
-12910 -68340 -47492
-12910 -65910 -47498
-12910 -62015 -47326
-12910 -65210 -46288
-12910 -68140 -46154
-12910 -62900 -46449
-12910 -63055 -45785
-12910 -64045 -45610
-12910 -62900 -45453
-12910 -62845 -45740
-12910 -67800 -45794
-12910 -64690 -45747
-12910 -63055 -46513
-12910 -65910 -46033
-12910 -67700 -45900
-12910 -67740 -46482
-12910 -67905 -46455
-12910 -68070 -45040
-12910 -68175 -46192
-12910 -67700 -47291
-12910 -67835 -46560
-12910 -68340 -46161
-12910 -67800 -45257
-12910 -62310 -44943
-12910 -64330 -46079
-12910 -65600 -46343
-12910 -68070 -46963
-12910 -68210 -46461
-12910 -66315 -45699
-12910 -65495 -45618
-12910 -65750 -45726
-12910 -67095 -45892
-12910 -63775 -45100
-12910 -65910 -45690
-12910 -68340 -45403
-12910 -65600 -45638
-12910 -64085 -46385
-12910 -65910 -46444
-12910 -67870 -47427
-12910 -68070 -47730
-12910 -68210 -47530
-12910 -67810 -46312
-12910 -65600 -46260
-12910 -65640 -46027
-12910 -65365 -46338
-12910 -66855 -46858
-12910 -67845 -46546
-12910 -65710 -46634
-12910 -64045 -44688
-12910 -64265 -44382
-12910 -67160 -44949
-12910 -65490 -44970
-12910 -67935 -44270
-12910 -65600 -44737
-12910 -68070 -46179
-12910 -65600 -45669
-12910 -62370 -44628
-12910 -62790 -44449
-12910 -68340 -45209
-12910 -65600 -45781
-12910 -65600 -45486
-12910 -65600 -44793
-12910 -68340 -45084
-12910 -68080 -44449
-12910 -65270 -44131
-12910 -67535 -44307
-12910 -64695 -44787
-12910 -63060 -44333
-12910 -64045 -43924
-12910 -65330 -45280
-12910 -65440 -45349
-12910 -66995 -44841
-12910 -67730 -44133
-12910 -68010 -43063
-12910 -65600 -42927
-12910 -64265 -42740
-12910 -68210 -42910
-12910 -65600 -45086
-12910 -68340 -45314
-12910 -67565 -45753
-12910 -67530 -45762
-12910 -66780 -45915
-12555 -67805 -44916
-12555 -67935 -44856
-12555 -68240 -46140
-12555 -66415 -44683
-12555 -68070 -44820
-12555 -66485 -44762
-12555 -67330 -44161
-12555 -68240 -44985
-12555 -65505 -45362
-12555 -68070 -45161
-12555 -66385 -45320
-12555 -68210 -44157
-12555 -61850 -44493
-12555 -68340 -43569
-12555 -62790 -43880
-12555 -67735 -42811
-12555 -68070 -42089
-12555 -66460 -44565
-12555 -64640 -44049
-12555 -67970 -44744
-12555 -68210 -43560
-12555 -65255 -42734
-12555 -63775 -42586
-12555 -64695 -42696
-12555 -65710 -43901
-12555 -63710 -43285
-12555 -68240 -43235
-12555 -61540 -42149
-12555 -64200 -43348
-12555 -65130 -44021
-12555 -64045 -43832
-12555 -66495 -43682
-12555 -67465 -44284
-12555 -62065 -43287
-12555 -67530 -43243
-12555 -65330 -43627
-12555 -68070 -43756
-12555 -67935 -44379
-12555 -65370 -43404
-12555 -68070 -43915
-12555 -65600 -43513
-12515 -62015 -44123
-12515 -65910 -43477
-12515 -68070 -45715
-12515 -65445 -44800
-12515 -67130 -44361
-12515 -63060 -44264
-12515 -65330 -44980
-12515 -66255 -45274
-12515 -65240 -45302
-12515 -65775 -44483
-12515 -62845 -44402
-12515 -65400 -45396
-12515 -66315 -45093
-12515 -67230 -44711
-12515 -67730 -44111
-12515 -67470 -44154
-12515 -66725 -43829
-12515 -66835 -44674
-12515 -64150 -45815
-12515 -62950 -46457
-12515 -66645 -44849
-12515 -67230 -44864
-12515 -67700 -44006
-12515 -66355 -43711
-12515 -61980 -44891
-12410 -66720 -44324
-12410 -67935 -43685
-12410 -67230 -43817
-12410 -64045 -42903
-11820 -66485 -43871
-11820 -67600 -42498
-11820 -62790 -41421
-11820 -60795 -42346
-11820 -65715 -42711
-11820 -63595 -42125
-11820 -67600 -41485
-11820 -65235 -42701
-11820 -65840 -41186
-11820 -68205 -41081
-11820 -65640 -40806
-11820 -67665 -41933
-11820 -62985 -42886
-11820 -65910 -43460
-11820 -65810 -43559
-11820 -65705 -43304
-11820 -68205 -43900
-11820 -67175 -43961
-11820 -62845 -43379
-11820 -62790 -42818
-11820 -68340 -43072
-11820 -68070 -43576
-11820 -61810 -42847
-11820 -62915 -43219
-11820 -64635 -43481
-11820 -68240 -43168
-11820 -62585 -42887
-11820 -67665 -43246
-11820 -66450 -42989
-11820 -67125 -43997
-11820 -62635 -43600
-11820 -62720 -42817
-11820 -66725 -44047
-11820 -66375 -43447
-11820 -65580 -41694
-11820 -63985 -41966
-11820 -62105 -42768
-11820 -62845 -42325
-11820 -65910 -43815
-11820 -62740 -42876
-11820 -62790 -41957
-11820 -62775 -41411
-11820 -62845 -42629
-11820 -62520 -42148
-11820 -63060 -42894
-11820 -67970 -43799
-11820 -62870 -44245
-11820 -64325 -43840
-11820 -62630 -41757
-11820 -66765 -42237
-11820 -61975 -42025
-11820 -63200 -41147
-11820 -68210 -42260
-11820 -65710 -43030
-11820 -63055 -43749
-11820 -64365 -42881
-11820 -67970 -43543
-11820 -65600 -43224
-11820 -65505 -44365
-11820 -67900 -43858
-11820 -63060 -43794
-11820 -68205 -43938
-11820 -65705 -44248
-11820 -62245 -43999
-11820 -62860 -42185
-11820 -67800 -41750
-11820 -67665 -43146
-11820 -67475 -42644
-11820 -68070 -42778
-11820 -64125 -42966
-11820 -68010 -41145
-11820 -66855 -42152
-11820 -64720 -42048
-11820 -64175 -41545
-11820 -62740 -40487
-11820 -61980 -41294
-11820 -66455 -41009
-11820 -66690 -42947
-11820 -63055 -43018
-11820 -62785 -41957
-11820 -67800 -42817
-11820 -65705 -42289
-11820 -64045 -40976
-11820 -68205 -40474
-11820 -65035 -40618
-11820 -67055 -40813
-11820 -64295 -40827
-11820 -66585 -41506
-11820 -68040 -40562
-11820 -62845 -42417
-11820 -62785 -41791
-11820 -68070 -43155
-11820 -68070 -41545
-11820 -63060 -41009
-11820 -61980 -42411
-11820 -63885 -42099
-11820 -62575 -42871
-11820 -65775 -42045
-11820 -61645 -41449
-11820 -62530 -40249
-11820 -62730 -41425
-11820 -61745 -41119
-11820 -62585 -40461
-11820 -62575 -39443
-11820 -65325 -39484
-11820 -63695 -40732
-11820 -64325 -40307
-11820 -64690 -40618
-11820 -67530 -41991
-11820 -62805 -42182
-11820 -63215 -42234
-9845 -67395 -41975
-9845 -64295 -41289
-9845 -65235 -40568
-9845 -65775 -42602
-9845 -62790 -42081
-9845 -63785 -40045
-9845 -65545 -40721
-9845 -62845 -40700
-9845 -66215 -41800
-9845 -65535 -41152
-9845 -62670 -41036
-9845 -62775 -39314
-9845 -65170 -39890
-9845 -67905 -41784
-9845 -67805 -42161
-9845 -62875 -41711
-9845 -63485 -42155
-9845 -67800 -42190
-9845 -63055 -42384
-9845 -65400 -42576
10145 -65330 -41589
10145 -65910 -41952
10145 -65775 -42468
10145 -65910 -42273
10145 -64530 -41426
10145 -66295 -42697
10145 -65365 -41186
10145 -61655 -40850
10145 -65235 -41010
10145 -67870 -40489
10145 -67835 -41153
10145 -67060 -40881
10145 -62080 -40423
10145 -67805 -40915
10145 -67495 -40544
10145 -67905 -43122
10145 -68070 -42123
10145 -65175 -42364
10145 -66660 -40273
10145 -67765 -39581
10145 -63055 -40541
10145 -66315 -41136
10145 -65600 -42377
10145 -65710 -42368
10145 -67465 -42086
10145 -66595 -41538
10145 -62365 -40447
10145 -65910 -39284
10145 -65515 -40900
10145 -62975 -39979
10145 -62425 -39738
10145 -65645 -40861
10145 -62705 -39464
10145 -67875 -39575
10145 -62770 -40267
10145 -61810 -41309
10145 -64095 -41585
10145 -65505 -40916
10145 -62080 -40866
10145 -67535 -40212
10145 -63915 -41248
10145 -65580 -41735
13340 -63055 -40847
13340 -67535 -38871
13340 -62740 -39763
13340 -63170 -38007
13340 -62670 -39206
13340 -62915 -39777
13340 -65580 -40310
13340 -64045 -40088
13340 -67530 -40732
13340 -63605 -40035
13340 -65405 -38994
13340 -68205 -38791
13340 -62305 -37979
15530 -68070 -38541
15530 -62845 -37986
15530 -67770 -40335
15530 -63060 -41261
15530 -65640 -41703
15530 -65595 -40589
15530 -65370 -41291
15530 -62860 -39532
15530 -62105 -38283
15530 -64915 -37908
15530 -62150 -37385
15530 -62635 -39115
15530 -63170 -39733
15530 -62985 -38630
15530 -63005 -38451
16035 -62015 -38310
16035 -62025 -36738
16035 -62950 -37728
16035 -64880 -36773
16035 -65130 -37135
16035 -63060 -38461
16035 -62845 -37849
16035 -67935 -37280
16035 -65440 -36607
16035 -62525 -34949
16035 -66315 -35013
16035 -66215 -34189
16035 -65035 -35121
16035 -66015 -35073
16035 -61985 -34943
16035 -63005 -36265
16035 -62785 -34744
16035 -66315 -34419
16035 -63885 -33755
16035 -66555 -37269
16035 -64010 -36354
16035 -65910 -35798
16035 -67120 -35914
16035 -65100 -38108
16035 -63240 -34451
16035 -67800 -33003
16035 -65235 -34171
16035 -63275 -34904
16035 -65295 -35232
16035 -62950 -35753
16035 -64040 -36365
16035 -65505 -36848
16035 -65575 -35984
16035 -62495 -34235
16035 -62080 -34104
16035 -65600 -36095
16035 -66645 -35086
16035 -64210 -36112
16035 -63415 -35883
16035 -65505 -36120
16035 -62850 -35632
16035 -65810 -36900
16035 -62845 -36844
16035 -65710 -35067
16595 -63055 -35229
16595 -62845 -34440
16595 -62735 -34765
16595 -62785 -35898
16595 -62950 -35460
16595 -62950 -34097
16595 -63140 -35306
16595 -65775 -35087
16595 -62260 -35275
16595 -62830 -34454
16595 -64055 -33704
16595 -62785 -35339
16595 -62945 -37525
16595 -61935 -35014
16595 -62110 -34342
16595 -65370 -36997
16595 -64045 -37342
16595 -62535 -34666
16595 -61715 -34063
16595 -65365 -33276
16595 -62625 -32539
16850 -65675 -33926
16850 -62515 -33137
16850 -62970 -34322
16850 -65705 -34867
16850 -62950 -35337
16850 -66045 -33214
16850 -62570 -32884
16850 -65775 -34893
16850 -64240 -34825
16850 -66015 -33309
16850 -65395 -31744
16850 -65710 -33157
16850 -64010 -33415
16850 -61180 -33146
16850 -65490 -34182
16850 -64040 -35726
16850 -63565 -37438
16850 -62750 -36469
16850 -62680 -35292
16850 -62645 -33044
16850 -63060 -32157
16850 -62110 -32390
16850 -67535 -34001
16850 -62950 -32645
16850 -62795 -34275
16850 -62790 -32135
16850 -63600 -32285
16850 -63770 -31385
16850 -68240 -32742
16850 -65600 -31779
16850 -62480 -32436
16850 -65505 -31908
16850 -65910 -31609
16850 -62215 -31232
16850 -65775 -32022
16850 -64665 -35262
16850 -63055 -33634
16850 -65270 -32025
16850 -68070 -32004
16850 -64645 -34817
16850 -63655 -33812
16850 -65145 -33404
16850 -62985 -32932
16850 -63055 -32233
16850 -65910 -35183
16850 -64935 -36543
16850 -65910 -35066
16850 -60795 -34795
16850 -65030 -34071
16850 -62170 -33841
16850 -63625 -32504
16850 -63315 -35422
16850 -68340 -36917
16850 -65135 -35060
16850 -67980 -35663
16850 -64665 -34805
16850 -65310 -33567
16850 -67530 -32814
16850 -62395 -33877
16850 -67540 -34261
16850 -65985 -34535
16850 -62600 -34625
16850 -61540 -34229
16850 -64350 -33264
16850 -63060 -33346
16850 -62195 -34109
16850 -64900 -34757
16850 -62460 -34422
16850 -62370 -31425
16850 -65270 -32118
16850 -63915 -31040
16850 -68070 -33590
16850 -65195 -33792
16850 -63055 -33407
16850 -68105 -34617
16850 -61735 -33943
16850 -63500 -34091
16850 -67260 -34073
16850 -62845 -34055
16850 -63775 -33986
16850 -65775 -34358
16850 -65970 -32251
16850 -61815 -32931
16850 -64045 -32835
16850 -66190 -32719
16850 -63570 -31350
16850 -65675 -30887
16850 -66990 -31954
16850 -65505 -30107
16850 -65290 -32752
16850 -61780 -32821
16850 -62740 -32359
16850 -62575 -34282
16850 -65365 -32860
16850 -64320 -34328
16850 -65645 -34329
16850 -62785 -34278
16850 -65880 -33296
16850 -64045 -33530
16850 -62740 -33374
16855 -60690 -33944
16855 -65060 -33761
16855 -64600 -35914
16855 -65910 -35948
16855 -66585 -34006
16855 -64835 -35841
17000 -67530 -36472
17000 -61690 -35679
17000 -62845 -34499
17000 -62785 -34401
17000 -66385 -35668
17000 -61910 -36597
17000 -68070 -36350
17000 -62735 -35361
17000 -62515 -35170
17720 -64170 -32857
17720 -67765 -34263
17720 -65270 -33087
17720 -59970 -31742
17720 -63540 -32742
17720 -62785 -31907
17785 -67540 -31631
17785 -65235 -32512
17785 -63055 -32179
17785 -65330 -33428
17785 -67230 -34685
17785 -67500 -33753
17785 -65715 -33813
17785 -62855 -33280
17785 -62790 -35182
17785 -62530 -33364
17785 -63055 -33086
17785 -67540 -32492
17785 -62470 -33159
17785 -67800 -32984
17785 -65220 -32453
17785 -62785 -33717
17785 -65055 -33033
17785 -66485 -33391
17785 -60250 -34431
17785 -67945 -32461
17785 -62545 -31658
17785 -62785 -31808
17785 -62330 -32312
17785 -62680 -32797
17785 -67370 -32853
18040 -65310 -33688
18040 -63860 -32113
18040 -62985 -32541
18040 -67935 -33377
18040 -63225 -32515
18040 -64230 -33537
18040 -67630 -33460
18040 -65035 -32609
18040 -63060 -33507
18040 -65505 -33216
18385 -64975 -33423
18385 -65110 -32409
18385 -62785 -33868
18385 -64975 -33501
18385 -62760 -32322
18385 -65370 -31076
18385 -64510 -33470
18385 -63350 -32285
18385 -63170 -31444
18385 -66390 -33428
18385 -61810 -33829
18385 -65780 -33923
18385 -64830 -32774
18385 -65575 -33411
18385 -65505 -32623
18385 -65580 -34902
18385 -60685 -33101
18385 -68070 -32863
18385 -65130 -31917
18385 -65400 -31794
18385 -65240 -34650
18385 -66385 -34141
18385 -63055 -34334
18385 -61615 -34054
18385 -60770 -32373
18385 -65100 -32039
18385 -62680 -30262
18385 -62680 -30722
18385 -65000 -31603
18385 -67670 -31626
18385 -66720 -32695
18385 -65440 -32904
18385 -63060 -31795
18385 -67470 -30799
18385 -65810 -32271
18385 -62855 -30206
18385 -63055 -30326
18385 -62950 -32463
18385 -65780 -32089
18385 -62790 -31955
18385 -61520 -29835
18440 -65640 -32365
18440 -67530 -31419
18440 -63055 -29638
18440 -65640 -29860
18440 -68040 -29353
18440 -63060 -29659
18440 -62970 -29641
18440 -68070 -31376
18440 -65810 -31122
18440 -62855 -28693
18440 -62735 -30011
18440 -62725 -29484
18440 -65575 -28452
18440 -65030 -30651
18440 -65810 -30533
18440 -65575 -31114
18440 -65775 -32527
18440 -67940 -30625
18440 -63055 -29804
18440 -67600 -29333
18440 -65665 -28685
18440 -62915 -30599
18515 -66485 -28837
18515 -65850 -27487
18515 -65710 -27167
18515 -62180 -29604
18515 -63470 -29511
18515 -65910 -32495
18515 -62285 -31545
18515 -65600 -30868
18515 -65270 -29539
18515 -65100 -28537
18515 -65775 -29909
18550 -66825 -29385
18920 -65775 -28618
18920 -63740 -29473
18920 -61935 -28452
18920 -60625 -29292
18920 -60345 -30478
18920 -64830 -31066
18920 -63055 -31097
18920 -65435 -29749
18920 -62400 -31071
18920 -60555 -30354
18920 -63105 -29691
18920 -63105 -29968
18920 -62845 -29706
18920 -60015 -29448
18920 -58180 -29426
18920 -64045 -31086
18920 -63060 -29048
18920 -65235 -29668
18920 -61720 -29881
18920 -65435 -30550
18920 -62600 -27988
18920 -63690 -28943
18920 -63580 -30073
18920 -62375 -30553
18920 -61940 -29812
18920 -64940 -29505
18920 -64865 -28408
18920 -65910 -30327
18920 -66935 -28811
18920 -64595 -27276
18920 -66930 -28842
18920 -65060 -28533
18920 -64010 -25930
18920 -62140 -28285
18920 -59810 -27800
18920 -62880 -29770
18920 -63200 -28772
18920 -62400 -28180
18920 -60680 -27088
18920 -64045 -30185
18920 -60120 -30145
18920 -63825 -31101
18920 -62630 -28202
18920 -62790 -28694
18960 -62370 -28444
18960 -60785 -29122
18960 -59400 -30058
18960 -63065 -30390
18960 -62715 -31109
18960 -62030 -30656
18960 -62080 -29984
18960 -68005 -29526
18960 -62110 -30788
18960 -61810 -28545
18960 -63055 -28532
18960 -61115 -29681
18960 -62375 -27067
18960 -62080 -28332
18960 -62080 -29502
18960 -62080 -30331
18960 -61905 -28192
18960 -66655 -28467
18960 -62990 -30624
18960 -60320 -32120
18960 -60795 -29167
18960 -65365 -31256
18960 -63615 -28678
18960 -59260 -29942
18960 -61810 -29021
18960 -65370 -28381
18960 -62610 -27826
18960 -66685 -28797
18960 -61000 -27480
18960 -60105 -29411
18960 -62490 -29937
18960 -59585 -28580
18960 -62205 -30013
18960 -61820 -29624
18960 -62240 -30589
18960 -62950 -28555
18960 -62080 -29070
18960 -66625 -28639
18960 -62330 -27234
18960 -63010 -27678
18960 -66315 -28984
18960 -63775 -28150
18960 -63710 -28948
18960 -61965 -26347
18960 -60040 -27951
18960 -62170 -26683
18960 -63440 -27775
18960 -61980 -28347
18960 -62585 -25986
18960 -62790 -27288
18960 -63575 -26263
18960 -62305 -26458
18960 -65505 -25723
18960 -63060 -22942
18960 -62150 -21959
18960 -57770 -23439
18960 -59950 -22092
18960 -62375 -26742
18960 -62990 -26888
18960 -62950 -25233
18960 -60585 -24625
18960 -61240 -27876
18960 -62570 -23742
18960 -61585 -25740
18960 -59960 -24850
18960 -62080 -27052
18960 -63740 -29011
18960 -62050 -26625
18960 -59910 -28299
18960 -64390 -29278
18960 -64500 -29060
18960 -65330 -30273
18960 -62830 -30133
18960 -66045 -26663
18960 -65310 -26022
18960 -63135 -25471
18960 -62080 -25986
18960 -65060 -25784
18960 -62950 -25840
18960 -62015 -26040
18960 -63830 -26270
18960 -62305 -26143
18960 -56770 -26996
18960 -62165 -24306
18960 -62215 -26754
18960 -61810 -25868
18960 -60210 -24403
18960 -62005 -24762
18960 -61880 -23938
18960 -61425 -26232
18960 -61320 -23183
18960 -63655 -23008
18960 -62575 -23872
18960 -62170 -24246
18960 -62640 -24094
18960 -61735 -25433
18960 -67395 -23209
18960 -56980 -23818
18960 -61405 -22917
19150 -59745 -21924
19150 -65330 -23458
19150 -59680 -23062
19150 -60510 -22946
19150 -64460 -23283
19150 -58625 -22285
19150 -67500 -23397
19150 -63375 -22819
19150 -62730 -22445
19150 -61815 -21917
19150 -61540 -23017
19150 -62080 -21821
19150 -60480 -22293
19150 -64130 -23802
19150 -61865 -23797
19150 -63060 -24587
19150 -62080 -25710
19150 -62575 -25764
19150 -59525 -24552
19150 -60345 -24313
19150 -63220 -21765
19150 -63810 -21755
19150 -62490 -22305
19150 -63010 -24000
19150 -67770 -22639
19150 -65510 -24860
19150 -62845 -22131
19150 -59020 -22095
19150 -62495 -21558
19150 -62240 -22740
19150 -60675 -19597
19150 -63105 -22574
19150 -61770 -22584
19150 -61900 -24104
19150 -64740 -23552
19150 -59420 -24301
19150 -62540 -22749
19150 -61610 -21892
19150 -65595 -18346
19150 -61540 -20916
19150 -62855 -19297
19150 -65060 -22195
19150 -61510 -19945
19150 -62250 -21303
19150 -63165 -21765
19150 -61980 -22490
19150 -61480 -21292
19150 -63060 -24054
19150 -62645 -21398
19150 -60710 -20390
19150 -61650 -19905
19150 -61630 -21726
19150 -62810 -20015
19150 -61680 -19557
19150 -61830 -21618
19150 -62900 -21877
19150 -62120 -21565
19150 -65190 -22679
19150 -62785 -23784
19150 -61365 -22734
19150 -61900 -21174
19150 -62740 -20401
19150 -68035 -25200
19150 -60700 -24366
19150 -62795 -19855
19150 -60450 -20189
19150 -61790 -21465
19150 -64940 -18537
19175 -61895 -21015
19175 -61680 -19239
19175 -59535 -19791
19175 -60025 -19118
19175 -60435 -21139
19175 -64155 -23105
19250 -65060 -24254
19250 -61880 -22065
19250 -62370 -22605
19250 -62215 -20962
19250 -65395 -24863
19250 -62305 -22683
19250 -62845 -23780
19250 -60580 -23153
19250 -67090 -19498
19250 -62470 -20187
19250 -62365 -18902
19250 -61875 -21143
19250 -66185 -19833
19250 -64695 -19913
19250 -60430 -18691
19250 -62260 -19298
19250 -62410 -19825
19250 -63170 -18010
19250 -65435 -19777
19250 -62200 -19861
19250 -62080 -18938
19250 -62155 -18302
19250 -62950 -16960
19250 -62985 -18167
19250 -66795 -18351
19250 -62670 -18730
19250 -62545 -17339
19250 -64935 -15941
19250 -62140 -17410
19250 -65330 -20985
19250 -65070 -17723
19250 -62035 -19239
19250 -66450 -21923
19250 -63055 -21982
19250 -62770 -20711
19250 -63055 -20885
19250 -61880 -19236
19250 -60245 -18773
19250 -67500 -19155
19250 -63420 -21089
19250 -63550 -19304
19250 -65505 -19849
19250 -61915 -17923
19250 -66315 -17609
19250 -63265 -16513
19250 -66215 -19183
19250 -62740 -17658
19250 -62250 -17045
19250 -64010 -20212
19250 -60515 -21361
19250 -62635 -17567
19250 -62700 -19008
19250 -64125 -20050
19250 -63445 -19000
19250 -62175 -17883
19250 -61780 -19099
19250 -61690 -17460
19250 -65370 -17632
19250 -61445 -19881
19250 -61010 -19865
19250 -63245 -19172
19250 -62635 -21557
19250 -67395 -20896
19250 -67530 -19325
19250 -60295 -17726
19250 -65100 -19829
19250 -61485 -17831
19250 -62065 -17121
19250 -64695 -19224
19250 -62215 -17179
19250 -65910 -16679
19250 -62135 -16094
19250 -64595 -14811
19250 -61610 -17371
19250 -63415 -17864
19250 -63170 -15665
19250 -55685 -14118
19250 -59050 -13478
19250 -63145 -16144
19250 -59835 -17390
19250 -62680 -17929
19250 -58980 -17018
19250 -62895 -16207
19250 -61970 -16507
19250 -59130 -15284
19250 -61595 -15352
19250 -63825 -18932
19250 -64950 -17674
19250 -62520 -16167
19250 -65100 -16844
19250 -62960 -15805
19250 -64010 -15495
19250 -63740 -16953
19250 -64030 -16556
19250 -64010 -15310
19250 -61245 -15274
19250 -63920 -17478
19250 -65370 -15760
19250 -62310 -13798
19250 -64515 -15741
19250 -62575 -14216
19250 -61805 -16187
19750 -62260 -13917
19750 -61280 -14571
19750 -61835 -14863
19750 -60495 -15370
19750 -61250 -16133
19750 -59380 -14914
19750 -61065 -14709
19750 -57300 -18013
19750 -61780 -13756
19750 -60355 -12475
19750 -59735 -12831
19950 -62095 -15670
19950 -62465 -13885
19950 -61610 -13424
19950 -62770 -13858
19950 -61880 -13771
19950 -62680 -14614
19950 -62740 -14804
19950 -63775 -14741
19950 -60690 -13390
19950 -61635 -14034
19950 -67260 -12666
19950 -63275 -12998
19950 -65955 -12572
19950 -55675 -15053
19950 -65100 -17598
19950 -67530 -15566
19950 -61990 -13807
19950 -61510 -12573
19950 -61015 -12614
19950 -61540 -13243
19950 -63470 -15429
19950 -61710 -14725
19950 -62080 -12978
19950 -63775 -15056
19950 -65175 -14863
19950 -56380 -15171
19950 -55475 -14014
19950 -59940 -14207
19950 -62670 -11984
19950 -61410 -11044
19950 -62105 -11625
19950 -60555 -12142
19950 -60480 -11369
19950 -57640 -10061
19950 -62785 -9900
19950 -62200 -12386
19950 -62260 -15320
19950 -61920 -14975
19950 -63885 -12963
19950 -60510 -13305
19950 -66585 -13344
19950 -62080 -13707
19950 -60310 -13893
19950 -65435 -14665
19950 -64700 -13104
19950 -61980 -11777
19950 -63540 -9972
19950 -62570 -11398
19950 -63315 -8468
19950 -62680 -8254
19950 -57870 -7648
19950 -61880 -7772
19950 -59770 -9545
19950 -61170 -9939
19950 -65235 -14296
19950 -60510 -12328
19950 -61375 -8972
19950 -55710 -7206
19950 -62080 -8584
19950 -60640 -10822
19950 -57910 -10653
19950 -61810 -11355
19950 -60930 -8110
19950 -59035 -10989
19950 -60390 -11444
19950 -65875 -13806
19950 -57230 -12044
19950 -62670 -11187
19950 -62785 -9834
19950 -57230 -11443
19950 -67395 -8267
19950 -57155 -8552
19950 -61440 -5936
19950 -60630 -6801
19950 -54670 -8817
19950 -60330 -9363
19950 -60510 -10225
19950 -61810 -8622
19950 -56015 -6649
19950 -60795 -4795
19950 -55685 -2446
19950 -60785 -3702
20015 -59650 -729
20015 -62080 -4360
20015 -54340 -4834
20015 -62985 -6257
20015 -62975 -8619
20015 -61310 -6302
20015 -59445 -7068
20015 -61810 -9025
20015 -53130 -7216
20015 -52485 -9092
20015 -58450 -8549
20015 -56810 -8087
20015 -55970 -7313
20015 -59275 -8817
20015 -60940 -3648
20015 -61810 -5952
20015 -54455 -7110
20015 -54710 -8375
20015 -53345 -5818
20015 -60580 -7159
20015 -61880 -9655
20015 -59140 -6736
20015 -62785 -8663
20015 -58330 -5507
20015 -59650 -2451
20015 -62080 -4765
20015 -59745 -3993
20015 -61680 -6170
20015 -51410 -3946
20015 -59180 -4394
20015 -54430 -5916
20015 -56085 -7331
20015 -61545 -5898
20015 -57645 -5758
20015 -56785 -5937
20015 -60390 -4712
20015 -58920 -2311
20015 -55745 -3264
20015 -56090 367
20015 -64020 -3185
45475 -55745 86
45475 -62200 -3720
45805 -53415 840
45805 -59290 -2045
45805 -59275 -1021
45805 -57535 -231
46735 -62080 117
46735 -61440 2548
46735 -57365 2903
46735 -57670 4371
46925 -53885 11232
46925 -67935 12637
46925 -50710 14965
46925 -54340 14975
46925 -57645 17167
46925 -53690 15983
46925 -59550 14404
46925 -61340 17680
46925 -51410 18828
46925 -65330 16917
46925 -51200 19090
46925 -54410 16954
46925 -62080 20292
46925 -67530 17191
46925 -61980 15952
46925 -59010 15611
46925 -59110 17789
46925 -61510 22357
46925 -59730 21122
46925 -59810 18837
46925 -58415 16936
46925 -61810 16695
46925 -61985 16157
46925 -59650 16308
46925 -52530 16074
46925 -61710 14767
46925 -51875 14899
46925 -57005 17056
46925 -49045 20383
46925 -65600 17162
46925 -61725 16242
46925 -52720 15413
46925 -59380 17556
46925 -48160 17134
46925 -59980 17557
46925 -48285 20144
46925 -52040 17679
46925 -61690 18133
46925 -46670 18986
46925 -54185 20786
46925 -52785 20912
46925 -54535 18981
46925 -60510 22795
46925 -59155 23527
46925 -47560 24745
46925 -55720 23986
46925 -28410 23702
46925 -56075 21421
46925 -58470 20375
46925 -49200 19643
46925 -66555 24614
46925 -59650 20417
46925 -58375 21951
46925 -59110 21191
46925 -59650 23026
46925 -55175 21808
46925 -48485 20083
46925 -60720 18765
46925 -54335 19138
46925 -59650 21235
46925 -60680 19636
46925 -59110 18528
46925 -50610 21429
46925 -57650 21463
46925 -59110 21162
46925 -62975 19780
46925 -63615 18534
46925 -53955 23391
46925 -63620 20854
46925 -59650 19584
46925 -51510 23058
46925 -29855 24812
46925 -59110 22412
46925 -64490 22634
46925 -51525 22768
46925 -58410 20344
46925 -49560 23556
46925 -61385 22907
46925 -59255 22413
46925 -57230 23269
46925 -35215 22857
46925 -55940 20821
46925 -59650 24950
46925 -51410 25263
46925 -55715 24818
46925 -68070 26335
46925 -50810 23869
46925 -53915 20937
46925 -50375 20346
46925 -50160 20661
46925 -55130 17544
46925 -48160 20153
46925 -53115 19900
46925 -29855 24979
46925 -63750 21358
46925 -50115 19853
46925 -65910 18351
46925 -52935 22800
46925 -57500 20484
46925 -51410 24938
46925 -26700 28968
46925 -54735 22968
46925 -51520 29496
46925 -61610 28285
46925 -49520 27537
46925 -59110 30281
46925 -55340 29736
46925 -51510 29880
46925 -46860 28280
46925 -49830 29372
46925 -50840 29854
46925 -49520 32936
46925 -50110 25438
46925 -49620 26955
46925 -54625 25996
46925 -49520 28442
46925 -59110 26940
46925 -54035 28105
46925 -55395 29512
46925 -54200 30389
46925 -62080 27345
46925 -59110 25543
46925 -55280 24280
46925 -49620 31361
46925 -55610 27923
46925 -60630 27949
46925 -52180 27094
46925 -41710 30028
46925 -60525 24272
46925 -60415 26714
46925 -58660 29629
46925 -54125 28619
46925 -57330 25330
46925 -45215 28521
46925 -55280 30978
46925 -53950 32932
46925 -58645 32294
46925 -65370 28577
46925 -49320 33147
46925 -55510 31282
46925 -50385 32239
46925 -51320 31223
46925 -29585 35151
46925 -49605 34240
46925 -58260 30713
46925 -51300 31974
46925 -59080 31869
46925 -29855 32337
46925 -47660 34411
46925 -56090 30149
46925 -60510 30049
46925 -59110 29932
46925 -59110 30690
46925 -60565 32313
46925 -58240 33144
46925 -59110 31306
46925 -47660 31315
46925 -53200 34061
46925 -59110 31745
46925 -59110 33075
46925 -26885 34706
46925 -60415 35025
46925 -62470 33931
46925 -52520 31026
46925 -49460 35644
46925 -29655 35390
46925 -52065 37791
46925 -51050 33808
46925 -29855 34734
46925 -53750 36070
46925 -29585 35091
46925 -50325 37248
46925 -61610 34833
46925 -50325 33162
46925 -57465 33662
46925 -55685 36042
46925 -53395 37962
46925 -50540 35231
46925 -61375 38738
46925 -51065 35679
46925 -60625 32775
46925 -29855 35034
46925 -52685 34539
46925 -58720 36078
46925 -53615 33793
46925 -53065 31915
46925 -20995 33984
46925 -21545 37189
46925 -55535 35981
46925 -29655 35378
46925 -62715 36768
46925 -59875 33941
46925 -53615 32845
46925 -27425 35648
46925 -56245 36033
46925 -52125 31719
46925 -52070 37966
46925 -53615 36709
46925 -26545 38140
46925 -21875 37632
46925 -54200 37765
46925 -52245 36770
46925 -55265 37010
46925 -27425 38049
46925 -53930 35484
46925 -60120 36788
46925 -50205 38616
46925 -24795 40308
46925 -19285 38249
46925 -19210 41226
46925 -25720 38191
46925 -47715 36664
46925 -26825 37992
46925 -46660 34292
46925 -55415 37942
46925 -50430 36698
46925 -17135 40886
46925 -53280 37236
46925 -23830 38351
46925 -53080 38356
46925 -26885 38380
46925 -47475 36412
46925 -55280 37591
46925 -55265 38205
46925 -26245 36956
46925 -62975 33983
46925 -24305 34216
46925 -52275 37181
46925 -50220 40533
46925 -57355 42127
46925 -24375 40066
46925 -15390 41511
46925 -55820 37986
46925 -47685 42776
46925 -24375 41947
46925 -50490 39943
46925 -19455 42495
46925 -17805 39972
46925 -20740 41617
46925 -18935 42314
46925 -26245 38652
46925 -21875 41682
46925 -52535 42563
46925 -27425 40205
46925 -19075 42069
46925 -26245 41173
46925 -26885 38989
46925 -29855 42920
46925 -28275 38736
46925 -20895 42277
46925 -21875 41441
46925 -29315 40814
46925 -21245 41189
46925 -27425 40233
46925 -21455 39446
46925 -49830 38645
46925 -27425 39122
46925 -52660 39531
46925 -59445 41768
46925 -19075 44014
46925 -22550 43258
46925 -21810 43823
46925 -19550 43554
46925 -7045 45591
46925 -15335 43038
46925 -25885 43674
46925 -15535 43402
46925 -58370 41492
46925 -17605 43618
46925 -59445 42465
46925 -26885 43203
46925 11145 44294
46925 -19075 44383
46925 -12180 44033
46925 -16085 45094
46925 -26885 42630
46925 11175 44197
46925 -60085 43264
46925 -12970 42741
46925 8845 44874
46925 9670 43758
46925 -19285 42851
46925 -21265 42973
46925 -59010 41188
46925 8980 44689
46925 -54185 43599
46925 -27625 44020
46925 -15945 44156
46925 -17200 45026
46925 -15155 45985
46925 -26815 44567
46925 13830 46449
46925 -27425 45898
46925 13830 46001
46925 15600 46474
46925 12360 46442
46925 13830 46668
46925 -16975 46189
46925 -50385 44752
46925 -50385 45703
46925 -15715 45037
46925 8710 46118
46925 -19075 44742
46925 8845 45206
46925 -15575 45435
46925 -26885 44858
46925 -15715 46231
46925 -50385 44073
46925 -16975 45080
46925 16775 46482
46925 12900 45999
46925 12225 46202
46925 -4415 45853
46925 -17335 46166
46925 -50385 45499
46925 -60085 44450
46925 11280 45470
46925 11145 45966
46925 -50385 45494
46925 -2095 45863
46925 -60085 46126
46925 46925 46925
46925 46925 46925
46925 46925 46925
46925 -60085 46126
46925 46925 46925
46925 46925 46925
46925 46925 46925
46925 46925 46925
46925 46925 46925
46925 46925 46925
46925 46925 46925
46925 -50385 46199
46925 -60085 45328
46925 46925 46925
46925 46925 46925
46925 46925 46925
46925 46925 46925
46925 -50385 46199
46925 46925 46925
46925 -60085 46126
46925 -60085 46126
46925 46925 46925
46925 46925 46925
46925 46925 46925
46925 -60085 46126
46925 46925 46925
46925 -60085 46126
46925 46925 46925
46925 46925 46925
46925 -60085 46126
46925 46925 46925
46925 46925 46925
46925 -60085 46126
46925 46925 46925
46925 46925 46925
46925 46925 46925
46925 46925 46925
46925 46925 46925
46925 46925 46925
46925 -60085 46126
46925 46925 46925
46925 46925 46925
46925 46925 46925
46925 46925 46925
46925 46925 46925
46925 46925 46925
46925 46925 46925
46925 -60085 45328
46925 46925 46925
46925 46925 46925
46925 -60085 46126
46925 46925 46925
46925 46925 46925
46925 46925 46925
46925 46925 46925
46925 -60085 46126
46925 46925 46925
46925 -60085 46126
46925 46925 46925
46925 46925 46925
46925 46925 46925
46925 -60085 46126
46925 46925 46925
46925 -60085 46126
46925 46925 46925
46925 46925 46925
46925 -60085 46126
46925 46925 46925
46925 46925 46925
46925 46925 46925
46925 46925 46925
46925 46925 46925
46925 46925 46925
46925 46925 46925
46925 46925 46925
46925 46925 46925
46925 46925 46925
46925 46925 46925
46925 46925 46925
46925 46925 46925
46925 46925 46925
46925 46925 46925
46925 46925 46925
46925 46925 46925
46925 46925 46925
46925 46925 46925
46925 46925 46925
46925 46925 46925
46925 -60085 46126
46925 46925 46925
46925 46925 46925
46925 46925 46925
46925 46925 46925
46925 -60085 46126
46925 -60085 46126
46925 46925 46925
46925 46925 46925
46925 -60085 46126
46925 -60085 46126
46925 46925 46925
46925 46925 46925
46925 46925 46925
46925 46925 46925
46925 46925 46925
46925 46925 46925
46925 46925 46925
46925 -60085 46126
46925 46925 46925
46925 -60085 46126
46925 46925 46925
46925 46925 46925
46925 46925 46925
46925 46925 46925
46925 -60085 46126
46925 46925 46925
46925 46925 46925
46925 46925 46925
46925 46925 46925
46925 46925 46925
46925 46925 46925
46925 46925 46925
46925 46925 46925
46925 46925 46925
46925 46925 46925
46925 46925 46925
46925 46925 46925
46925 46925 46925
46925 46925 46925
46925 46925 46925
46925 -60085 46126
46925 -60085 46126
46925 46925 46925
46925 46925 46925
46925 -60085 46126
46925 46925 46925
46925 46925 46925
46925 46925 46925
46925 46925 46925
46925 46925 46925
46925 46925 46925
46925 46925 46925
46925 46925 46925
46925 46925 46925
46925 46925 46925
46925 46925 46925
46925 46925 46925
46925 -60085 46126
46925 46925 46925
46925 46925 46925
46925 46925 46925
46925 46925 46925
46925 46925 46925
46925 46925 46925
46925 46925 46925
46925 46925 46925
46925 46925 46925
46925 46925 46925
46925 -60085 46126
46925 -60085 46126
46925 46925 46925
46925 -60085 46126
46925 -60085 46126
46925 46925 46925
46925 46925 46925
46925 46925 46925
46925 46925 46925
46925 -60085 46126
46925 -60085 45328
46925 46925 46925
46925 46925 46925
46925 -60085 46126
46925 46925 46925
46925 46925 46925
46925 -60085 46126
46925 46925 46925
46925 46925 46925
46925 -60085 46126
46925 -60085 45328
46925 46925 46925
46925 -60085 46126
46925 -60085 46126
46925 46925 46925
46925 46925 46925
46925 46925 46925
46925 46925 46925
46925 -60085 46126
46925 46925 46925
46925 46925 46925
46925 46925 46925
46925 -60085 46126
46925 46925 46925
46925 46925 46925
46925 46925 46925
46925 -60085 46126
46925 46925 46925
46925 46925 46925
46925 -60085 46126
46925 46925 46925
46925 -60085 46126
46925 -60085 46126
46925 46925 46925
46925 46925 46925
46925 -60085 46126
46925 -60085 45328
46925 46925 46925
46925 46925 46925
46925 -60085 46126
46925 46925 46925
46925 46925 46925
46925 46925 46925
46925 46925 46925
46925 46925 46925
46925 -60085 45328
46925 46925 46925
46925 -60085 46126
46925 -60085 45328
46925 46925 46925
46925 46925 46925
46925 46925 46925
46925 -60085 46126
46925 46925 46925
46925 -60085 46126
46925 -60085 46126
46925 46925 46925
46925 46925 46925
46925 46925 46925
46925 -60085 46126
46925 -60085 46126
46925 -60085 46126
46925 -60085 46126
46925 -60085 46126
46925 46925 46925
46925 46925 46925
46925 46925 46925
46925 46925 46925
46925 46925 46925
46925 46925 46925
46925 46925 46925
46925 46925 46925
46925 46925 46925
46925 -60085 46126
46925 46925 46925
46925 46925 46925
46925 -60085 45328
46925 46925 46925
46925 46925 46925
46925 46925 46925
46925 46925 46925
46925 -60085 46126
46925 46925 46925
46925 46925 46925
46925 46925 46925
46925 46925 46925
46925 46925 46925
46925 46925 46925
46925 46925 46925
46925 46925 46925
46925 46925 46925
46925 46925 46925
46925 46925 46925
46925 46925 46925
46925 46925 46925
46925 46925 46925
46925 46925 46925
46925 46925 46925
46925 46925 46925
46925 -60085 46126
46925 46925 46925
46925 46925 46925
46925 46925 46925
46925 46925 46925
46925 46925 46925
46925 -60085 46126
46925 46925 46925
46925 46925 46925
46925 46925 46925
46925 46925 46925
46925 46925 46925
46925 -60085 46126
46925 46925 46925
46925 46925 46925
46925 46925 46925
46925 46925 46925
46925 46925 46925
46925 46925 46925
46925 46925 46925
46925 46925 46925
46925 46925 46925
46925 -60085 46126
46925 46925 46925
46925 46925 46925
46925 46925 46925
46925 46925 46925
46925 46925 46925
46925 46925 46925
46925 -60085 46126
46925 46925 46925
46925 46925 46925
46925 46925 46925
46925 46925 46925
46925 -60085 46126
46925 46925 46925
46925 -60085 46126
46925 -60085 46126
46925 46925 46925
46925 46925 46925
46925 46925 46925
46925 46925 46925
46925 -60085 46126
46925 46925 46925
46925 46925 46925
46925 -60085 46126
46925 -60085 46126
46925 46925 46925
46925 46925 46925
46925 46925 46925
46925 -60085 46126
46925 46925 46925
46925 46925 46925
46925 46925 46925
46925 46925 46925
46925 46925 46925
46925 46925 46925
46925 -60085 45328
46925 -60085 46126
46925 46925 46925
46925 46925 46925
46925 46925 46925
46925 46925 46925
46925 46925 46925
46925 46925 46925
46925 46925 46925
46925 46925 46925
46925 46925 46925
46925 46925 46925
46925 46925 46925
46925 46925 46925
46925 46925 46925
46925 46925 46925
46925 46925 46925
46925 46925 46925
46925 -60085 46126
46925 46925 46925
46925 46925 46925
46925 -60085 46126
46925 46925 46925
46925 46925 46925
46925 -60085 46126
46925 46925 46925
46925 46925 46925
46925 46925 46925
46925 -60085 45328
46925 46925 46925
46925 -60085 46126
46925 46925 46925
46925 46925 46925
46925 46925 46925
46925 46925 46925
46925 46925 46925
46925 -60085 46126
46925 46925 46925
46925 46925 46925
46925 46925 46925
46925 46925 46925
46925 46925 46925
46925 46925 46925
46925 46925 46925
46925 46925 46925
46925 46925 46925
46925 46925 46925
46925 46925 46925
46925 46925 46925
46925 46925 46925
46925 46925 46925
46925 46925 46925
46925 46925 46925
46925 46925 46925
46925 46925 46925
46925 46925 46925
46925 46925 46925
46925 -60085 46126
46925 46925 46925
46925 -60085 45328
46925 -60085 46126
46925 46925 46925
46925 46925 46925
46925 46925 46925
46925 -60085 46126
46925 46925 46925
46925 -60085 46126
46925 46925 46925
46925 46925 46925
46925 46925 46925
46925 46925 46925
46925 46925 46925
46925 46925 46925
46925 46925 46925
46925 -60085 45328
46925 46925 46925
46925 46925 46925
46925 46925 46925
46925 46925 46925
46925 46925 46925
46925 46925 46925
46925 46925 46925
46925 46925 46925
46925 46925 46925
46925 46925 46925
46925 -60085 46126
46925 46925 46925
46925 46925 46925
46925 46925 46925
46925 46925 46925
46925 46925 46925
46925 46925 46925
46925 46925 46925
46925 -60085 46126
46925 46925 46925
46925 46925 46925
46925 46925 46925
46925 46925 46925
46925 46925 46925
46925 46925 46925
46925 -60085 46126
46925 46925 46925
46925 46925 46925
46925 -60085 46126
46925 -60085 46126
46925 46925 46925
46925 46925 46925
46925 46925 46925
46925 46925 46925
46925 46925 46925
46925 46925 46925
46925 -60085 46126
46925 -60085 45328
46925 -60085 46126
46925 -60085 46126
46925 -60085 46126
46925 46925 46925
46925 46925 46925
46925 -60085 46126
46925 46925 46925
46925 46925 46925
46925 -60085 46126
46925 46925 46925
46925 46925 46925
46925 46925 46925
46925 -60085 46126
46925 46925 46925
46925 46925 46925
46925 46925 46925
46925 46925 46925
46925 46925 46925
46925 46925 46925
46925 46925 46925
46925 46925 46925
46925 46925 46925
46925 -60085 45328
46925 46925 46925
46925 46925 46925
46925 -60085 46126
46925 46925 46925
46925 -60085 45328
46925 46925 46925
46925 -60085 46126
46925 46925 46925
46925 46925 46925
46925 -60085 46126
46925 46925 46925
46925 -60085 46126
46925 -60085 46126
46925 -60085 46126
46925 -60085 46126
46925 46925 46925
-60630 -50810 -58187
-46120 -63060 -53599
-44805 -63060 -51883
-44805 -65600 -51729
-44805 -62715 -51422
-44805 -62785 -51342
-43165 -65065 -51362
-43165 -62590 -51162
-43165 -67410 -51250
-17155 -65330 -50832
-17155 -68070 -51176
-17155 -64825 -50813
-17155 -62985 -50388
-17155 -65600 -50076
-15665 -67800 -49537
-15565 -67970 -50057
-15565 -65640 -49096
-15565 -65710 -48758
-15565 -66450 -48061
-15565 -62985 -48297
-15565 -66290 -48320
-15565 -63110 -48840
-14690 -63055 -48515
-14690 -63105 -48111
-14690 -62590 -47917
-14690 -65330 -47773
-14690 -63060 -47318
-14690 -65955 -46788
-14690 -63810 -47216
-14690 -63060 -47954
-14690 -62970 -47561
-14690 -62620 -47775
-14690 -65600 -48024
-14690 -64380 -47345
-14690 -65465 -47931
-14690 -67935 -47537
-14690 -65710 -48187
-14690 -67025 -47543
-14690 -64010 -48238
-14690 -65810 -48505
-14690 -62860 -47135
-14690 -65330 -47204
-14690 -63785 -46676
-14690 -65600 -46664
-14690 -64050 -46445
-14690 -68210 -47785
-14690 -68040 -47099
-14690 -62320 -47563
-14690 -66810 -48155
-14690 -65070 -47894
-14690 -66980 -47732
-14690 -63055 -47843
-14690 -64590 -47101
-14690 -63055 -46656
-14690 -66455 -46597
-14690 -65775 -47405
-14690 -67940 -46474
-14690 -66105 -47329
-14690 -63945 -46909
-14690 -65665 -47650
-14690 -67800 -47435
-14690 -62990 -47088
-14690 -63060 -46839
-14690 -68005 -47147
-14690 -66485 -47140
-14540 -66340 -47010
-14540 -62985 -47040
-14540 -63060 -47281
-14540 -63775 -45617
-14540 -68340 -46215
-14540 -67565 -46161
-14540 -68040 -46516
-14540 -68070 -46571
-14540 -66170 -46250
-14540 -67705 -46082
-14540 -65810 -44964
-14540 -65640 -45991
-14540 -67465 -45376
-14540 -64045 -45331
-14540 -68140 -46518
-14540 -66930 -47329
-14540 -67430 -46659
-14540 -68070 -46528
-14540 -62790 -46614
-14540 -67970 -47070
-14540 -62785 -46945
-14540 -65600 -47316
-14540 -67970 -48116
-12910 -62275 -47874
-12910 -67800 -48006
-12910 -64330 -47807
-12910 -62970 -48540
-12910 -65475 -48209
-12910 -65405 -47922
-12910 -68340 -47492
-12910 -65910 -47498
-12910 -62015 -47326
-12910 -65210 -46288
-12910 -68140 -46154
-12910 -62900 -46449
-12910 -63055 -45785
-12910 -64045 -45610
-12910 -62900 -45453
-12910 -62845 -45740
-12910 -67800 -45794
-12910 -64690 -45747
-12910 -63055 -46513
-12910 -65910 -46033
-12910 -67700 -45900
-12910 -67740 -46482
-12910 -67905 -46455
-12910 -68070 -45040
-12910 -68175 -46192
-12910 -67700 -47291
-12910 -67835 -46560
-12910 -68340 -46161
-12910 -67800 -45257
-12910 -62310 -44943
-12910 -64330 -46079
-12910 -65600 -46343
-12910 -68070 -46963
-12910 -68210 -46461
-12910 -66315 -45699
-12910 -65495 -45618
-12910 -65750 -45726
-12910 -67095 -45892
-12910 -63775 -45100
-12910 -65910 -45690
-12910 -68340 -45403
-12910 -65600 -45638
-12910 -64085 -46385
-12910 -65910 -46444
-12910 -67870 -47427
-12910 -68070 -47730
-12910 -68210 -47530
-12910 -67810 -46312
-12910 -65600 -46260
-12910 -65640 -46027
-12910 -65365 -46338
-12910 -66855 -46858
-12910 -67845 -46546
-12910 -65710 -46634
-12910 -64045 -44688
-12910 -64265 -44382
-12910 -67160 -44949
-12910 -65490 -44970
-12910 -67935 -44270
-12910 -65600 -44737
-12910 -68070 -46179
-12910 -65600 -45669
-12910 -62370 -44628
-12910 -62790 -44449
-12910 -68340 -45209
-12910 -65600 -45781
-12910 -65600 -45486
-12910 -65600 -44793
-12910 -68340 -45084
-12910 -68080 -44449
-12910 -65270 -44131
-12910 -67535 -44307
-12910 -64695 -44787
-12910 -63060 -44333
-12910 -64045 -43924
-12910 -65330 -45280
-12910 -65440 -45349
-12910 -66995 -44841
-12910 -67730 -44133
-12910 -68010 -43063
-12910 -65600 -42927
-12910 -64265 -42740
-12910 -68210 -42910
-12910 -65600 -45086
-12910 -68340 -45314
-12910 -67565 -45753
-12910 -67530 -45762
-12910 -66780 -45915
-12555 -67805 -44916
-12555 -67935 -44856
-12555 -68240 -46140
-12555 -66415 -44683
-12555 -68070 -44820
-12555 -66485 -44762
-12555 -67330 -44161
-12555 -68240 -44985
-12555 -65505 -45362
-12555 -68070 -45161
-12555 -66385 -45320
-12555 -68210 -44157
-12555 -61850 -44493
-12555 -68340 -43569
-12555 -62790 -43880
-12555 -67735 -42811
-12555 -68070 -42089
-12555 -66460 -44565
-12555 -64640 -44049
-12555 -67970 -44744
-12555 -68210 -43560
-12555 -65255 -42734
-12555 -63775 -42586
-12555 -64695 -42696
-12555 -65710 -43901
-12555 -63710 -43285
-12555 -68240 -43235
-12555 -61540 -42149
-12555 -64200 -43348
-12555 -65130 -44021
-12555 -64045 -43832
-12555 -66495 -43682
-12555 -67465 -44284
-12555 -62065 -43287
-12555 -67530 -43243
-12555 -65330 -43627
-12555 -68070 -43756
-12555 -67935 -44379
-12555 -65370 -43404
-12555 -68070 -43915
-12555 -65600 -43513
-12515 -62015 -44123
-12515 -65910 -43477
-12515 -68070 -45715
-12515 -65445 -44800
-12515 -67130 -44361
-12515 -63060 -44264
-12515 -65330 -44980
-12515 -66255 -45274
-12515 -65240 -45302
-12515 -65775 -44483
-12515 -62845 -44402
-12515 -65400 -45396
-12515 -66315 -45093
-12515 -67230 -44711
-12515 -67730 -44111
-12515 -67470 -44154
-12515 -66725 -43829
-12515 -66835 -44674
-12515 -64150 -45815
-12515 -62950 -46457
-12515 -66645 -44849
-12515 -67230 -44864
-12515 -67700 -44006
-12515 -66355 -43711
-12515 -61980 -44891
-12410 -66720 -44324
-12410 -67935 -43685
-12410 -67230 -43817
-12410 -64045 -42903
-11820 -66485 -43871
-11820 -67600 -42498
-11820 -62790 -41421
-11820 -60795 -42346
-11820 -65715 -42711
-11820 -63595 -42125
-11820 -67600 -41485
-11820 -65235 -42701
-11820 -65840 -41186
-11820 -68205 -41081
-11820 -65640 -40806
-11820 -67665 -41933
-11820 -62985 -42886
-11820 -65910 -43460
-11820 -65810 -43559
-11820 -65705 -43304
-11820 -68205 -43900
-11820 -67175 -43961
-11820 -62845 -43379
-11820 -62790 -42818
-11820 -68340 -43072
-11820 -68070 -43576
-11820 -61810 -42847
-11820 -62915 -43219
-11820 -64635 -43481
-11820 -68240 -43168
-11820 -62585 -42887
-11820 -67665 -43246
-11820 -66450 -42989
-11820 -67125 -43997
-11820 -62635 -43600
-11820 -62720 -42817
-11820 -66725 -44047
-11820 -66375 -43447
-11820 -65580 -41694
-11820 -63985 -41966
-11820 -62105 -42768
-11820 -62845 -42325
-11820 -65910 -43815
-11820 -62740 -42876
-11820 -62790 -41957
-11820 -62775 -41411
-11820 -62845 -42629
-11820 -62520 -42148
-11820 -63060 -42894
-11820 -67970 -43799
-11820 -62870 -44245
-11820 -64325 -43840
-11820 -62630 -41757
-11820 -66765 -42237
-11820 -61975 -42025
-11820 -63200 -41147
-11820 -68210 -42260
-11820 -65710 -43030
-11820 -63055 -43749
-11820 -64365 -42881
-11820 -67970 -43543
-11820 -65600 -43224
-11820 -65505 -44365
-11820 -67900 -43858
-11820 -63060 -43794
-11820 -68205 -43938
-11820 -65705 -44248
-11820 -62245 -43999
-11820 -62860 -42185
-11820 -67800 -41750
-11820 -67665 -43146
-11820 -67475 -42644
-11820 -68070 -42778
-11820 -64125 -42966
-11820 -68010 -41145
-11820 -66855 -42152
-11820 -64720 -42048
-11820 -64175 -41545
-11820 -62740 -40487
-11820 -61980 -41294
-11820 -66455 -41009
-11820 -66690 -42947
-11820 -63055 -43018
-11820 -62785 -41957
-11820 -67800 -42817
-11820 -65705 -42289
-11820 -64045 -40976
-11820 -68205 -40474
-11820 -65035 -40618
-11820 -67055 -40813
-11820 -64295 -40827
-11820 -66585 -41506
-11820 -68040 -40562
-11820 -62845 -42417
-11820 -62785 -41791
-11820 -68070 -43155
-11820 -68070 -41545
-11820 -63060 -41009
-11820 -61980 -42411
-11820 -63885 -42099
-11820 -62575 -42871
-11820 -65775 -42045
-11820 -61645 -41449
-11820 -62530 -40249
-11820 -62730 -41425
-11820 -61745 -41119
-11820 -62585 -40461
-11820 -62575 -39443
-11820 -65325 -39484
-11820 -63695 -40732
-11820 -64325 -40307
-11820 -64690 -40618
-11820 -67530 -41991
-11820 -62805 -42182
-11820 -63215 -42234
-9845 -67395 -41975
-9845 -64295 -41289
-9845 -65235 -40568
-9845 -65775 -42602
-9845 -62790 -42081
-9845 -63785 -40045
-9845 -65545 -40721
-9845 -62845 -40700
-9845 -66215 -41800
-9845 -65535 -41152
-9845 -62670 -41036
-9845 -62775 -39314
-9845 -65170 -39890
-9845 -67905 -41784
-9845 -67805 -42161
-9845 -62875 -41711
-9845 -63485 -42155
-9845 -67800 -42190
-9845 -63055 -42384
-9845 -65400 -42576
10145 -65330 -41589
10145 -65910 -41952
10145 -65775 -42468
10145 -65910 -42273
10145 -64530 -41426
10145 -66295 -42697
10145 -65365 -41186
10145 -61655 -40850
10145 -65235 -41010
10145 -67870 -40489
10145 -67835 -41153
10145 -67060 -40881
10145 -62080 -40423
10145 -67805 -40915
10145 -67495 -40544
10145 -67905 -43122
10145 -68070 -42123
10145 -65175 -42364
10145 -66660 -40273
10145 -67765 -39581
10145 -63055 -40541
10145 -66315 -41136
10145 -65600 -42377
10145 -65710 -42368
10145 -67465 -42086
10145 -66595 -41538
10145 -62365 -40447
10145 -65910 -39284
10145 -65515 -40900
10145 -62975 -39979
10145 -62425 -39738
10145 -65645 -40861
10145 -62705 -39464
10145 -67875 -39575
10145 -62770 -40267
10145 -61810 -41309
10145 -64095 -41585
10145 -65505 -40916
10145 -62080 -40866
10145 -67535 -40212
10145 -63915 -41248
10145 -65580 -41735
13340 -63055 -40847
13340 -67535 -38871
13340 -62740 -39763
13340 -63170 -38007
13340 -62670 -39206
13340 -62915 -39777
13340 -65580 -40310
13340 -64045 -40088
13340 -67530 -40732
13340 -63605 -40035
13340 -65405 -38994
13340 -68205 -38791
13340 -62305 -37979
15530 -68070 -38541
15530 -62845 -37986
15530 -67770 -40335
15530 -63060 -41261
15530 -65640 -41703
15530 -65595 -40589
15530 -65370 -41291
15530 -62860 -39532
15530 -62105 -38283
15530 -64915 -37908
15530 -62150 -37385
15530 -62635 -39115
15530 -63170 -39733
15530 -62985 -38630
15530 -63005 -38451
16035 -62015 -38310
16035 -62025 -36738
16035 -62950 -37728
16035 -64880 -36773
16035 -65130 -37135
16035 -63060 -38461
16035 -62845 -37849
16035 -67935 -37280
16035 -65440 -36607
16035 -62525 -34949
16035 -66315 -35013
16035 -66215 -34189
16035 -65035 -35121
16035 -66015 -35073
16035 -61985 -34943
16035 -63005 -36265
16035 -62785 -34744
16035 -66315 -34419
16035 -63885 -33755
16035 -66555 -37269
16035 -64010 -36354
16035 -65910 -35798
16035 -67120 -35914
16035 -65100 -38108
16035 -63240 -34451
16035 -67800 -33003
16035 -65235 -34171
16035 -63275 -34904
16035 -65295 -35232
16035 -62950 -35753
16035 -64040 -36365
16035 -65505 -36848
16035 -65575 -35984
16035 -62495 -34235
16035 -62080 -34104
16035 -65600 -36095
16035 -66645 -35086
16035 -64210 -36112
16035 -63415 -35883
16035 -65505 -36120
16035 -62850 -35632
16035 -65810 -36900
16035 -62845 -36844
16035 -65710 -35067
16595 -63055 -35229
16595 -62845 -34440
16595 -62735 -34765
16595 -62785 -35898
16595 -62950 -35460
16595 -62950 -34097
16595 -63140 -35306
16595 -65775 -35087
16595 -62260 -35275
16595 -62830 -34454
16595 -64055 -33704
16595 -62785 -35339
16595 -62945 -37525
16595 -61935 -35014
16595 -62110 -34342
16595 -65370 -36997
16595 -64045 -37342
16595 -62535 -34666
16595 -61715 -34063
16595 -65365 -33276
16595 -62625 -32539
16850 -65675 -33926
16850 -62515 -33137
16850 -62970 -34322
16850 -65705 -34867
16850 -62950 -35337
16850 -66045 -33214
16850 -62570 -32884
16850 -65775 -34893
16850 -64240 -34825
16850 -66015 -33309
16850 -65395 -31744
16850 -65710 -33157
16850 -64010 -33415
16850 -61180 -33146
16850 -65490 -34182
16850 -64040 -35726
16850 -63565 -37438
16850 -62750 -36469
16850 -62680 -35292
16850 -62645 -33044
16850 -63060 -32157
16850 -62110 -32390
16850 -67535 -34001
16850 -62950 -32645
16850 -62795 -34275
16850 -62790 -32135
16850 -63600 -32285
16850 -63770 -31385
16850 -68240 -32742
16850 -65600 -31779
16850 -62480 -32436
16850 -65505 -31908
16850 -65910 -31609
16850 -62215 -31232
16850 -65775 -32022
16850 -64665 -35262
16850 -63055 -33634
16850 -65270 -32025
16850 -68070 -32004
16850 -64645 -34817
16850 -63655 -33812
16850 -65145 -33404
16850 -62985 -32932
16850 -63055 -32233
16850 -65910 -35183
16850 -64935 -36543
16850 -65910 -35066
16850 -60795 -34795
16850 -65030 -34071
16850 -62170 -33841
16850 -63625 -32504
16850 -63315 -35422
16850 -68340 -36917
16850 -65135 -35060
16850 -67980 -35663
16850 -64665 -34805
16850 -65310 -33567
16850 -67530 -32814
16850 -62395 -33877
16850 -67540 -34261
16850 -65985 -34535
16850 -62600 -34625
16850 -61540 -34229
16850 -64350 -33264
16850 -63060 -33346
16850 -62195 -34109
16850 -64900 -34757
16850 -62460 -34422
16850 -62370 -31425
16850 -65270 -32118
16850 -63915 -31040
16850 -68070 -33590
16850 -65195 -33792
16850 -63055 -33407
16850 -68105 -34617
16850 -61735 -33943
16850 -63500 -34091
16850 -67260 -34073
16850 -62845 -34055
16850 -63775 -33986
16850 -65775 -34358
16850 -65970 -32251
16850 -61815 -32931
16850 -64045 -32835
16850 -66190 -32719
16850 -63570 -31350
16850 -65675 -30887
16850 -66990 -31954
16850 -65505 -30107
16850 -65290 -32752
16850 -61780 -32821
16850 -62740 -32359
16850 -62575 -34282
16850 -65365 -32860
16850 -64320 -34328
16850 -65645 -34329
16850 -62785 -34278
16850 -65880 -33296
16850 -64045 -33530
16850 -62740 -33374
16855 -60690 -33944
16855 -65060 -33761
16855 -64600 -35914
16855 -65910 -35948
16855 -66585 -34006
16855 -64835 -35841
17000 -67530 -36472
17000 -61690 -35679
17000 -62845 -34499
17000 -62785 -34401
17000 -66385 -35668
17000 -61910 -36597
17000 -68070 -36350
17000 -62735 -35361
17000 -62515 -35170
17720 -64170 -32857
17720 -67765 -34263
17720 -65270 -33087
17720 -59970 -31742
17720 -63540 -32742
17720 -62785 -31907
17785 -67540 -31631
17785 -65235 -32512
17785 -63055 -32179
17785 -65330 -33428
17785 -67230 -34685
17785 -67500 -33753
17785 -65715 -33813
17785 -62855 -33280
17785 -62790 -35182
17785 -62530 -33364
17785 -63055 -33086
17785 -67540 -32492
17785 -62470 -33159
17785 -67800 -32984
17785 -65220 -32453
17785 -62785 -33717
17785 -65055 -33033
17785 -66485 -33391
17785 -60250 -34431
17785 -67945 -32461
17785 -62545 -31658
17785 -62785 -31808
17785 -62330 -32312
17785 -62680 -32797
17785 -67370 -32853
18040 -65310 -33688
18040 -63860 -32113
18040 -62985 -32541
18040 -67935 -33377
18040 -63225 -32515
18040 -64230 -33537
18040 -67630 -33460
18040 -65035 -32609
18040 -63060 -33507
18040 -65505 -33216
18385 -64975 -33423
18385 -65110 -32409
18385 -62785 -33868
18385 -64975 -33501
18385 -62760 -32322
18385 -65370 -31076
18385 -64510 -33470
18385 -63350 -32285
18385 -63170 -31444
18385 -66390 -33428
18385 -61810 -33829
18385 -65780 -33923
18385 -64830 -32774
18385 -65575 -33411
18385 -65505 -32623
18385 -65580 -34902
18385 -60685 -33101
18385 -68070 -32863
18385 -65130 -31917
18385 -65400 -31794
18385 -65240 -34650
18385 -66385 -34141
18385 -63055 -34334
18385 -61615 -34054
18385 -60770 -32373
18385 -65100 -32039
18385 -62680 -30262
18385 -62680 -30722
18385 -65000 -31603
18385 -67670 -31626
18385 -66720 -32695
18385 -65440 -32904
18385 -63060 -31795
18385 -67470 -30799
18385 -65810 -32271
18385 -62855 -30206
18385 -63055 -30326
18385 -62950 -32463
18385 -65780 -32089
18385 -62790 -31955
18385 -61520 -29835
18440 -65640 -32365
18440 -67530 -31419
18440 -63055 -29638
18440 -65640 -29860
18440 -68040 -29353
18440 -63060 -29659
18440 -62970 -29641
18440 -68070 -31376
18440 -65810 -31122
18440 -62855 -28693
18440 -62735 -30011
18440 -62725 -29484
18440 -65575 -28452
18440 -65030 -30651
18440 -65810 -30533
18440 -65575 -31114
18440 -65775 -32527
18440 -67940 -30625
18440 -63055 -29804
18440 -67600 -29333
18440 -65665 -28685
18440 -62915 -30599
18515 -66485 -28837
18515 -65850 -27487
18515 -65710 -27167
18515 -62180 -29604
18515 -63470 -29511
18515 -65910 -32495
18515 -62285 -31545
18515 -65600 -30868
18515 -65270 -29539
18515 -65100 -28537
18515 -65775 -29909
18550 -66825 -29385
18920 -65775 -28618
18920 -63740 -29473
18920 -61935 -28452
18920 -60625 -29292
18920 -60345 -30478
18920 -64830 -31066
18920 -63055 -31097
18920 -65435 -29749
18920 -62400 -31071
18920 -60555 -30354
18920 -63105 -29691
18920 -63105 -29968
18920 -62845 -29706
18920 -60015 -29448
18920 -58180 -29426
18920 -64045 -31086
18920 -63060 -29048
18920 -65235 -29668
18920 -61720 -29881
18920 -65435 -30550
18920 -62600 -27988
18920 -63690 -28943
18920 -63580 -30073
18920 -62375 -30553
18920 -61940 -29812
18920 -64940 -29505
18920 -64865 -28408
18920 -65910 -30327
18920 -66935 -28811
18920 -64595 -27276
18920 -66930 -28842
18920 -65060 -28533
18920 -64010 -25930
18920 -62140 -28285
18920 -59810 -27800
18920 -62880 -29770
18920 -63200 -28772
18920 -62400 -28180
18920 -60680 -27088
18920 -64045 -30185
18920 -60120 -30145
18920 -63825 -31101
18920 -62630 -28202
18920 -62790 -28694
18960 -62370 -28444
18960 -60785 -29122
18960 -59400 -30058
18960 -63065 -30390
18960 -62715 -31109
18960 -62030 -30656
18960 -62080 -29984
18960 -68005 -29526
18960 -62110 -30788
18960 -61810 -28545
18960 -63055 -28532
18960 -61115 -29681
18960 -62375 -27067
18960 -62080 -28332
18960 -62080 -29502
18960 -62080 -30331
18960 -61905 -28192
18960 -66655 -28467
18960 -62990 -30624
18960 -60320 -32120
18960 -60795 -29167
18960 -65365 -31256
18960 -63615 -28678
18960 -59260 -29942
18960 -61810 -29021
18960 -65370 -28381
18960 -62610 -27826
18960 -66685 -28797
18960 -61000 -27480
18960 -60105 -29411
18960 -62490 -29937
18960 -59585 -28580
18960 -62205 -30013
18960 -61820 -29624
18960 -62240 -30589
18960 -62950 -28555
18960 -62080 -29070
18960 -66625 -28639
18960 -62330 -27234
18960 -63010 -27678
18960 -66315 -28984
18960 -63775 -28150
18960 -63710 -28948
18960 -61965 -26347
18960 -60040 -27951
18960 -62170 -26683
18960 -63440 -27775
18960 -61980 -28347
18960 -62585 -25986
18960 -62790 -27288
18960 -63575 -26263
18960 -62305 -26458
18960 -65505 -25723
18960 -63060 -22942
18960 -62150 -21959
18960 -57770 -23439
18960 -59950 -22092
18960 -62375 -26742
18960 -62990 -26888
18960 -62950 -25233
18960 -60585 -24625
18960 -61240 -27876
18960 -62570 -23742
18960 -61585 -25740
18960 -59960 -24850
18960 -62080 -27052
18960 -63740 -29011
18960 -62050 -26625
18960 -59910 -28299
18960 -64390 -29278
18960 -64500 -29060
18960 -65330 -30273
18960 -62830 -30133
18960 -66045 -26663
18960 -65310 -26022
18960 -63135 -25471
18960 -62080 -25986
18960 -65060 -25784
18960 -62950 -25840
18960 -62015 -26040
18960 -63830 -26270
18960 -62305 -26143
18960 -56770 -26996
18960 -62165 -24306
18960 -62215 -26754
18960 -61810 -25868
18960 -60210 -24403
18960 -62005 -24762
18960 -61880 -23938
18960 -61425 -26232
18960 -61320 -23183
18960 -63655 -23008
18960 -62575 -23872
18960 -62170 -24246
18960 -62640 -24094
18960 -61735 -25433
18960 -67395 -23209
18960 -56980 -23818
18960 -61405 -22917
19150 -59745 -21924
19150 -65330 -23458
19150 -59680 -23062
19150 -60510 -22946
19150 -64460 -23283
19150 -58625 -22285
19150 -67500 -23397
19150 -63375 -22819
19150 -62730 -22445
19150 -61815 -21917
19150 -61540 -23017
19150 -62080 -21821
19150 -60480 -22293
19150 -64130 -23802
19150 -61865 -23797
19150 -63060 -24587
19150 -62080 -25710
19150 -62575 -25764
19150 -59525 -24552
19150 -60345 -24313
19150 -63220 -21765
19150 -63810 -21755
19150 -62490 -22305
19150 -63010 -24000
19150 -67770 -22639
19150 -65510 -24860
19150 -62845 -22131
19150 -59020 -22095
19150 -62495 -21558
19150 -62240 -22740
19150 -60675 -19597
19150 -63105 -22574
19150 -61770 -22584
19150 -61900 -24104
19150 -64740 -23552
19150 -59420 -24301
19150 -62540 -22749
19150 -61610 -21892
19150 -65595 -18346
19150 -61540 -20916
19150 -62855 -19297
19150 -65060 -22195
19150 -61510 -19945
19150 -62250 -21303
19150 -63165 -21765
19150 -61980 -22490
19150 -61480 -21292
19150 -63060 -24054
19150 -62645 -21398
19150 -60710 -20390
19150 -61650 -19905
19150 -61630 -21726
19150 -62810 -20015
19150 -61680 -19557
19150 -61830 -21618
19150 -62900 -21877
19150 -62120 -21565
19150 -65190 -22679
19150 -62785 -23784
19150 -61365 -22734
19150 -61900 -21174
19150 -62740 -20401
19150 -68035 -25200
19150 -60700 -24366
19150 -62795 -19855
19150 -60450 -20189
19150 -61790 -21465
19150 -64940 -18537
19175 -61895 -21015
19175 -61680 -19239
19175 -59535 -19791
19175 -60025 -19118
19175 -60435 -21139
19175 -64155 -23105
19250 -65060 -24254
19250 -61880 -22065
19250 -62370 -22605
19250 -62215 -20962
19250 -65395 -24863
19250 -62305 -22683
19250 -62845 -23780
19250 -60580 -23153
19250 -67090 -19498
19250 -62470 -20187
19250 -62365 -18902
19250 -61875 -21143
19250 -66185 -19833
19250 -64695 -19913
19250 -60430 -18691
19250 -62260 -19298
19250 -62410 -19825
19250 -63170 -18010
19250 -65435 -19777
19250 -62200 -19861
19250 -62080 -18938
19250 -62155 -18302
19250 -62950 -16960
19250 -62985 -18167
19250 -66795 -18351
19250 -62670 -18730
19250 -62545 -17339
19250 -64935 -15941
19250 -62140 -17410
19250 -65330 -20985
19250 -65070 -17723
19250 -62035 -19239
19250 -66450 -21923
19250 -63055 -21982
19250 -62770 -20711
19250 -63055 -20885
19250 -61880 -19236
19250 -60245 -18773
19250 -67500 -19155
19250 -63420 -21089
19250 -63550 -19304
19250 -65505 -19849
19250 -61915 -17923
19250 -66315 -17609
19250 -63265 -16513
19250 -66215 -19183
19250 -62740 -17658
19250 -62250 -17045
19250 -64010 -20212
19250 -60515 -21361
19250 -62635 -17567
19250 -62700 -19008
19250 -64125 -20050
19250 -63445 -19000
19250 -62175 -17883
19250 -61780 -19099
19250 -61690 -17460
19250 -65370 -17632
19250 -61445 -19881
19250 -61010 -19865
19250 -63245 -19172
19250 -62635 -21557
19250 -67395 -20896
19250 -67530 -19325
19250 -60295 -17726
19250 -65100 -19829
19250 -61485 -17831
19250 -62065 -17121
19250 -64695 -19224
19250 -62215 -17179
19250 -65910 -16679
19250 -62135 -16094
19250 -64595 -14811
19250 -61610 -17371
19250 -63415 -17864
19250 -63170 -15665
19250 -55685 -14118
19250 -59050 -13478
19250 -63145 -16144
19250 -59835 -17390
19250 -62680 -17929
19250 -58980 -17018
19250 -62895 -16207
19250 -61970 -16507
19250 -59130 -15284
19250 -61595 -15352
19250 -63825 -18932
19250 -64950 -17674
19250 -62520 -16167
19250 -65100 -16844
19250 -62960 -15805
19250 -64010 -15495
19250 -63740 -16953
19250 -64030 -16556
19250 -64010 -15310
19250 -61245 -15274
19250 -63920 -17478
19250 -65370 -15760
19250 -62310 -13798
19250 -64515 -15741
19250 -62575 -14216
19250 -61805 -16187
19750 -62260 -13917
19750 -61280 -14571
19750 -61835 -14863
19750 -60495 -15370
19750 -61250 -16133
19750 -59380 -14914
19750 -61065 -14709
19750 -57300 -18013
19750 -61780 -13756
19750 -60355 -12475
19750 -59735 -12831
19950 -62095 -15670
19950 -62465 -13885
19950 -61610 -13424
19950 -62770 -13858
19950 -61880 -13771
19950 -62680 -14614
19950 -62740 -14804
19950 -63775 -14741
19950 -60690 -13390
19950 -61635 -14034
19950 -67260 -12666
19950 -63275 -12998
19950 -65955 -12572
19950 -55675 -15053
19950 -65100 -17598
19950 -67530 -15566
19950 -61990 -13807
19950 -61510 -12573
19950 -61015 -12614
19950 -61540 -13243
19950 -63470 -15429
19950 -61710 -14725
19950 -62080 -12978
19950 -63775 -15056
19950 -65175 -14863
19950 -56380 -15171
19950 -55475 -14014
19950 -59940 -14207
19950 -62670 -11984
19950 -61410 -11044
19950 -62105 -11625
19950 -60555 -12142
19950 -60480 -11369
19950 -57640 -10061
19950 -62785 -9900
19950 -62200 -12386
19950 -62260 -15320
19950 -61920 -14975
19950 -63885 -12963
19950 -60510 -13305
19950 -66585 -13344
19950 -62080 -13707
19950 -60310 -13893
19950 -65435 -14665
19950 -64700 -13104
19950 -61980 -11777
19950 -63540 -9972
19950 -62570 -11398
19950 -63315 -8468
19950 -62680 -8254
19950 -57870 -7648
19950 -61880 -7772
19950 -59770 -9545
19950 -61170 -9939
19950 -65235 -14296
19950 -60510 -12328
19950 -61375 -8972
19950 -55710 -7206
19950 -62080 -8584
19950 -60640 -10822
19950 -57910 -10653
19950 -61810 -11355
19950 -60930 -8110
19950 -59035 -10989
19950 -60390 -11444
19950 -65875 -13806
19950 -57230 -12044
19950 -62670 -11187
19950 -62785 -9834
19950 -57230 -11443
19950 -67395 -8267
19950 -57155 -8552
19950 -61440 -5936
19950 -60630 -6801
19950 -54670 -8817
19950 -60330 -9363
19950 -60510 -10225
19950 -61810 -8622
19950 -56015 -6649
19950 -60795 -4795
19950 -55685 -2446
19950 -60785 -3702
20015 -59650 -729
20015 -62080 -4360
20015 -54340 -4834
20015 -62985 -6257
20015 -62975 -8619
20015 -61310 -6302
20015 -59445 -7068
20015 -61810 -9025
20015 -53130 -7216
20015 -52485 -9092
20015 -58450 -8549
20015 -56810 -8087
20015 -55970 -7313
20015 -59275 -8817
20015 -60940 -3648
20015 -61810 -5952
20015 -54455 -7110
20015 -54710 -8375
20015 -53345 -5818
20015 -60580 -7159
20015 -61880 -9655
20015 -59140 -6736
20015 -62785 -8663
20015 -58330 -5507
20015 -59650 -2451
20015 -62080 -4765
20015 -59745 -3993
20015 -61680 -6170
20015 -51410 -3946
20015 -59180 -4394
20015 -54430 -5916
20015 -56085 -7331
20015 -61545 -5898
20015 -57645 -5758
20015 -56785 -5937
20015 -60390 -4712
20015 -58920 -2311
20015 -55745 -3264
20015 -56090 367
20015 -64020 -3185
45475 -55745 86
45475 -62200 -3720
45805 -53415 840
45805 -59290 -2045
45805 -59275 -1021
45805 -57535 -231
46735 -62080 117
46735 -61440 2548
46735 -57365 2903
46735 -57670 4371
46925 -53885 11232
46925 -67935 12637
46925 -50710 14965
46925 -54340 14975
46925 -57645 17167
46925 -53690 15983
46925 -59550 14404
46925 -61340 17680
46925 -51410 18828
46925 -65330 16917
46925 -51200 19090
46925 -54410 16954
46925 -62080 20292
46925 -67530 17191
46925 -61980 15952
46925 -59010 15611
46925 -59110 17789
46925 -61510 22357
46925 -59730 21122
46925 -59810 18837
46925 -58415 16936
46925 -61810 16695
46925 -61985 16157
46925 -59650 16308
46925 -52530 16074
46925 -61710 14767
46925 -51875 14899
46925 -57005 17056
46925 -49045 20383
46925 -65600 17162
46925 -61725 16242
46925 -52720 15413
46925 -59380 17556
46925 -48160 17134
46925 -59980 17557
46925 -48285 20144
46925 -52040 17679
46925 -61690 18133
46925 -46670 18986
46925 -54185 20786
46925 -52785 20912
46925 -54535 18981
46925 -60510 22795
46925 -59155 23527
46925 -47560 24745
46925 -55720 23986
46925 -28410 23702
46925 -56075 21421
46925 -58470 20375
46925 -49200 19643
46925 -66555 24614
46925 -59650 20417
46925 -58375 21951
46925 -59110 21191
46925 -59650 23026
46925 -55175 21808
46925 -48485 20083
46925 -60720 18765
46925 -54335 19138
46925 -59650 21235
46925 -60680 19636
46925 -59110 18528
46925 -50610 21429
46925 -57650 21463
46925 -59110 21162
46925 -62975 19780
46925 -63615 18534
46925 -53955 23391
46925 -63620 20854
46925 -59650 19584
46925 -51510 23058
46925 -29855 24812
46925 -59110 22412
46925 -64490 22634
46925 -51525 22768
46925 -58410 20344
46925 -49560 23556
46925 -61385 22907
46925 -59255 22413
46925 -57230 23269
46925 -35215 22857
46925 -55940 20821
46925 -59650 24950
46925 -51410 25263
46925 -55715 24818
46925 -68070 26335
46925 -50810 23869
46925 -53915 20937
46925 -50375 20346
46925 -50160 20661
46925 -55130 17544
46925 -48160 20153
46925 -53115 19900
46925 -29855 24979
46925 -63750 21358
46925 -50115 19853
46925 -65910 18351
46925 -52935 22800
46925 -57500 20484
46925 -51410 24938
46925 -26700 28968
46925 -54735 22968
46925 -51520 29496
46925 -61610 28285
46925 -49520 27537
46925 -59110 30281
46925 -55340 29736
46925 -51510 29880
46925 -46860 28280
46925 -49830 29372
46925 -50840 29854
46925 -49520 32936
46925 -50110 25438
46925 -49620 26955
46925 -54625 25996
46925 -49520 28442
46925 -59110 26940
46925 -54035 28105
46925 -55395 29512
46925 -54200 30389
46925 -62080 27345
46925 -59110 25543
46925 -55280 24280
46925 -49620 31361
46925 -55610 27923
46925 -60630 27949
46925 -52180 27094
46925 -41710 30028
46925 -60525 24272
46925 -60415 26714
46925 -58660 29629
46925 -54125 28619
46925 -57330 25330
46925 -45215 28521
46925 -55280 30978
46925 -53950 32932
46925 -58645 32294
46925 -65370 28577
46925 -49320 33147
46925 -55510 31282
46925 -50385 32239
46925 -51320 31223
46925 -29585 35151
46925 -49605 34240
46925 -58260 30713
46925 -51300 31974
46925 -59080 31869
46925 -29855 32337
46925 -47660 34411
46925 -56090 30149
46925 -60510 30049
46925 -59110 29932
46925 -59110 30690
46925 -60565 32313
46925 -58240 33144
46925 -59110 31306
46925 -47660 31315
46925 -53200 34061
46925 -59110 31745
46925 -59110 33075
46925 -26885 34706
46925 -60415 35025
46925 -62470 33931
46925 -52520 31026
46925 -49460 35644
46925 -29655 35390
46925 -52065 37791
46925 -51050 33808
46925 -29855 34734
46925 -53750 36070
46925 -29585 35091
46925 -50325 37248
46925 -61610 34833
46925 -50325 33162
46925 -57465 33662
46925 -55685 36042
46925 -53395 37962
46925 -50540 35231
46925 -61375 38738
46925 -51065 35679
46925 -60625 32775
46925 -29855 35034
46925 -52685 34539
46925 -58720 36078
46925 -53615 33793
46925 -53065 31915
46925 -20995 33984
46925 -21545 37189
46925 -55535 35981
46925 -29655 35378
46925 -62715 36768
46925 -59875 33941
46925 -53615 32845
46925 -27425 35648
46925 -56245 36033
46925 -52125 31719
46925 -52070 37966
46925 -53615 36709
46925 -26545 38140
46925 -21875 37632
46925 -54200 37765
46925 -52245 36770
46925 -55265 37010
46925 -27425 38049
46925 -53930 35484
46925 -60120 36788
46925 -50205 38616
46925 -24795 40308
46925 -19285 38249
46925 -19210 41226
46925 -25720 38191
46925 -47715 36664
46925 -26825 37992
46925 -46660 34292
46925 -55415 37942
46925 -50430 36698
46925 -17135 40886
46925 -53280 37236
46925 -23830 38351
46925 -53080 38356
46925 -26885 38380
46925 -47475 36412
46925 -55280 37591
46925 -55265 38205
46925 -26245 36956
46925 -62975 33983
46925 -24305 34216
46925 -52275 37181
46925 -50220 40533
46925 -57355 42127
46925 -24375 40066
46925 -15390 41511
46925 -55820 37986
46925 -47685 42776
46925 -24375 41947
46925 -50490 39943
46925 -19455 42495
46925 -17805 39972
46925 -20740 41617
46925 -18935 42314
46925 -26245 38652
46925 -21875 41682
46925 -52535 42563
46925 -27425 40205
46925 -19075 42069
46925 -26245 41173
46925 -26885 38989
46925 -29855 42920
46925 -28275 38736
46925 -20895 42277
46925 -21875 41441
46925 -29315 40814
46925 -21245 41189
46925 -27425 40233
46925 -21455 39446
46925 -49830 38645
46925 -27425 39122
46925 -52660 39531
46925 -59445 41768
46925 -19075 44014
46925 -22550 43258
46925 -21810 43823
46925 -19550 43554
46925 -7045 45591
46925 -15335 43038
46925 -25885 43674
46925 -15535 43402
46925 -58370 41492
46925 -17605 43618
46925 -59445 42465
46925 -26885 43203
46925 11145 44294
46925 -19075 44383
46925 -12180 44033
46925 -16085 45094
46925 -26885 42630
46925 11175 44197
46925 -60085 43264
46925 -12970 42741
46925 8845 44874
46925 9670 43758
46925 -19285 42851
46925 -21265 42973
46925 -59010 41188
46925 8980 44689
46925 -54185 43599
46925 -27625 44020
46925 -15945 44156
46925 -17200 45026
46925 -15155 45985
46925 -26815 44567
46925 13830 46449
46925 -27425 45898
46925 13830 46001
46925 15600 46474
46925 12360 46442
46925 13830 46668
46925 -16975 46189
46925 -50385 44752
46925 -50385 45703
46925 -15715 45037
46925 8710 46118
46925 -19075 44742
46925 8845 45206
46925 -15575 45435
46925 -26885 44858
46925 -15715 46231
46925 -50385 44073
46925 -16975 45080
46925 16775 46482
46925 12900 45999
46925 12225 46202
46925 -4415 45853
46925 -17335 46166
46925 -50385 45499
46925 -60085 44450
46925 11280 45470
46925 11145 45966
46925 -50385 45494
46925 -2095 45863
46925 -60085 46126
46925 46925 46925
46925 46925 46925
46925 46925 46925
46925 -60085 46126
46925 46925 46925
46925 46925 46925
46925 46925 46925
46925 46925 46925
46925 46925 46925
46925 46925 46925
46925 46925 46925
46925 -50385 46199
46925 -60085 45328
46925 46925 46925
46925 46925 46925
46925 46925 46925
46925 46925 46925
46925 -50385 46199
46925 46925 46925
46925 -60085 46126
46925 -60085 46126
46925 46925 46925
46925 46925 46925
46925 46925 46925
46925 -60085 46126
46925 46925 46925
46925 -60085 46126
46925 46925 46925
46925 46925 46925
46925 -60085 46126
46925 46925 46925
46925 46925 46925
46925 -60085 46126
46925 46925 46925
46925 46925 46925
46925 46925 46925
46925 46925 46925
46925 46925 46925
46925 46925 46925
46925 -60085 46126
46925 46925 46925
46925 46925 46925
46925 46925 46925
46925 46925 46925
46925 46925 46925
46925 46925 46925
46925 46925 46925
46925 -60085 45328
46925 46925 46925
46925 46925 46925
46925 -60085 46126
46925 46925 46925
46925 46925 46925
46925 46925 46925
46925 46925 46925
46925 -60085 46126
46925 46925 46925
46925 -60085 46126
46925 46925 46925
46925 46925 46925
46925 46925 46925
46925 -60085 46126
46925 46925 46925
46925 -60085 46126
46925 46925 46925
46925 46925 46925
46925 -60085 46126
46925 46925 46925
46925 46925 46925
46925 46925 46925
46925 46925 46925
46925 46925 46925
46925 46925 46925
46925 46925 46925
46925 46925 46925
46925 46925 46925
46925 46925 46925
46925 46925 46925
46925 46925 46925
46925 46925 46925
46925 46925 46925
46925 46925 46925
46925 46925 46925
46925 46925 46925
46925 46925 46925
46925 46925 46925
46925 46925 46925
46925 46925 46925
46925 -60085 46126
46925 46925 46925
46925 46925 46925
46925 46925 46925
46925 46925 46925
46925 -60085 46126
46925 -60085 46126
46925 46925 46925
46925 46925 46925
46925 -60085 46126
46925 -60085 46126
46925 46925 46925
46925 46925 46925
46925 46925 46925
46925 46925 46925
46925 46925 46925
46925 46925 46925
46925 46925 46925
46925 -60085 46126
46925 46925 46925
46925 -60085 46126
46925 46925 46925
46925 46925 46925
46925 46925 46925
46925 46925 46925
46925 -60085 46126
46925 46925 46925
46925 46925 46925
46925 46925 46925
46925 46925 46925
46925 46925 46925
46925 46925 46925
46925 46925 46925
46925 46925 46925
46925 46925 46925
46925 46925 46925
46925 46925 46925
46925 46925 46925
46925 46925 46925
46925 46925 46925
46925 46925 46925
46925 -60085 46126
46925 -60085 46126
46925 46925 46925
46925 46925 46925
46925 -60085 46126
46925 46925 46925
46925 46925 46925
46925 46925 46925
46925 46925 46925
46925 46925 46925
46925 46925 46925
46925 46925 46925
46925 46925 46925
46925 46925 46925
46925 46925 46925
46925 46925 46925
46925 46925 46925
46925 -60085 46126
46925 46925 46925
46925 46925 46925
46925 46925 46925
46925 46925 46925
46925 46925 46925
46925 46925 46925
46925 46925 46925
46925 46925 46925
46925 46925 46925
46925 46925 46925
46925 -60085 46126
46925 -60085 46126
46925 46925 46925
46925 -60085 46126
46925 -60085 46126
46925 46925 46925
46925 46925 46925
46925 46925 46925
46925 46925 46925
46925 -60085 46126
46925 -60085 45328
46925 46925 46925
46925 46925 46925
46925 -60085 46126
46925 46925 46925
46925 46925 46925
46925 -60085 46126
46925 46925 46925
46925 46925 46925
46925 -60085 46126
46925 -60085 45328
46925 46925 46925
46925 -60085 46126
46925 -60085 46126
46925 46925 46925
46925 46925 46925
46925 46925 46925
46925 46925 46925
46925 -60085 46126
46925 46925 46925
46925 46925 46925
46925 46925 46925
46925 -60085 46126
46925 46925 46925
46925 46925 46925
46925 46925 46925
46925 -60085 46126
46925 46925 46925
46925 46925 46925
46925 -60085 46126
46925 46925 46925
46925 -60085 46126
46925 -60085 46126
46925 46925 46925
46925 46925 46925
46925 -60085 46126
46925 -60085 45328
46925 46925 46925
46925 46925 46925
46925 -60085 46126
46925 46925 46925
46925 46925 46925
46925 46925 46925
46925 46925 46925
46925 46925 46925
46925 -60085 45328
46925 46925 46925
46925 -60085 46126
46925 -60085 45328
46925 46925 46925
46925 46925 46925
46925 46925 46925
46925 -60085 46126
46925 46925 46925
46925 -60085 46126
46925 -60085 46126
46925 46925 46925
46925 46925 46925
46925 46925 46925
46925 -60085 46126
46925 -60085 46126
46925 -60085 46126
46925 -60085 46126
46925 -60085 46126
46925 46925 46925
46925 46925 46925
46925 46925 46925
46925 46925 46925
46925 46925 46925
46925 46925 46925
46925 46925 46925
46925 46925 46925
46925 46925 46925
46925 -60085 46126
46925 46925 46925
46925 46925 46925
46925 -60085 45328
46925 46925 46925
46925 46925 46925
46925 46925 46925
46925 46925 46925
46925 -60085 46126
46925 46925 46925
46925 46925 46925
46925 46925 46925
46925 46925 46925
46925 46925 46925
46925 46925 46925
46925 46925 46925
46925 46925 46925
46925 46925 46925
46925 46925 46925
46925 46925 46925
46925 46925 46925
46925 46925 46925
46925 46925 46925
46925 46925 46925
46925 46925 46925
46925 46925 46925
46925 -60085 46126
46925 46925 46925
46925 46925 46925
46925 46925 46925
46925 46925 46925
46925 46925 46925
46925 -60085 46126
46925 46925 46925
46925 46925 46925
46925 46925 46925
46925 46925 46925
46925 46925 46925
46925 -60085 46126
46925 46925 46925
46925 46925 46925
46925 46925 46925
46925 46925 46925
46925 46925 46925
46925 46925 46925
46925 46925 46925
46925 46925 46925
46925 46925 46925
46925 -60085 46126
46925 46925 46925
46925 46925 46925
46925 46925 46925
46925 46925 46925
46925 46925 46925
46925 46925 46925
46925 -60085 46126
46925 46925 46925
46925 46925 46925
46925 46925 46925
46925 46925 46925
46925 -60085 46126
46925 46925 46925
46925 -60085 46126
46925 -60085 46126
46925 46925 46925
46925 46925 46925
46925 46925 46925
46925 46925 46925
46925 -60085 46126
46925 46925 46925
46925 46925 46925
46925 -60085 46126
46925 -60085 46126
46925 46925 46925
46925 46925 46925
46925 46925 46925
46925 -60085 46126
46925 46925 46925
46925 46925 46925
46925 46925 46925
46925 46925 46925
46925 46925 46925
46925 46925 46925
46925 -60085 45328
46925 -60085 46126
46925 46925 46925
46925 46925 46925
46925 46925 46925
46925 46925 46925
46925 46925 46925
46925 46925 46925
46925 46925 46925
46925 46925 46925
46925 46925 46925
46925 46925 46925
46925 46925 46925
46925 46925 46925
46925 46925 46925
46925 46925 46925
46925 46925 46925
46925 46925 46925
46925 -60085 46126
46925 46925 46925
46925 46925 46925
46925 -60085 46126
46925 46925 46925
46925 46925 46925
46925 -60085 46126
46925 46925 46925
46925 46925 46925
46925 46925 46925
46925 -60085 45328
46925 46925 46925
46925 -60085 46126
46925 46925 46925
46925 46925 46925
46925 46925 46925
46925 46925 46925
46925 46925 46925
46925 -60085 46126
46925 46925 46925
46925 46925 46925
46925 46925 46925
46925 46925 46925
46925 46925 46925
46925 46925 46925
46925 46925 46925
46925 46925 46925
46925 46925 46925
46925 46925 46925
46925 46925 46925
46925 46925 46925
46925 46925 46925
46925 46925 46925
46925 46925 46925
46925 46925 46925
46925 46925 46925
46925 46925 46925
46925 46925 46925
46925 46925 46925
46925 -60085 46126
46925 46925 46925
46925 -60085 45328
46925 -60085 46126
46925 46925 46925
46925 46925 46925
46925 46925 46925
46925 -60085 46126
46925 46925 46925
46925 -60085 46126
46925 46925 46925
46925 46925 46925
46925 46925 46925
46925 46925 46925
46925 46925 46925
46925 46925 46925
46925 46925 46925
46925 -60085 45328
46925 46925 46925
46925 46925 46925
46925 46925 46925
46925 46925 46925
46925 46925 46925
46925 46925 46925
46925 46925 46925
46925 46925 46925
46925 46925 46925
46925 46925 46925
46925 -60085 46126
46925 46925 46925
46925 46925 46925
46925 46925 46925
46925 46925 46925
46925 46925 46925
46925 46925 46925
46925 46925 46925
46925 -60085 46126
46925 46925 46925
46925 46925 46925
46925 46925 46925
46925 46925 46925
46925 46925 46925
46925 46925 46925
46925 -60085 46126
46925 46925 46925
46925 46925 46925
46925 -60085 46126
46925 -60085 46126
46925 46925 46925
46925 46925 46925
46925 46925 46925
46925 46925 46925
46925 46925 46925
46925 46925 46925
46925 -60085 46126
46925 -60085 45328
46925 -60085 46126
46925 -60085 46126
46925 -60085 46126
46925 46925 46925
46925 46925 46925
46925 -60085 46126
46925 46925 46925
46925 46925 46925
46925 -60085 46126
46925 46925 46925
46925 46925 46925
46925 46925 46925
46925 -60085 46126
46925 46925 46925
46925 46925 46925
46925 46925 46925
46925 46925 46925
46925 46925 46925
46925 46925 46925
46925 46925 46925
46925 46925 46925
46925 46925 46925
46925 -60085 45328
46925 46925 46925
46925 46925 46925
46925 -60085 46126
46925 46925 46925
46925 -60085 45328
46925 46925 46925
46925 -60085 46126
46925 46925 46925
46925 46925 46925
46925 -60085 46126
46925 46925 46925
46925 -60085 46126
46925 -60085 46126
46925 -60085 46126
46925 -60085 46126
46925 46925 46925
