-40760 -47280 -41749
-31505 -37215 -35252
-29890 -36075 -34277
-24130 -34365 -33273
-24130 -33990 -32603
-22670 -33475 -32006
-15405 -32930 -31538
-15405 -32430 -31096
-15405 -32125 -30581
-15405 -31675 -30080
-15405 -31320 -29559
-13710 -31010 -28914
-13710 -30415 -28510
-11365 -30090 -27958
-11365 -29830 -27398
-11365 -29685 -26903
-11365 -28765 -26407
-11365 -28645 -25763
-11365 -27735 -25073
-11365 -27230 -24436
-11365 -26700 -23869
-11365 -26115 -23362
-11365 -24955 -22723
-11365 -24735 -22280
-11365 -23890 -21636
-11365 -23740 -20979
-11365 -23195 -20275
-11365 -22105 -19520
-11365 -21345 -18811
-11365 -20345 -18260
-11365 -19785 -17814
-11365 -18655 -17503
-10045 -18570 -17234
-10045 -18030 -16983
-10045 -17600 -16815
-10045 -17570 -16623
-10045 -17385 -16461
-10045 -17345 -16279
-10045 -16835 -16056
-10045 -16835 -15878
-10045 -16680 -15658
-10045 -16205 -15450
-10045 -15800 -15307
-10045 -15795 -15239
-10045 -15795 -15152
-10045 -15505 -15027
-10045 -15490 -14941
-10045 -15405 -14822
-10045 -15375 -14730
-10045 -15325 -14612
-10045 -15205 -14476
-10045 -15060 -14323
-10045 -14865 -14201
-10045 -14690 -14079
-10045 -14420 -14017
-10045 -14340 -13998
-10045 -14295 -13990
-10045 -14295 -13985
-10045 -14295 -13976
-10045 -14295 -13959
-10045 -14295 -13919
-10045 -14250 -13878
-10045 -14250 -13850
-10045 -14150 -13824
-10045 -14150 -13757
-10045 -14150 -13689
-10045 -14150 -13596
-10045 -14150 -13485
-10045 -13750 -13385
-10045 -13750 -13305
-10045 -13710 -13240
-10045 -13470 -13176
-10045 -13420 -13142
-10045 -13400 -13121
-10045 -13400 -13092
-10045 -13365 -13051
-10045 -13330 -13007
-10045 -13295 -12966
-10045 -13210 -12930
-10045 -13210 -12880
-10045 -13210 -12831
-10045 -13085 -12786
-10045 -13085 -12738
-10045 -12975 -12689
-10045 -12870 -12654
-10045 -12870 -12628
-10045 -12850 -12600
-10045 -12850 -12573
-10045 -12720 -12556
-10045 -12720 -12550
-10045 -12720 -12543
-10045 -12720 -12529
-10045 -12685 -12524
-10045 -12685 -12514
-10045 -12685 -12513
-10045 -12685 -12503
-10045 -12685 -12496
-10045 -12685 -12484
-10045 -12685 -12463
-10045 -12680 -12440
-10045 -12635 -12413
-10045 -12635 -12395
-10045 -12600 -12376
-10045 -12600 -12346
-10045 -12580 -12310
-10045 -12580 -12263
-10045 -12445 -12229
-10045 -12430 -12202
-10045 -12385 -12166
-10045 -12385 -12139
-9935 -12290 -12113
-9485 -12290 -12087
-9485 -12290 -12062
-9485 -12290 -12008
-9485 -12285 -11942
-9485 -12155 -11876
-9485 -12080 -11829
-9485 -12020 -11791
-9485 -11945 -11756
-9485 -11945 -11714
-9485 -11945 -11664
-9485 -11825 -11619
-9485 -11825 -11581
-9485 -11780 -11544
-9485 -11675 -11504
-9485 -11655 -11467
-9485 -11645 -11434
-9485 -11645 -11402
-9485 -11485 -11396
-9485 -11485 -11396
-9485 -11485 -11396
-9485 -11485 -11395
-9485 -11485 -11395
-9485 -11485 -11382
-9485 -11485 -11380
-9485 -11485 -11371
-9485 -11485 -11364
-9485 -11470 -11359
-9485 -11470 -11352
-9485 -11470 -11341
-9485 -11470 -11329
-9485 -11465 -11317
-9485 -11415 -11312
-9485 -11410 -11306
-9485 -11410 -11297
-9485 -11400 -11294
-9485 -11400 -11290
-9485 -11400 -11283
-9485 -11400 -11269
-9485 -11400 -11249
-9485 -11380 -11219
-9485 -11365 -11193
-9485 -11330 -11171
-9485 -11245 -11162
-9485 -11245 -11161
-9105 -11245 -11149
-9105 -11245 -11147
-9105 -11240 -11145
-9105 -11240 -11139
-9105 -11235 -11138
-9105 -11235 -11132
-9105 -11235 -11128
-9105 -11235 -11123
-9105 -11235 -11115
-9105 -11225 -11104
-9105 -11225 -11092
-9105 -11210 -11068
-9105 -11175 -11064
-9105 -11175 -11059
-9105 -11165 -11054
-9105 -11165 -11047
-9105 -11165 -11038
-9105 -11165 -11021
-9105 -11140 -11010
-9105 -11130 -11000
-9105 -11115 -10986
-9105 -11090 -10973
-9105 -11090 -10966
-9105 -11075 -10957
-9105 -11075 -10947
-9105 -11075 -10932
-9105 -11050 -10917
-9105 -11050 -10899
-9040 -10985 -10876
-9040 -10985 -10872
-9040 -10970 -10868
-9040 -10970 -10867
-9040 -10970 -10864
-9040 -10970 -10860
-9040 -10970 -10853
-9040 -10965 -10846
-9040 -10965 -10829
-9040 -10940 -10823
-9040 -10940 -10818
-9040 -10915 -10815
-9040 -10915 -10815
-9040 -10915 -10814
-9040 -10915 -10813
-9040 -10915 -10812
-9040 -10915 -10811
-9040 -10910 -10811
-9040 -10910 -10811
-9040 -10910 -10811
-9040 -10910 -10811
-9040 -10910 -10811
-9040 -10910 -10811
-9040 -10910 -10811
-9040 -10910 -10808
-9040 -10910 -10808
-9040 -10910 -10807
-9040 -10910 -10806
-9040 -10910 -10803
-9040 -10910 -10798
-9040 -10910 -10788
-9040 -10910 -10776
-9040 -10910 -10764
-9040 -10850 -10757
-9040 -10850 -10757
-9040 -10850 -10757
-9040 -10850 -10756
-9040 -10850 -10756
-9040 -10850 -10756
-9040 -10850 -10755
-9040 -10850 -10754
-9040 -10850 -10752
-9040 -10850 -10748
-9040 -10850 -10743
-9040 -10850 -10738
-9040 -10825 -10735
-9040 -10825 -10735
-9040 -10825 -10735
-9040 -10825 -10735
-9040 -10825 -10735
-9040 -10825 -10735
-9040 -10825 -10735
-9040 -10825 -10735
-9040 -10825 -10735
-9040 -10825 -10735
-9040 -10825 -10735
-9040 -10825 -10732
-9040 -10825 -10732
-9040 -10825 -10732
-9040 -10825 -10731
-9040 -10825 -10722
-9040 -10825 -10718
-9040 -10825 -10710
-9040 -10825 -10701
-9040 -10825 -10689
-9040 -10780 -10682
-9040 -10780 -10678
-9040 -10780 -10672
-9040 -10780 -10665
-9040 -10755 -10659
-9040 -10755 -10653
-9040 -10755 -10645
-9040 -10755 -10637
-9040 -10715 -10632
-9040 -10715 -10630
-9040 -10715 -10630
-9040 -10715 -10630
-9040 -10715 -10629
-9040 -10715 -10628
-9040 -10715 -10626
-9040 -10715 -10622
-9040 -10715 -10617
-9040 -10715 -10612
-9040 -10690 -10609
-9040 -10690 -10609
-9040 -10690 -10608
-9040 -10690 -10608
-9040 -10690 -10608
-9040 -10690 -10608
-9040 -10690 -10608
-9040 -10690 -10605
-9040 -10690 -10605
-9040 -10690 -10603
-9040 -10690 -10602
-9040 -10685 -10602
-9040 -10685 -10601
-9040 -10685 -10596
-9040 -10685 -10595
-9040 -10685 -10593
-9040 -10680 -10591
-9040 -10680 -10588
-9040 -10680 -10582
-9040 -10680 -10565
-9040 -10680 -10550
-9040 -10680 -10535
-9040 -10605 -10524
-9040 -10605 -10521
-9040 -10605 -10516
-9040 -10605 -10506
-9040 -10605 -10495
-9040 -10605 -10481
-9040 -10550 -10476
-9040 -10550 -10474
-9040 -10550 -10472
-9040 -10550 -10470
-9040 -10550 -10462
-9040 -10550 -10452
-9040 -10550 -10442
-9040 -10550 -10431
-9040 -10500 -10428
-9040 -10500 -10426
-9040 -10500 -10422
-9040 -10500 -10417
-9040 -10500 -10412
-9040 -10475 -10409
-9040 -10475 -10409
-9040 -10475 -10406
-9040 -10475 -10405
-9040 -10475 -10405
-9040 -10475 -10405
-9040 -10475 -10405
-9040 -10475 -10404
-9040 -10475 -10402
-9040 -10475 -10400
-9040 -10475 -10398
-9040 -10465 -10397
-9040 -10465 -10397
-9040 -10465 -10397
-9040 -10465 -10397
-9040 -10465 -10397
-9040 -10465 -10397
-9040 -10465 -10397
-9040 -10465 -10397
-9040 -10465 -10397
-9040 -10465 -10397
-9040 -10465 -10397
-9040 -10465 -10397
-9040 -10465 -10397
-9040 -10465 -10397
-9040 -10465 -10397
-9040 -10465 -10397
-9040 -10465 -10396
-9040 -10465 -10396
-9040 -10465 -10395
-9040 -10465 -10395
-9040 -10465 -10395
-9040 -10465 -10393
-9040 -10465 -10391
-9040 -10465 -10388
-9040 -10465 -10385
-9040 -10450 -10379
-9040 -10450 -10379
-9040 -10450 -10379
-9040 -10450 -10379
-9040 -10450 -10378
-9040 -10450 -10376
-9040 -10450 -10373
-9040 -10450 -10369
-9040 -10450 -10365
-9040 -10430 -10362
-9040 -10430 -10362
-9040 -10430 -10362
-9040 -10430 -10362
-9040 -10430 -10362
-9040 -10430 -10359
-9040 -10430 -10359
-9040 -10430 -10354
-9040 -10430 -10353
-9040 -10430 -10352
-9040 -10430 -10349
-9040 -10430 -10344
-9040 -10430 -10339
-9040 -10430 -10334
-9040 -10405 -10333
-9040 -10405 -10333
-9040 -10405 -10333
-9040 -10405 -10333
-9040 -10405 -10333
-9040 -10405 -10333
-9040 -10405 -10333
-9040 -10405 -10333
-9040 -10405 -10333
-9040 -10405 -10333
-9040 -10405 -10333
-9040 -10405 -10333
-9040 -10405 -10333
-9040 -10405 -10332
-9040 -10405 -10332
-9040 -10405 -10331
-9040 -10405 -10323
-9040 -10405 -10323
-9040 -10405 -10320
-9040 -10405 -10318
-9040 -10405 -10312
-9040 -10405 -10302
-9040 -10405 -10290
-9040 -10395 -10278
-9040 -10350 -10273
-9040 -10350 -10272
-9040 -10350 -10271
-9040 -10345 -10269
-9040 -10345 -10268
-9040 -10345 -10265
-9040 -10345 -10262
-9040 -10345 -10258
-9040 -10330 -10256
-9040 -10330 -10254
-9040 -10330 -10251
-7780 -10330 -10234
-7780 -10330 -10227
-7780 -10310 -10219
-7780 -10310 -10218
-7780 -10310 -10215
-7780 -10310 -10210
-7780 -10310 -10201
-7780 -10310 -10188
-7780 -10280 -10176
-7780 -10275 -10154
-7780 -10275 -10146
-7780 -10235 -10141
-7780 -10235 -10140
-7780 -10235 -10138
-7780 -10235 -10135
-7780 -10235 -10132
-7780 -10230 -10129
-7780 -10225 -10126
-7780 -10215 -10125
-7780 -10215 -10125
-7780 -10215 -10125
-7780 -10215 -10119
-7780 -10215 -10119
-7780 -10215 -10118
-7780 -10215 -10118
-7780 -10215 -10117
-7780 -10215 -10116
-7780 -10215 -10112
-7780 -10215 -10108
-7780 -10215 -10104
-7780 -10195 -10102
-7780 -10195 -10102
-7780 -10195 -10102
-7780 -10195 -10102
-7780 -10195 -10102
-7780 -10195 -10102
-7780 -10195 -10102
-7780 -10195 -10102
-7780 -10195 -10102
-7780 -10195 -10102
-7780 -10195 -10102
-7780 -10195 -10102
-7780 -10195 -10102
-7780 -10195 -10100
-7780 -10195 -10100
-7780 -10195 -10099
-7780 -10195 -10097
-7780 -10195 -10094
-7780 -10195 -10086
-7780 -10195 -10072
-7780 -10195 -10054
-7780 -10195 -10036
-7780 -10105 -10024
-7780 -10105 -10024
-7780 -10105 -10024
-7780 -10105 -10018
-7780 -10105 -10018
-7780 -10105 -10015
-7780 -10105 -10013
-7780 -10105 -10009
-7780 -10105 -10001
-7780 -10105 -9988
-7780 -10105 -9976
-7780 -10080 -9966
-7780 -10045 -9963
-7780 -10045 -9962
-7780 -10040 -9961
-7780 -10040 -9957
-7780 -10040 -9957
-7780 -10040 -9957
-7780 -10040 -9957
-7780 -10040 -9951
-7780 -10040 -9950
-7780 -10040 -9948
-7780 -10040 -9942
-7780 -10040 -9939
-7780 -10030 -9936
-7780 -10030 -9935
-7780 -10030 -9933
-7780 -10030 -9931
-7780 -10025 -9928
-7780 -10025 -9925
-7780 -10025 -9918
-7780 -10020 -9911
-7780 -10020 -9904
-7780 -9985 -9899
-7780 -9985 -9897
-7780 -9985 -9897
-7780 -9985 -9896
-7780 -9985 -9895
-7780 -9985 -9893
-7780 -9985 -9889
-7780 -9985 -9881
-7780 -9985 -9871
-7780 -9985 -9861
-7780 -9935 -9855
-7780 -9935 -9855
-7780 -9935 -9855
-7780 -9935 -9855
-7780 -9935 -9855
-7780 -9935 -9855
-7780 -9935 -9855
-7780 -9935 -9855
-7780 -9935 -9855
-7780 -9935 -9855
-7780 -9935 -9855
-7780 -9935 -9854
-7780 -9935 -9854
-7780 -9935 -9852
-7780 -9935 -9845
-7780 -9935 -9840
-7780 -9935 -9833
-7780 -9935 -9825
-7780 -9900 -9821
-7780 -9900 -9820
-7780 -9900 -9818
-7780 -9900 -9816
-7780 -9900 -9814
-7780 -9890 -9813
-7780 -9890 -9813
-7780 -9890 -9812
-7780 -9890 -9812
-7780 -9890 -9811
-7780 -9890 -9808
-7780 -9890 -9803
-7780 -9890 -9797
-7780 -9890 -9791
-7780 -9860 -9787
-7780 -9860 -9784
-7780 -9860 -9783
-7780 -9860 -9782
-7780 -9860 -9780
-7780 -9860 -9777
-7780 -9860 -9774
-7780 -9850 -9771
-7780 -9850 -9768
-7780 -9850 -9765
-7780 -9835 -9763
-7780 -9835 -9763
-7780 -9835 -9763
-7780 -9835 -9763
-7780 -9835 -9763
-7780 -9835 -9754
-7780 -9835 -9754
-7780 -9835 -9754
-7780 -9835 -9754
-7780 -9835 -9753
-7780 -9835 -9753
-7780 -9835 -9752
-7780 -9835 -9751
-7780 -9835 -9750
-7780 -9830 -9750
-7780 -9830 -9750
-7780 -9830 -9750
-7780 -9830 -9750
-7780 -9830 -9750
-7780 -9830 -9748
-7780 -9830 -9748
-7780 -9830 -9748
-7780 -9830 -9748
-7780 -9830 -9748
-7780 -9830 -9748
-7780 -9830 -9747
-7780 -9830 -9746
-7780 -9830 -9745
-7780 -9825 -9744
-7780 -9825 -9744
-7780 -9825 -9744
-7780 -9825 -9744
-7780 -9825 -9734
-7780 -9825 -9730
-7780 -9825 -9729
-7780 -9825 -9726
-7780 -9825 -9721
-7780 -9825 -9712
-7780 -9820 -9702
-7780 -9820 -9691
-7780 -9790 -9682
-7780 -9785 -9676
-7780 -9755 -9663
-7780 -9755 -9659
-7780 -9755 -9658
-7780 -9755 -9654
-7780 -9755 -9651
-7780 -9755 -9637
-7780 -9755 -9626
-7780 -9755 -9611
-7780 -9745 -9592
-7780 -9695 -9577
-7780 -9695 -9564
-7780 -9690 -9545
-7780 -9665 -9531
-7780 -9665 -9517
-7780 -9600 -9512
-7780 -9600 -9510
-7780 -9600 -9506
-7780 -9590 -9503
-7780 -9590 -9502
-7780 -9590 -9499
-7780 -9590 -9494
-7780 -9590 -9488
-7780 -9590 -9482
-7780 -9565 -9480
-7780 -9565 -9479
-7780 -9560 -9479
-7780 -9560 -9479
-7780 -9560 -9479
-7780 -9560 -9479
-7780 -9560 -9479
-7780 -9560 -9479
-7780 -9560 -9479
-7780 -9560 -9479
-7780 -9560 -9479
-7780 -9560 -9479
-7780 -9560 -9479
-7780 -9560 -9479
-7780 -9560 -9479
-7780 -9560 -9479
-7780 -9560 -9479
-7780 -9560 -9479
-7780 -9560 -9479
-7780 -9560 -9479
-7780 -9560 -9479
-7780 -9560 -9479
-7780 -9560 -9479
-7780 -9560 -9479
-7780 -9560 -9478
-7780 -9560 -9478
-7780 -9560 -9477
-7780 -9560 -9476
-7780 -9560 -9469
-7780 -9560 -9463
-7780 -9560 -9453
-7780 -9560 -9442
-7780 -9540 -9432
-7780 -9505 -9426
-7780 -9505 -9425
-7780 -9505 -9424
-7780 -9505 -9423
-7780 -9500 -9422
-7780 -9500 -9419
-7780 -9500 -9415
-7780 -9500 -9404
-7780 -9500 -9398
-7780 -9485 -9394
-7780 -9485 -9388
-7780 -9485 -9379
-7780 -9485 -9369
-7780 -9450 -9361
-7780 -9445 -9357
-7780 -9435 -9354
-7780 -9435 -9351
-7780 -9430 -9350
-7780 -9430 -9348
-7780 -9430 -9345
-7780 -9430 -9338
-7780 -9430 -9321
-7780 -9430 -9303
-7780 -9430 -9284
-7780 -9360 -9270
-7780 -9335 -9267
-7780 -9335 -9267
-7780 -9335 -9266
-7780 -9335 -9265
-7780 -9335 -9263
-7780 -9330 -9262
-7780 -9330 -9262
-7780 -9330 -9261
-7780 -9330 -9261
-7780 -9330 -9259
-7780 -9330 -9256
-7780 -9330 -9252
-7780 -9330 -9248
-7780 -9310 -9245
-7780 -9310 -9245
-7680 -9310 -9237
-7680 -9310 -9234
-7680 -9310 -9233
-7680 -9310 -9232
-7680 -9310 -9228
-7680 -9305 -9225
-7680 -9305 -9222
-7680 -9300 -9219
-7680 -9300 -9209
-7680 -9300 -9194
-7680 -9295 -9182
-7680 -9295 -9164
-7680 -9265 -9151
-7680 -9230 -9145
-7680 -9230 -9141
-7680 -9230 -9136
-7680 -9210 -9130
-7680 -9210 -9126
-7680 -9210 -9114
-7680 -9210 -9108
-7680 -9200 -9104
-7680 -9180 -9100
-7680 -9180 -9100
-7680 -9180 -9100
-7680 -9180 -9099
-7680 -9180 -9097
-7680 -9180 -9096
-7680 -9175 -9095
-7680 -9175 -9094
-7680 -9175 -9093
-7680 -9170 -9092
-7680 -9170 -9092
-7680 -9170 -9092
-7680 -9170 -9092
-7680 -9170 -9088
-7680 -9170 -9088
-7680 -9170 -9084
-7680 -9170 -9084
-7680 -9170 -9084
-7680 -9170 -9084
-7680 -9170 -9084
-7680 -9170 -9084
-7680 -9170 -9084
-7680 -9170 -9084
-7680 -9170 -9076
-7555 -9170 -9060
-7555 -9170 -9059
-7555 -9170 -9051
-7555 -9170 -9041
-7555 -9170 -9030
-7555 -9170 -9005
-7555 -9170 -8985
-7555 -9140 -8960
-7555 -9105 -8936
-7555 -9100 -8905
-7555 -9040 -8883
-7555 -9015 -8871
-7555 -8980 -8863
-7555 -8970 -8856
-7555 -8970 -8851
-7555 -8970 -8841
-7555 -8960 -8827
-7555 -8960 -8816
-7555 -8945 -8806
-7555 -8945 -8797
-7555 -8905 -8794
-7555 -8905 -8792
-7555 -8900 -8786
-7555 -8900 -8777
-7555 -8900 -8774
-7555 -8890 -8770
-7555 -8890 -8759
-7555 -8890 -8745
-7555 -8890 -8730
-7555 -8870 -8694
-7555 -8840 -8667
-7185 -8840 -8631
-7185 -8805 -8596
-5210 -8770 -8521
-5210 -8770 -8448
-5175 -8735 -8339
-5175 -8540 -8256
-5175 -8515 -8217
-5175 -8370 -8204
-5175 -8340 -8189
-5175 -8340 -8172
-5175 -8325 -8159
-5175 -8295 -8140
-5175 -8290 -8130
-5175 -8280 -8119
-5175 -8260 -8105
-5175 -8260 -8093
-5175 -8235 -8082
-5175 -8210 -8067
-5175 -8210 -8058
-5175 -8210 -8048
-5175 -8165 -8043
-5175 -8165 -8041
-5175 -8165 -8035
-5175 -8165 -8025
-5175 -8165 -8013
-5175 -8165 -7996
-5175 -8110 -7989
-4145 -8110 -7965
-4145 -8110 -7954
-4145 -8110 -7942
-4145 -8090 -7926
-4145 -8090 -7895
-4145 -8055 -7876
-4145 -8040 -7855
-4145 -8035 -7830
-4145 -8015 -7808
-4145 -7945 -7790
-4145 -7925 -7781
-4145 -7925 -7760
-4145 -7925 -7750
-4145 -7890 -7734
-4145 -7890 -7725
-4145 -7890 -7709
-4145 -7875 -7693
-4145 -7875 -7675
-4145 -7820 -7667
-4145 -7820 -7659
-4145 -7795 -7655
-4145 -7795 -7635
-4145 -7780 -7631
-4145 -7780 -7626
-4145 -7780 -7621
-4145 -7780 -7607
-4145 -7755 -7601
-4145 -7755 -7595
-4145 -7755 -7589
-4145 -7740 -7584
-4145 -7725 -7575
-4145 -7725 -7573
-4145 -7725 -7572
-4145 -7725 -7570
-4145 -7720 -7563
-4145 -7720 -7541
-4145 -7720 -7530
-4145 -7720 -7521
-4145 -7705 -7513
-4145 -7680 -7508
-4145 -7680 -7497
-4145 -7680 -7489
-4145 -7680 -7479
-4145 -7665 -7469
-4145 -7635 -7461
-4145 -7635 -7458
-4145 -7620 -7444
-4145 -7620 -7443
-4145 -7620 -7442
-4145 -7615 -7441
-4145 -7615 -7435
-4145 -7615 -7435
-4145 -7615 -7434
-4145 -7615 -7433
-4145 -7615 -7431
-4145 -7610 -7429
-4145 -7610 -7428
-4145 -7610 -7426
-4145 -7610 -7409
-4145 -7600 -7397
-4145 -7600 -7396
-4145 -7600 -7394
-4145 -7600 -7391
-4145 -7600 -7350
-3370 -7590 -7325
-3370 -7590 -7311
-3370 -7590 -7296
-3370 -7590 -7286
-3370 -7555 -7275
-3370 -7555 -7263
-3370 -7555 -7246
-3370 -7520 -7224
-3370 -7500 -7207
-3370 -7475 -7189
-3370 -7475 -7169
-3370 -7450 -7142
-3370 -7450 -7125
-3370 -7365 -7118
-3370 -7365 -7115
-3370 -7365 -7098
-3370 -7365 -7095
-3370 -7365 -7088
-3370 -7365 -7076
-3370 -7365 -7055
-3370 -7355 -7026
-3370 -7355 -6992
-3370 -7280 -6943
-3370 -7200 -6929
-3370 -7185 -6922
-3370 -7185 -6913
-3370 -7185 -6893
-3370 -7185 -6855
-3370 -7185 -6792
-3370 -7185 -6741
-3370 -6975 -6707
-3370 -6940 -6693
-3370 -6940 -6678
-3370 -6940 -6660
-3370 -6940 -6633
-3140 -6890 -6590
-3140 -6890 -6560
-3140 -6815 -6504
-3140 -6815 -6466
-3140 -6815 -6424
-3140 -6640 -6393
-3140 -6640 -6370
-3140 -6640 -6344
-3140 -6640 -6314
-3140 -6540 -6297
-3140 -6525 -6286
-3140 -6480 -6279
-3140 -6480 -6278
-3140 -6480 -6275
-3140 -6480 -6256
-3140 -6480 -6242
-3140 -6480 -6215
-3140 -6480 -6197
-3140 -6400 -6185
-3140 -6400 -6177
-3140 -6400 -6165
-3140 -6400 -6150
-3140 -6385 -6132
-3140 -6350 -6118
-3140 -6350 -6106
-3140 -6290 -6099
-3140 -6290 -6092
-3140 -6290 -6091
-3140 -6290 -6091
-3140 -6290 -6072
-3140 -6290 -6064
-3140 -6290 -6056
-3140 -6290 -6040
-3140 -6290 -6015
-3140 -6290 -5972
-3140 -6255 -5919
-3140 -6255 -5866
-3140 -6190 -5821
-3140 -6005 -5804
-3140 -5985 -5801
-3140 -5985 -5801
-3140 -5985 -5799
-3140 -5985 -5796
-3140 -5985 -5791
-3140 -5985 -5780
-3140 -5985 -5766
-3140 -5985 -5752
-3140 -5915 -5742
-3140 -5915 -5742
-3140 -5915 -5731
-3140 -5915 -5731
-3140 -5915 -5729
-3140 -5915 -5724
-3140 -5915 -5711
-3140 -5915 -5697
-3140 -5915 -5672
-3140 -5915 -5634
-3140 -5915 -5587
-3140 -5805 -5555
-3140 -5805 -5519
-3140 -5680 -5478
-3140 -5680 -5450
-3140 -5665 -5412
720 -5665 -5337
720 -5515 -5287
1165 -5515 -5236
1165 -5460 -5228
1165 -5435 -5220
1165 -5430 -5213
1165 -5430 -5204
1165 -5425 -5196
1165 -5395 -5189
1165 -5395 -5184
1165 -5390 -5178
1165 -5390 -5164
1165 -5390 -5093
1165 -5390 -5046
1165 -5390 -4995
1165 -5220 -4975
1165 -5220 -4973
1165 -5220 -4968
1165 -5220 -4960
1165 -5220 -4949
1165 -5210 -4935
1165 -5210 -4921
1165 -5175 -4902
1165 -5140 -4897
1165 -5140 -4892
1165 -5140 -4887
1165 -5140 -4885
1165 -5140 -4881
1165 -5140 -4871
1165 -5140 -4858
1165 -5140 -4829
1165 -5130 -4782
1165 -5125 -4687
1165 -5125 -4597
1165 -4890 -4554
1165 -4890 -4509
1165 -4890 -4420
1165 -4815 -4368
1165 -4650 -4316
1165 -4650 -4286
1165 -4570 -4260
1165 -4570 -4208
1165 -4540 -4177
1165 -4505 -4149
1165 -4395 -4133
1165 -4385 -4107
1165 -4385 -4107
1165 -4385 -4105
1165 -4385 -4104
1165 -4385 -4080
1165 -4380 -4068
1165 -4380 -4060
1165 -4380 -4030
1165 -4380 -3994
1165 -4340 -3985
1165 -4340 -3976
1165 -4340 -3934
1165 -4315 -3917
1165 -4315 -3898
1165 -4290 -3877
1165 -4255 -3856
1165 -4255 -3838
1165 -4195 -3827
1165 -4195 -3819
1165 -4160 -3813
1165 -4155 -3793
1165 -4155 -3793
1165 -4155 -3793
1165 -4155 -3785
1165 -4155 -3784
1165 -4155 -3783
1165 -4155 -3761
1165 -4155 -3758
1165 -4155 -3737
1165 -4145 -3727
1165 -4145 -3722
1165 -4145 -3716
1165 -4135 -3696
1165 -4135 -3684
1165 -4135 -3666
1165 -4110 -3645
1165 -4075 -3616
1165 -4075 -3556
1165 -4040 -3494
1165 -4040 -3407
1165 -4040 -3327
1165 -3725 -3249
1165 -3725 -3198
1165 -3725 -3140
1165 -3670 -3072
1200 -3580 -2972
1200 -3485 -2881
1200 -3470 -2760
1200 -3370 -2657
1200 -3140 -2571
1200 -2965 -2531
1200 -2910 -2504
1200 -2910 -2475
1200 -2910 -2433
1200 -2825 -2387
1200 -2825 -2338
1200 -2740 -2280
1240 -2740 -2220
1240 -2550 -2185
1240 -2550 -2167
1240 -2550 -2117
1240 -2550 -2012
1240 -2540 -1905
1240 -2540 -1777
1240 -2130 -1656
1240 -2030 -1593
1240 -1915 -1525
1240 -1915 -1450
1240 -1900 -1340
1740 -1860 -1206
1740 -1630 -1096
1740 -1425 -996
1740 -1425 -928
1740 -1140 -877
1740 -1140 -849
1740 -1140 -802
1740 -1085 -728
1740 -1070 -654
1740 -850 -576
1740 -850 -531
1740 -740 -484
1740 -740 -435
1740 -670 -386
1740 -660 -331
1740 -480 -281
1740 -410 -261
1740 -410 -253
1740 -390 -239
1740 -390 -223
1740 -390 -199
1740 -390 -172
1935 -295 -133
1935 -295 -122
1935 -255 -113
2030 -255 -83
2030 -235 -74
2100 -235 -45
2100 -210 -33
2100 -210 -23
2100 -210 1
2100 -200 23
2100 -200 56
2100 -150 87
2100 -150 117
2355 -40 141
2355 -40 150
2355 -15 157
4575 -15 186
4575 10 190
4575 10 217
4575 10 223
7275 25 341
7690 25 395
7690 30 457
7690 30 521
7690 70 597
7690 125 688
7690 125 792
8305 310 916
8875 495 1001
8875 565 1045
9550 645 1159
9685 715 1385
9685 715 1503
9685 720 1676
9685 850 1812
9685 860 2021
9685 1000 2242
9685 1240 2541
9685 1570 2735
9685 1790 2915
9685 1935 3147
9685 2030 3405
9685 2200 3703
9685 2590 4119
9685 3070 4384
9990 3505 4658
9990 3980 4855
9990 4110 4962
10250 4300 5107
10335 4300 5245
10335 4560 5350
10335 4560 5509
10335 4600 5747
10335 4660 6108
10335 5250 6427
10405 5540 6721
10405 6165 6890
10405 6425 6999
10405 6450 7157
10405 6450 7360
10405 6450 7592
10405 7140 7737
10405 7200 7906
10405 7275 8062
10405 7690 8199
10405 7760 8309
10405 8005 8417
10405 8020 8490
10405 8250 8548
10405 8250 8615
10775 8305 8735
10775 8305 8873
10775 8500 9006
10835 8535 9134
10835 8970 9172
11050 8980 9221
11050 8990 9265
11050 9045 9337
11050 9050 9404
11050 9205 9470
11050 9230 9534
11050 9345 9581
11050 9345 9642
11050 9440 9686
11180 9510 9749
11180 9550 9785
11180 9670 9824
11180 9685 9844
11180 9695 9887
11180 9700 9930
11180 9785 9971
11180 9785 9999
11180 9850 10033
11180 9905 10051
11185 9920 10072
11185 9920 10097
11675 9960 10130
11675 9960 10158
11675 9990 10194
11675 10020 10247
12020 10075 10297
12020 10105 10387
12020 10140 10468
12020 10320 10546
12020 10320 10622
12760 10350 10729
12760 10460 10821
12760 10640 10891
12760 10695 10955
12760 10775 11037
12760 10835 11115
12760 10920 11183
12760 10990 11245
12760 11040 11324
12770 11110 11404
12770 11180 11482
12770 11300 11545
12770 11360 11612
12770 11380 11667
12770 11530 11719
12770 11600 11743
12770 11620 11764
12770 11645 11800
12770 11675 11821
12835 11690 11851
12835 11715 11886
12835 11760 11919
12835 11770 11960
12835 11815 11998
12835 11825 12045
12835 11920 12073
12835 11940 12109
12835 11990 12138
12850 12020 12174
12850 12050 12206
12850 12090 12236
12850 12135 12262
12850 12160 12289
12850 12200 12318
12850 12205 12343
12850 12235 12369
12850 12315 12388
12850 12315 12404
12950 12320 12428
12950 12360 12459
12950 12400 12475
12950 12420 12491
12950 12435 12511
12950 12435 12530
12950 12440 12554
13035 12495 12575
13035 12515 12595
13035 12530 12615
13035 12555 12635
13035 12570 12654
13035 12605 12667
13225 12620 12684
13225 12640 12697
13225 12650 12707
13225 12670 12717
13225 12680 12726
13225 12690 12732
13225 12695 12747
13225 12700 12760
13225 12705 12774
13225 12705 12793
13225 12760 12804
13225 12770 12810
13260 12770 12819
13260 12780 12823
13260 12790 12829
13325 12790 12839
13455 12800 12853
13455 12805 12865
13455 12810 12876
13455 12820 12889
13455 12830 12904
13455 12835 12922
13455 12850 12938
13455 12890 12949
13455 12925 12955
13455 12925 12958
13455 12925 12960
13455 12930 12964
13455 12930 12968
13455 12930 12972
13455 12930 12980
13455 12930 12985
13455 12950 12992
13455 12950 13000
13455 12950 13011
13590 12960 13024
13590 12965 13035
13590 12985 13044
13590 12995 13054
13590 13005 13069
13590 13025 13078
13590 13030 13084
13590 13035 13094
13590 13035 13112
13590 13055 13129
13620 13060 13150
13620 13065 13175
13620 13125 13191
13620 13125 13212
13620 13125 13233
13620 13185 13253
13670 13195 13267
13670 13215 13287
13670 13220 13311
13780 13225 13338
13780 13260 13364
13780 13320 13390
13780 13325 13411
13780 13330 13441
13780 13365 13466
13780 13425 13480
13780 13450 13489
13780 13455 13500
13780 13455 13512
13780 13460 13527
13780 13470 13544
13780 13505 13557
13780 13525 13566
13780 13530 13574
13780 13550 13582
13780 13550 13587
13780 13570 13593
13780 13570 13596
13780 13575 13601
13780 13575 13607
13840 13580 13614
13840 13580 13626
13840 13590 13636
13840 13610 13645
13840 13620 13655
13840 13620 13667
13840 13635 13677
13840 13650 13685
13840 13665 13689
13840 13665 13695
13970 13670 13704
14010 13680 13714
14010 13690 13720
14010 13700 13725
14010 13700 13732
14010 13700 13742
14010 13710 13756
14010 13710 13770
14010 13725 13784
14010 13760 13792
14010 13770 13797
14010 13780 13800
14010 13780 13803
14010 13780 13804
14010 13780 13806
14010 13780 13811
14010 13780 13819
14010 13780 13828
14010 13780 13841
14010 13810 13853
14010 13820 13862
14010 13840 13865
14010 13840 13871
14010 13840 13881
14010 13840 13892
14010 13845 13910
14010 13875 13927
14010 13880 13941
14010 13920 13954
14010 13945 13956
14010 13945 13957
14010 13945 13961
14045 13945 13966
14045 13945 13972
14045 13950 13979
14045 13970 13988
14075 13970 13997
14075 13970 14006
14145 14005 14012
14145 14010 14013
14145 14010 14016
14145 14010 14018
14145 14010 14018
14145 14010 14021
14145 14010 14022
14145 14010 14022
14145 14010 14023
14145 14010 14024
14145 14010 14025
14145 14010 14027
14145 14010 14028
14145 14010 14033
14145 14010 14038
14145 14015 14048
14145 14015 14060
14145 14020 14076
14275 14045 14093
14275 14070 14118
14625 14080 14139
14625 14115 14167
14625 14145 14180
14665 14145 14195
14695 14145 14217
14765 14145 14246
14765 14145 14287
14765 14165 14350
14765 14250 14403
14765 14275 14458
15005 14335 14520
15095 14405 14578
15095 14495 14628
15095 14560 14672
15095 14625 14704
15095 14625 14737
15095 14665 14765
15195 14695 14798
15195 14730 14824
15195 14765 14851
15200 14765 14894
15200 14765 14958
15200 14830 15020
15235 14955 15066
15235 15005 15095
15300 15065 15124
15310 15095 15146
15310 15095 15174
15310 15130 15204
15570 15195 15225
15570 15195 15251
15570 15200 15283
15570 15235 15312
15570 15240 15342
15570 15300 15367
15570 15310 15397
15570 15310 15439
15605 15335 15489
15605 15440 15521
15640 15500 15549
15640 15505 15565
15710 15570 15576
15710 15570 15579
15710 15570 15582
15710 15570 15585
15710 15570 15591
15710 15570 15596
15710 15570 15607
15710 15570 15624
15710 15605 15644
15710 15605 15660
15710 15640 15676
15710 15640 15691
15710 15675 15708
15710 15710 15710
15710 15710 15710
15710 15710 15710
15710 15710 15710
15710 15710 15710
15710 15710 15710
15710 15710 15710
15710 15710 15710
15710 15710 15710
15710 15710 15710
15710 15710 15710
15710 15710 15710
15710 15710 15710
15710 15710 15710
15710 15710 15710
15710 15710 15710
15710 15710 15710
15710 15710 15710
15710 15710 15710
15710 15710 15710
15710 15710 15710
15710 15710 15710
15710 15710 15710
15710 15710 15710
15710 15710 15710
15710 15710 15710
15710 15710 15710
15710 15710 15710
15710 15710 15710
15710 15710 15710
15710 15710 15710
15710 15710 15710
15710 15710 15710
15710 15710 15710
15710 15710 15710
15710 15710 15710
15710 15710 15710
15710 15710 15710
15710 15710 15710
15710 15710 15710
15710 15710 15710
15710 15710 15710
15710 15710 15710
15710 15710 15710
15710 15710 15710
15710 15710 15710
15710 15710 15710
15710 15710 15710
15710 15710 15710
15710 15710 15710
15710 15710 15710
15710 15710 15710
15710 15710 15710
15710 15710 15710
15710 15710 15710
15710 15710 15710
15710 15710 15710
15710 15710 15710
15710 15710 15710
15710 15710 15710
15710 15710 15710
15710 15710 15710
15710 15710 15710
15710 15710 15710
15710 15710 15710
15710 15710 15710
15710 15710 15710
15710 15710 15710
15710 15710 15710
15710 15710 15710
15710 15710 15710
15710 15710 15710
15710 15710 15710
15710 15710 15710
15710 15710 15710
15710 15710 15710
15710 15710 15710
15710 15710 15710
15710 15710 15710
15710 15710 15710
15710 15710 15710
15710 15710 15710
15710 15710 15710
15710 15710 15710
15710 15710 15710
15710 15710 15710
15710 15710 15710
15710 15710 15710
15710 15710 15710
15710 15710 15710
15710 15710 15710
15710 15710 15710
15710 15710 15710
15710 15710 15710
15710 15710 15710
15710 15710 15710
15710 15710 15710
15710 15710 15710
15710 15710 15710
15710 15710 15710
15710 15710 15710
15710 15710 15710
15710 15710 15710
15710 15710 15710
15710 15710 15710
15710 15710 15710
15710 15710 15710
15710 15710 15710
15710 15710 15710
15710 15710 15710
15710 15710 15710
15710 15710 15710
15710 15710 15710
15710 15710 15710
15710 15710 15710
15710 15710 15710
15710 15710 15710
15710 15710 15710
15710 15710 15710
15710 15710 15710
15710 15710 15710
15710 15710 15710
15710 15710 15710
15710 15710 15710
15710 15710 15710
15710 15710 15710
15710 15710 15710
15710 15710 15710
15710 15710 15710
15710 15710 15710
15710 15710 15710
15710 15710 15710
15710 15710 15710
15710 15710 15710
15710 15710 15710
15710 15710 15710
15710 15710 15710
15710 15710 15710
15710 15710 15710
15710 15710 15710
15710 15710 15710
15710 15710 15710
15710 15710 15710
15710 15710 15710
15710 15710 15710
15710 15710 15710
15710 15710 15710
15710 15710 15710
15710 15710 15710
15710 15710 15710
15710 15710 15710
15710 15710 15710
15710 15710 15710
15710 15710 15710
15710 15710 15710
15710 15710 15710
15710 15710 15710
15710 15710 15710
15710 15710 15710
15710 15710 15710
15710 15710 15710
15710 15710 15710
15710 15710 15710
15710 15710 15710
15710 15710 15710
15710 15710 15710
15710 15710 15710
15710 15710 15710
15710 15710 15710
15710 15710 15710
15710 15710 15710
15710 15710 15710
15710 15710 15710
15710 15710 15710
15710 15710 15710
15710 15710 15710
15710 15710 15710
15710 15710 15710
15710 15710 15710
15710 15710 15710
15710 15710 15710
15710 15710 15710
15710 15710 15710
15710 15710 15710
15710 15710 15710
15710 15710 15710
15710 15710 15710
15710 15710 15710
15710 15710 15710
15710 15710 15710
15710 15710 15710
15710 15710 15710
15710 15710 15710
15710 15710 15710
15710 15710 15710
15710 15710 15710
15710 15710 15710
15710 15710 15710
15710 15710 15710
15710 15710 15710
15710 15710 15710
15710 15710 15710
15710 15710 15710
15710 15710 15710
15710 15710 15710
15710 15710 15710
15710 15710 15710
15710 15710 15710
15710 15710 15710
15710 15710 15710
15710 15710 15710
15710 15710 15710
15710 15710 15710
15710 15710 15710
15710 15710 15710
15710 15710 15710
15710 15710 15710
15710 15710 15710
15710 15710 15710
15710 15710 15710
15710 15710 15710
15710 15710 15710
15710 15710 15710
15710 15710 15710
15710 15710 15710
15710 15710 15710
15710 15710 15710
15710 15710 15710
15710 15710 15710
15710 15710 15710
15710 15710 15710
15710 15710 15710
15710 15710 15710
15710 15710 15710
15710 15710 15710
15710 15710 15710
15710 15710 15710
15710 15710 15710
15710 15710 15710
15710 15710 15710
15710 15710 15710
15710 15710 15710
15710 15710 15710
15710 15710 15710
15710 15710 15710
15710 15710 15710
15710 15710 15710
15710 15710 15710
15710 15710 15710
15710 15710 15710
15710 15710 15710
15710 15710 15710
15710 15710 15710
15710 15710 15710
15710 15710 15710
15710 15710 15710
15710 15710 15710
15710 15710 15710
15710 15710 15710
15710 15710 15710
15710 15710 15710
15710 15710 15710
15710 15710 15710
15710 15710 15710
15710 15710 15710
15710 15710 15710
15710 15710 15710
15710 15710 15710
15710 15710 15710
15710 15710 15710
15710 15710 15710
15710 15710 15710
15710 15710 15710
15710 15710 15710
15710 15710 15710
15710 15710 15710
15710 15710 15710
15710 15710 15710
15710 15710 15710
15710 15710 15710
15710 15710 15710
15710 15710 15710
15710 15710 15710
15710 15710 15710
15710 15710 15710
15710 15710 15710
15710 15710 15710
15710 15710 15710
15710 15710 15710
15710 15710 15710
15710 15710 15710
15710 15710 15710
15710 15710 15710
15710 15710 15710
15710 15710 15710
15710 15710 15710
15710 15710 15710
15710 15710 15710
15710 15710 15710
15710 15710 15710
15710 15710 15710
15710 15710 15710
15710 15710 15710
15710 15710 15710
15710 15710 15710
15710 15710 15710
15710 15710 15710
15710 15710 15710
15710 15710 15710
15710 15710 15710
15710 15710 15710
15710 15710 15710
15710 15710 15710
15710 15710 15710
15710 15710 15710
15710 15710 15710
15710 15710 15710
15710 15710 15710
15710 15710 15710
15710 15710 15710
15710 15710 15710
15710 15710 15710
15710 15710 15710
15710 15710 15710
15710 15710 15710
15710 15710 15710
15710 15710 15710
15710 15710 15710
15710 15710 15710
15710 15710 15710
15710 15710 15710
15710 15710 15710
15710 15710 15710
15710 15710 15710
15710 15710 15710
15710 15710 15710
15710 15710 15710
15710 15710 15710
15710 15710 15710
15710 15710 15710
15710 15710 15710
15710 15710 15710
15710 15710 15710
15710 15710 15710
15710 15710 15710
15710 15710 15710
15710 15710 15710
15710 15710 15710
15710 15710 15710
15710 15710 15710
15710 15710 15710
15710 15710 15710
15710 15710 15710
15710 15710 15710
15710 15710 15710
15710 15710 15710
15710 15710 15710
15710 15710 15710
15710 15710 15710
15710 15710 15710
15710 15710 15710
15710 15710 15710
15710 15710 15710
15710 15710 15710
15710 15710 15710
15710 15710 15710
15710 15710 15710
15710 15710 15710
15710 15710 15710
15710 15710 15710
15710 15710 15710
15710 15710 15710
15710 15710 15710
15710 15710 15710
15710 15710 15710
15710 15710 15710
15710 15710 15710
15710 15710 15710
15710 15710 15710
15710 15710 15710
15710 15710 15710
15710 15710 15710
15710 15710 15710
15710 15710 15710
15710 15710 15710
15710 15710 15710
15710 15710 15710
15710 15710 15710
15710 15710 15710
15710 15710 15710
15710 15710 15710
15710 15710 15710
15710 15710 15710
15710 15710 15710
15710 15710 15710
15710 15710 15710
15710 15710 15710
15710 15710 15710
15710 15710 15710
15710 15710 15710
15710 15710 15710
15710 15710 15710
15710 15710 15710
15710 15710 15710
15710 15710 15710
15710 15710 15710
15710 15710 15710
15710 15710 15710
15710 15710 15710
15710 15710 15710
15710 15710 15710
15710 15710 15710
15710 15710 15710
15710 15710 15710
15710 15710 15710
15710 15710 15710
15710 15710 15710
15710 15710 15710
15710 15710 15710
15710 15710 15710
15710 15710 15710
15710 15710 15710
15710 15710 15710
15710 15710 15710
15710 15710 15710
15710 15710 15710
15710 15710 15710
15710 15710 15710
15710 15710 15710
15710 15710 15710
15710 15710 15710
15710 15710 15710
15710 15710 15710
15710 15710 15710
15710 15710 15710
15710 15710 15710
15710 15710 15710
15710 15710 15710
15710 15710 15710
15710 15710 15710
15710 15710 15710
15710 15710 15710
15710 15710 15710
15710 15710 15710
15710 15710 15710
15710 15710 15710
15710 15710 15710
15710 15710 15710
15710 15710 15710
15710 15710 15710
15710 15710 15710
15710 15710 15710
15710 15710 15710
15710 15710 15710
15710 15710 15710
15710 15710 15710
15710 15710 15710
15710 15710 15710
15710 15710 15710
15710 15710 15710
15710 15710 15710
15710 15710 15710
15710 15710 15710
15710 15710 15710
15710 15710 15710
15710 15710 15710
15710 15710 15710
15710 15710 15710
15710 15710 15710
15710 15710 15710
15710 15710 15710
15710 15710 15710
15710 15710 15710
15710 15710 15710
15710 15710 15710
15710 15710 15710
15710 15710 15710
15710 15710 15710
15710 15710 15710
15710 15710 15710
15710 15710 15710
15710 15710 15710
15710 15710 15710
15710 15710 15710
15710 15710 15710
15710 15710 15710
15710 15710 15710
15710 15710 15710
15710 15710 15710
15710 15710 15710
15710 15710 15710
15710 15710 15710
15710 15710 15710
15710 15710 15710
15710 15710 15710
15710 15710 15710
15710 15710 15710
15710 15710 15710
15710 15710 15710
15710 15710 15710
15710 15710 15710
15710 15710 15710
15710 15710 15710
15710 15710 15710
15710 15710 15710
15710 15710 15710
15710 15710 15710
15710 15710 15710
15710 15710 15710
15710 15710 15710
15710 15710 15710
15710 15710 15710
15710 15710 15710
15710 15710 15710
15710 15710 15710
15710 15710 15710
15710 15710 15710
15710 15710 15710
15710 15710 15710
15710 15710 15710
15710 15710 15710
15710 15710 15710
15710 15710 15710
15710 15710 15710
15710 15710 15710
15710 15710 15710
15710 15710 15710
15710 15710 15710
15710 15710 15710
15710 15710 15710
15710 15710 15710
15710 15710 15710
15710 15710 15710
15710 15710 15710
15710 15710 15710
15710 15710 15710
15710 15710 15710
15710 15710 15710
15710 15710 15710
15710 15710 15710
15710 15710 15710
15710 15710 15710
15710 15710 15710
15710 15710 15710
15710 15710 15710
15710 15710 15710
15710 15710 15710
15710 15710 15710
15710 15710 15710
15710 15710 15710
15710 15710 15710
15710 15710 15710
15710 15710 15710
15710 15710 15710
15710 15710 15710
15710 15710 15710
15710 15710 15710
15710 15710 15710
15710 15710 15710
15710 15710 15710
15710 15710 15710
15710 15710 15710
15710 15710 15710
15710 15710 15710
15710 15710 15710
15710 15710 15710
15710 15710 15710
15710 15710 15710
15710 15710 15710
15710 15710 15710
15710 15710 15710
-40760 -47280 -41749
-31505 -37215 -35252
-29890 -36075 -34277
-24130 -34365 -33273
-24130 -33990 -32603
-22670 -33475 -32006
-15405 -32930 -31538
-15405 -32430 -31096
-15405 -32125 -30581
-15405 -31675 -30080
-15405 -31320 -29559
-13710 -31010 -28914
-13710 -30415 -28510
-11365 -30090 -27958
-11365 -29830 -27398
-11365 -29685 -26903
-11365 -28765 -26407
-11365 -28645 -25763
-11365 -27735 -25073
-11365 -27230 -24436
-11365 -26700 -23869
-11365 -26115 -23362
-11365 -24955 -22723
-11365 -24735 -22280
-11365 -23890 -21636
-11365 -23740 -20979
-11365 -23195 -20275
-11365 -22105 -19520
-11365 -21345 -18811
-11365 -20345 -18260
-11365 -19785 -17814
-11365 -18655 -17503
-10045 -18570 -17234
-10045 -18030 -16983
-10045 -17600 -16815
-10045 -17570 -16623
-10045 -17385 -16461
-10045 -17345 -16279
-10045 -16835 -16056
-10045 -16835 -15878
-10045 -16680 -15658
-10045 -16205 -15450
-10045 -15800 -15307
-10045 -15795 -15239
-10045 -15795 -15152
-10045 -15505 -15027
-10045 -15490 -14941
-10045 -15405 -14822
-10045 -15375 -14730
-10045 -15325 -14612
-10045 -15205 -14476
-10045 -15060 -14323
-10045 -14865 -14201
-10045 -14690 -14079
-10045 -14420 -14017
-10045 -14340 -13998
-10045 -14295 -13990
-10045 -14295 -13985
-10045 -14295 -13976
-10045 -14295 -13959
-10045 -14295 -13919
-10045 -14250 -13878
-10045 -14250 -13850
-10045 -14150 -13824
-10045 -14150 -13757
-10045 -14150 -13689
-10045 -14150 -13596
-10045 -14150 -13485
-10045 -13750 -13385
-10045 -13750 -13305
-10045 -13710 -13240
-10045 -13470 -13176
-10045 -13420 -13142
-10045 -13400 -13121
-10045 -13400 -13092
-10045 -13365 -13051
-10045 -13330 -13007
-10045 -13295 -12966
-10045 -13210 -12930
-10045 -13210 -12880
-10045 -13210 -12831
-10045 -13085 -12786
-10045 -13085 -12738
-10045 -12975 -12689
-10045 -12870 -12654
-10045 -12870 -12628
-10045 -12850 -12600
-10045 -12850 -12573
-10045 -12720 -12556
-10045 -12720 -12550
-10045 -12720 -12543
-10045 -12720 -12529
-10045 -12685 -12524
-10045 -12685 -12514
-10045 -12685 -12513
-10045 -12685 -12503
-10045 -12685 -12496
-10045 -12685 -12484
-10045 -12685 -12463
-10045 -12680 -12440
-10045 -12635 -12413
-10045 -12635 -12395
-10045 -12600 -12376
-10045 -12600 -12346
-10045 -12580 -12310
-10045 -12580 -12263
-10045 -12445 -12229
-10045 -12430 -12202
-10045 -12385 -12166
-10045 -12385 -12139
-9935 -12290 -12113
-9485 -12290 -12087
-9485 -12290 -12062
-9485 -12290 -12008
-9485 -12285 -11942
-9485 -12155 -11876
-9485 -12080 -11829
-9485 -12020 -11791
-9485 -11945 -11756
-9485 -11945 -11714
-9485 -11945 -11664
-9485 -11825 -11619
-9485 -11825 -11581
-9485 -11780 -11544
-9485 -11675 -11504
-9485 -11655 -11467
-9485 -11645 -11434
-9485 -11645 -11402
-9485 -11485 -11396
-9485 -11485 -11396
-9485 -11485 -11396
-9485 -11485 -11395
-9485 -11485 -11395
-9485 -11485 -11382
-9485 -11485 -11380
-9485 -11485 -11371
-9485 -11485 -11364
-9485 -11470 -11359
-9485 -11470 -11352
-9485 -11470 -11341
-9485 -11470 -11329
-9485 -11465 -11317
-9485 -11415 -11312
-9485 -11410 -11306
-9485 -11410 -11297
-9485 -11400 -11294
-9485 -11400 -11290
-9485 -11400 -11283
-9485 -11400 -11269
-9485 -11400 -11249
-9485 -11380 -11219
-9485 -11365 -11193
-9485 -11330 -11171
-9485 -11245 -11162
-9485 -11245 -11161
-9105 -11245 -11149
-9105 -11245 -11147
-9105 -11240 -11145
-9105 -11240 -11139
-9105 -11235 -11138
-9105 -11235 -11132
-9105 -11235 -11128
-9105 -11235 -11123
-9105 -11235 -11115
-9105 -11225 -11104
-9105 -11225 -11092
-9105 -11210 -11068
-9105 -11175 -11064
-9105 -11175 -11059
-9105 -11165 -11054
-9105 -11165 -11047
-9105 -11165 -11038
-9105 -11165 -11021
-9105 -11140 -11010
-9105 -11130 -11000
-9105 -11115 -10986
-9105 -11090 -10973
-9105 -11090 -10966
-9105 -11075 -10957
-9105 -11075 -10947
-9105 -11075 -10932
-9105 -11050 -10917
-9105 -11050 -10899
-9040 -10985 -10876
-9040 -10985 -10872
-9040 -10970 -10868
-9040 -10970 -10867
-9040 -10970 -10864
-9040 -10970 -10860
-9040 -10970 -10853
-9040 -10965 -10846
-9040 -10965 -10829
-9040 -10940 -10823
-9040 -10940 -10818
-9040 -10915 -10815
-9040 -10915 -10815
-9040 -10915 -10814
-9040 -10915 -10813
-9040 -10915 -10812
-9040 -10915 -10811
-9040 -10910 -10811
-9040 -10910 -10811
-9040 -10910 -10811
-9040 -10910 -10811
-9040 -10910 -10811
-9040 -10910 -10811
-9040 -10910 -10811
-9040 -10910 -10808
-9040 -10910 -10808
-9040 -10910 -10807
-9040 -10910 -10806
-9040 -10910 -10803
-9040 -10910 -10798
-9040 -10910 -10788
-9040 -10910 -10776
-9040 -10910 -10764
-9040 -10850 -10757
-9040 -10850 -10757
-9040 -10850 -10757
-9040 -10850 -10756
-9040 -10850 -10756
-9040 -10850 -10756
-9040 -10850 -10755
-9040 -10850 -10754
-9040 -10850 -10752
-9040 -10850 -10748
-9040 -10850 -10743
-9040 -10850 -10738
-9040 -10825 -10735
-9040 -10825 -10735
-9040 -10825 -10735
-9040 -10825 -10735
-9040 -10825 -10735
-9040 -10825 -10735
-9040 -10825 -10735
-9040 -10825 -10735
-9040 -10825 -10735
-9040 -10825 -10735
-9040 -10825 -10735
-9040 -10825 -10732
-9040 -10825 -10732
-9040 -10825 -10732
-9040 -10825 -10731
-9040 -10825 -10722
-9040 -10825 -10718
-9040 -10825 -10710
-9040 -10825 -10701
-9040 -10825 -10689
-9040 -10780 -10682
-9040 -10780 -10678
-9040 -10780 -10672
-9040 -10780 -10665
-9040 -10755 -10659
-9040 -10755 -10653
-9040 -10755 -10645
-9040 -10755 -10637
-9040 -10715 -10632
-9040 -10715 -10630
-9040 -10715 -10630
-9040 -10715 -10630
-9040 -10715 -10629
-9040 -10715 -10628
-9040 -10715 -10626
-9040 -10715 -10622
-9040 -10715 -10617
-9040 -10715 -10612
-9040 -10690 -10609
-9040 -10690 -10609
-9040 -10690 -10608
-9040 -10690 -10608
-9040 -10690 -10608
-9040 -10690 -10608
-9040 -10690 -10608
-9040 -10690 -10605
-9040 -10690 -10605
-9040 -10690 -10603
-9040 -10690 -10602
-9040 -10685 -10602
-9040 -10685 -10601
-9040 -10685 -10596
-9040 -10685 -10595
-9040 -10685 -10593
-9040 -10680 -10591
-9040 -10680 -10588
-9040 -10680 -10582
-9040 -10680 -10565
-9040 -10680 -10550
-9040 -10680 -10535
-9040 -10605 -10524
-9040 -10605 -10521
-9040 -10605 -10516
-9040 -10605 -10506
-9040 -10605 -10495
-9040 -10605 -10481
-9040 -10550 -10476
-9040 -10550 -10474
-9040 -10550 -10472
-9040 -10550 -10470
-9040 -10550 -10462
-9040 -10550 -10452
-9040 -10550 -10442
-9040 -10550 -10431
-9040 -10500 -10428
-9040 -10500 -10426
-9040 -10500 -10422
-9040 -10500 -10417
-9040 -10500 -10412
-9040 -10475 -10409
-9040 -10475 -10409
-9040 -10475 -10406
-9040 -10475 -10405
-9040 -10475 -10405
-9040 -10475 -10405
-9040 -10475 -10405
-9040 -10475 -10404
-9040 -10475 -10402
-9040 -10475 -10400
-9040 -10475 -10398
-9040 -10465 -10397
-9040 -10465 -10397
-9040 -10465 -10397
-9040 -10465 -10397
-9040 -10465 -10397
-9040 -10465 -10397
-9040 -10465 -10397
-9040 -10465 -10397
-9040 -10465 -10397
-9040 -10465 -10397
-9040 -10465 -10397
-9040 -10465 -10397
-9040 -10465 -10397
-9040 -10465 -10397
-9040 -10465 -10397
-9040 -10465 -10397
-9040 -10465 -10396
-9040 -10465 -10396
-9040 -10465 -10395
-9040 -10465 -10395
-9040 -10465 -10395
-9040 -10465 -10393
-9040 -10465 -10391
-9040 -10465 -10388
-9040 -10465 -10385
-9040 -10450 -10379
-9040 -10450 -10379
-9040 -10450 -10379
-9040 -10450 -10379
-9040 -10450 -10378
-9040 -10450 -10376
-9040 -10450 -10373
-9040 -10450 -10369
-9040 -10450 -10365
-9040 -10430 -10362
-9040 -10430 -10362
-9040 -10430 -10362
-9040 -10430 -10362
-9040 -10430 -10362
-9040 -10430 -10359
-9040 -10430 -10359
-9040 -10430 -10354
-9040 -10430 -10353
-9040 -10430 -10352
-9040 -10430 -10349
-9040 -10430 -10344
-9040 -10430 -10339
-9040 -10430 -10334
-9040 -10405 -10333
-9040 -10405 -10333
-9040 -10405 -10333
-9040 -10405 -10333
-9040 -10405 -10333
-9040 -10405 -10333
-9040 -10405 -10333
-9040 -10405 -10333
-9040 -10405 -10333
-9040 -10405 -10333
-9040 -10405 -10333
-9040 -10405 -10333
-9040 -10405 -10333
-9040 -10405 -10332
-9040 -10405 -10332
-9040 -10405 -10331
-9040 -10405 -10323
-9040 -10405 -10323
-9040 -10405 -10320
-9040 -10405 -10318
-9040 -10405 -10312
-9040 -10405 -10302
-9040 -10405 -10290
-9040 -10395 -10278
-9040 -10350 -10273
-9040 -10350 -10272
-9040 -10350 -10271
-9040 -10345 -10269
-9040 -10345 -10268
-9040 -10345 -10265
-9040 -10345 -10262
-9040 -10345 -10258
-9040 -10330 -10256
-9040 -10330 -10254
-9040 -10330 -10251
-7780 -10330 -10234
-7780 -10330 -10227
-7780 -10310 -10219
-7780 -10310 -10218
-7780 -10310 -10215
-7780 -10310 -10210
-7780 -10310 -10201
-7780 -10310 -10188
-7780 -10280 -10176
-7780 -10275 -10154
-7780 -10275 -10146
-7780 -10235 -10141
-7780 -10235 -10140
-7780 -10235 -10138
-7780 -10235 -10135
-7780 -10235 -10132
-7780 -10230 -10129
-7780 -10225 -10126
-7780 -10215 -10125
-7780 -10215 -10125
-7780 -10215 -10125
-7780 -10215 -10119
-7780 -10215 -10119
-7780 -10215 -10118
-7780 -10215 -10118
-7780 -10215 -10117
-7780 -10215 -10116
-7780 -10215 -10112
-7780 -10215 -10108
-7780 -10215 -10104
-7780 -10195 -10102
-7780 -10195 -10102
-7780 -10195 -10102
-7780 -10195 -10102
-7780 -10195 -10102
-7780 -10195 -10102
-7780 -10195 -10102
-7780 -10195 -10102
-7780 -10195 -10102
-7780 -10195 -10102
-7780 -10195 -10102
-7780 -10195 -10102
-7780 -10195 -10102
-7780 -10195 -10100
-7780 -10195 -10100
-7780 -10195 -10099
-7780 -10195 -10097
-7780 -10195 -10094
-7780 -10195 -10086
-7780 -10195 -10072
-7780 -10195 -10054
-7780 -10195 -10036
-7780 -10105 -10024
-7780 -10105 -10024
-7780 -10105 -10024
-7780 -10105 -10018
-7780 -10105 -10018
-7780 -10105 -10015
-7780 -10105 -10013
-7780 -10105 -10009
-7780 -10105 -10001
-7780 -10105 -9988
-7780 -10105 -9976
-7780 -10080 -9966
-7780 -10045 -9963
-7780 -10045 -9962
-7780 -10040 -9961
-7780 -10040 -9957
-7780 -10040 -9957
-7780 -10040 -9957
-7780 -10040 -9957
-7780 -10040 -9951
-7780 -10040 -9950
-7780 -10040 -9948
-7780 -10040 -9942
-7780 -10040 -9939
-7780 -10030 -9936
-7780 -10030 -9935
-7780 -10030 -9933
-7780 -10030 -9931
-7780 -10025 -9928
-7780 -10025 -9925
-7780 -10025 -9918
-7780 -10020 -9911
-7780 -10020 -9904
-7780 -9985 -9899
-7780 -9985 -9897
-7780 -9985 -9897
-7780 -9985 -9896
-7780 -9985 -9895
-7780 -9985 -9893
-7780 -9985 -9889
-7780 -9985 -9881
-7780 -9985 -9871
-7780 -9985 -9861
-7780 -9935 -9855
-7780 -9935 -9855
-7780 -9935 -9855
-7780 -9935 -9855
-7780 -9935 -9855
-7780 -9935 -9855
-7780 -9935 -9855
-7780 -9935 -9855
-7780 -9935 -9855
-7780 -9935 -9855
-7780 -9935 -9855
-7780 -9935 -9854
-7780 -9935 -9854
-7780 -9935 -9852
-7780 -9935 -9845
-7780 -9935 -9840
-7780 -9935 -9833
-7780 -9935 -9825
-7780 -9900 -9821
-7780 -9900 -9820
-7780 -9900 -9818
-7780 -9900 -9816
-7780 -9900 -9814
-7780 -9890 -9813
-7780 -9890 -9813
-7780 -9890 -9812
-7780 -9890 -9812
-7780 -9890 -9811
-7780 -9890 -9808
-7780 -9890 -9803
-7780 -9890 -9797
-7780 -9890 -9791
-7780 -9860 -9787
-7780 -9860 -9784
-7780 -9860 -9783
-7780 -9860 -9782
-7780 -9860 -9780
-7780 -9860 -9777
-7780 -9860 -9774
-7780 -9850 -9771
-7780 -9850 -9768
-7780 -9850 -9765
-7780 -9835 -9763
-7780 -9835 -9763
-7780 -9835 -9763
-7780 -9835 -9763
-7780 -9835 -9763
-7780 -9835 -9754
-7780 -9835 -9754
-7780 -9835 -9754
-7780 -9835 -9754
-7780 -9835 -9753
-7780 -9835 -9753
-7780 -9835 -9752
-7780 -9835 -9751
-7780 -9835 -9750
-7780 -9830 -9750
-7780 -9830 -9750
-7780 -9830 -9750
-7780 -9830 -9750
-7780 -9830 -9750
-7780 -9830 -9748
-7780 -9830 -9748
-7780 -9830 -9748
-7780 -9830 -9748
-7780 -9830 -9748
-7780 -9830 -9748
-7780 -9830 -9747
-7780 -9830 -9746
-7780 -9830 -9745
-7780 -9825 -9744
-7780 -9825 -9744
-7780 -9825 -9744
-7780 -9825 -9744
-7780 -9825 -9734
-7780 -9825 -9730
-7780 -9825 -9729
-7780 -9825 -9726
-7780 -9825 -9721
-7780 -9825 -9712
-7780 -9820 -9702
-7780 -9820 -9691
-7780 -9790 -9682
-7780 -9785 -9676
-7780 -9755 -9663
-7780 -9755 -9659
-7780 -9755 -9658
-7780 -9755 -9654
-7780 -9755 -9651
-7780 -9755 -9637
-7780 -9755 -9626
-7780 -9755 -9611
-7780 -9745 -9592
-7780 -9695 -9577
-7780 -9695 -9564
-7780 -9690 -9545
-7780 -9665 -9531
-7780 -9665 -9517
-7780 -9600 -9512
-7780 -9600 -9510
-7780 -9600 -9506
-7780 -9590 -9503
-7780 -9590 -9502
-7780 -9590 -9499
-7780 -9590 -9494
-7780 -9590 -9488
-7780 -9590 -9482
-7780 -9565 -9480
-7780 -9565 -9479
-7780 -9560 -9479
-7780 -9560 -9479
-7780 -9560 -9479
-7780 -9560 -9479
-7780 -9560 -9479
-7780 -9560 -9479
-7780 -9560 -9479
-7780 -9560 -9479
-7780 -9560 -9479
-7780 -9560 -9479
-7780 -9560 -9479
-7780 -9560 -9479
-7780 -9560 -9479
-7780 -9560 -9479
-7780 -9560 -9479
-7780 -9560 -9479
-7780 -9560 -9479
-7780 -9560 -9479
-7780 -9560 -9479
-7780 -9560 -9479
-7780 -9560 -9479
-7780 -9560 -9479
-7780 -9560 -9478
-7780 -9560 -9478
-7780 -9560 -9477
-7780 -9560 -9476
-7780 -9560 -9469
-7780 -9560 -9463
-7780 -9560 -9453
-7780 -9560 -9442
-7780 -9540 -9432
-7780 -9505 -9426
-7780 -9505 -9425
-7780 -9505 -9424
-7780 -9505 -9423
-7780 -9500 -9422
-7780 -9500 -9419
-7780 -9500 -9415
-7780 -9500 -9404
-7780 -9500 -9398
-7780 -9485 -9394
-7780 -9485 -9388
-7780 -9485 -9379
-7780 -9485 -9369
-7780 -9450 -9361
-7780 -9445 -9357
-7780 -9435 -9354
-7780 -9435 -9351
-7780 -9430 -9350
-7780 -9430 -9348
-7780 -9430 -9345
-7780 -9430 -9338
-7780 -9430 -9321
-7780 -9430 -9303
-7780 -9430 -9284
-7780 -9360 -9270
-7780 -9335 -9267
-7780 -9335 -9267
-7780 -9335 -9266
-7780 -9335 -9265
-7780 -9335 -9263
-7780 -9330 -9262
-7780 -9330 -9262
-7780 -9330 -9261
-7780 -9330 -9261
-7780 -9330 -9259
-7780 -9330 -9256
-7780 -9330 -9252
-7780 -9330 -9248
-7780 -9310 -9245
-7780 -9310 -9245
-7680 -9310 -9237
-7680 -9310 -9234
-7680 -9310 -9233
-7680 -9310 -9232
-7680 -9310 -9228
-7680 -9305 -9225
-7680 -9305 -9222
-7680 -9300 -9219
-7680 -9300 -9209
-7680 -9300 -9194
-7680 -9295 -9182
-7680 -9295 -9164
-7680 -9265 -9151
-7680 -9230 -9145
-7680 -9230 -9141
-7680 -9230 -9136
-7680 -9210 -9130
-7680 -9210 -9126
-7680 -9210 -9114
-7680 -9210 -9108
-7680 -9200 -9104
-7680 -9180 -9100
-7680 -9180 -9100
-7680 -9180 -9100
-7680 -9180 -9099
-7680 -9180 -9097
-7680 -9180 -9096
-7680 -9175 -9095
-7680 -9175 -9094
-7680 -9175 -9093
-7680 -9170 -9092
-7680 -9170 -9092
-7680 -9170 -9092
-7680 -9170 -9092
-7680 -9170 -9088
-7680 -9170 -9088
-7680 -9170 -9084
-7680 -9170 -9084
-7680 -9170 -9084
-7680 -9170 -9084
-7680 -9170 -9084
-7680 -9170 -9084
-7680 -9170 -9084
-7680 -9170 -9084
-7680 -9170 -9076
-7555 -9170 -9060
-7555 -9170 -9059
-7555 -9170 -9051
-7555 -9170 -9041
-7555 -9170 -9030
-7555 -9170 -9005
-7555 -9170 -8985
-7555 -9140 -8960
-7555 -9105 -8936
-7555 -9100 -8905
-7555 -9040 -8883
-7555 -9015 -8871
-7555 -8980 -8863
-7555 -8970 -8856
-7555 -8970 -8851
-7555 -8970 -8841
-7555 -8960 -8827
-7555 -8960 -8816
-7555 -8945 -8806
-7555 -8945 -8797
-7555 -8905 -8794
-7555 -8905 -8792
-7555 -8900 -8786
-7555 -8900 -8777
-7555 -8900 -8774
-7555 -8890 -8770
-7555 -8890 -8759
-7555 -8890 -8745
-7555 -8890 -8730
-7555 -8870 -8694
-7555 -8840 -8667
-7185 -8840 -8631
-7185 -8805 -8596
-5210 -8770 -8521
-5210 -8770 -8448
-5175 -8735 -8339
-5175 -8540 -8256
-5175 -8515 -8217
-5175 -8370 -8204
-5175 -8340 -8189
-5175 -8340 -8172
-5175 -8325 -8159
-5175 -8295 -8140
-5175 -8290 -8130
-5175 -8280 -8119
-5175 -8260 -8105
-5175 -8260 -8093
-5175 -8235 -8082
-5175 -8210 -8067
-5175 -8210 -8058
-5175 -8210 -8048
-5175 -8165 -8043
-5175 -8165 -8041
-5175 -8165 -8035
-5175 -8165 -8025
-5175 -8165 -8013
-5175 -8165 -7996
-5175 -8110 -7989
-4145 -8110 -7965
-4145 -8110 -7954
-4145 -8110 -7942
-4145 -8090 -7926
-4145 -8090 -7895
-4145 -8055 -7876
-4145 -8040 -7855
-4145 -8035 -7830
-4145 -8015 -7808
-4145 -7945 -7790
-4145 -7925 -7781
-4145 -7925 -7760
-4145 -7925 -7750
-4145 -7890 -7734
-4145 -7890 -7725
-4145 -7890 -7709
-4145 -7875 -7693
-4145 -7875 -7675
-4145 -7820 -7667
-4145 -7820 -7659
-4145 -7795 -7655
-4145 -7795 -7635
-4145 -7780 -7631
-4145 -7780 -7626
-4145 -7780 -7621
-4145 -7780 -7607
-4145 -7755 -7601
-4145 -7755 -7595
-4145 -7755 -7589
-4145 -7740 -7584
-4145 -7725 -7575
-4145 -7725 -7573
-4145 -7725 -7572
-4145 -7725 -7570
-4145 -7720 -7563
-4145 -7720 -7541
-4145 -7720 -7530
-4145 -7720 -7521
-4145 -7705 -7513
-4145 -7680 -7508
-4145 -7680 -7497
-4145 -7680 -7489
-4145 -7680 -7479
-4145 -7665 -7469
-4145 -7635 -7461
-4145 -7635 -7458
-4145 -7620 -7444
-4145 -7620 -7443
-4145 -7620 -7442
-4145 -7615 -7441
-4145 -7615 -7435
-4145 -7615 -7435
-4145 -7615 -7434
-4145 -7615 -7433
-4145 -7615 -7431
-4145 -7610 -7429
-4145 -7610 -7428
-4145 -7610 -7426
-4145 -7610 -7409
-4145 -7600 -7397
-4145 -7600 -7396
-4145 -7600 -7394
-4145 -7600 -7391
-4145 -7600 -7350
-3370 -7590 -7325
-3370 -7590 -7311
-3370 -7590 -7296
-3370 -7590 -7286
-3370 -7555 -7275
-3370 -7555 -7263
-3370 -7555 -7246
-3370 -7520 -7224
-3370 -7500 -7207
-3370 -7475 -7189
-3370 -7475 -7169
-3370 -7450 -7142
-3370 -7450 -7125
-3370 -7365 -7118
-3370 -7365 -7115
-3370 -7365 -7098
-3370 -7365 -7095
-3370 -7365 -7088
-3370 -7365 -7076
-3370 -7365 -7055
-3370 -7355 -7026
-3370 -7355 -6992
-3370 -7280 -6943
-3370 -7200 -6929
-3370 -7185 -6922
-3370 -7185 -6913
-3370 -7185 -6893
-3370 -7185 -6855
-3370 -7185 -6792
-3370 -7185 -6741
-3370 -6975 -6707
-3370 -6940 -6693
-3370 -6940 -6678
-3370 -6940 -6660
-3370 -6940 -6633
-3140 -6890 -6590
-3140 -6890 -6560
-3140 -6815 -6504
-3140 -6815 -6466
-3140 -6815 -6424
-3140 -6640 -6393
-3140 -6640 -6370
-3140 -6640 -6344
-3140 -6640 -6314
-3140 -6540 -6297
-3140 -6525 -6286
-3140 -6480 -6279
-3140 -6480 -6278
-3140 -6480 -6275
-3140 -6480 -6256
-3140 -6480 -6242
-3140 -6480 -6215
-3140 -6480 -6197
-3140 -6400 -6185
-3140 -6400 -6177
-3140 -6400 -6165
-3140 -6400 -6150
-3140 -6385 -6132
-3140 -6350 -6118
-3140 -6350 -6106
-3140 -6290 -6099
-3140 -6290 -6092
-3140 -6290 -6091
-3140 -6290 -6091
-3140 -6290 -6072
-3140 -6290 -6064
-3140 -6290 -6056
-3140 -6290 -6040
-3140 -6290 -6015
-3140 -6290 -5972
-3140 -6255 -5919
-3140 -6255 -5866
-3140 -6190 -5821
-3140 -6005 -5804
-3140 -5985 -5801
-3140 -5985 -5801
-3140 -5985 -5799
-3140 -5985 -5796
-3140 -5985 -5791
-3140 -5985 -5780
-3140 -5985 -5766
-3140 -5985 -5752
-3140 -5915 -5742
-3140 -5915 -5742
-3140 -5915 -5731
-3140 -5915 -5731
-3140 -5915 -5729
-3140 -5915 -5724
-3140 -5915 -5711
-3140 -5915 -5697
-3140 -5915 -5672
-3140 -5915 -5634
-3140 -5915 -5587
-3140 -5805 -5555
-3140 -5805 -5519
-3140 -5680 -5478
-3140 -5680 -5450
-3140 -5665 -5412
720 -5665 -5337
720 -5515 -5287
1165 -5515 -5236
1165 -5460 -5228
1165 -5435 -5220
1165 -5430 -5213
1165 -5430 -5204
1165 -5425 -5196
1165 -5395 -5189
1165 -5395 -5184
1165 -5390 -5178
1165 -5390 -5164
1165 -5390 -5093
1165 -5390 -5046
1165 -5390 -4995
1165 -5220 -4975
1165 -5220 -4973
1165 -5220 -4968
1165 -5220 -4960
1165 -5220 -4949
1165 -5210 -4935
1165 -5210 -4921
1165 -5175 -4902
1165 -5140 -4897
1165 -5140 -4892
1165 -5140 -4887
1165 -5140 -4885
1165 -5140 -4881
1165 -5140 -4871
1165 -5140 -4858
1165 -5140 -4829
1165 -5130 -4782
1165 -5125 -4687
1165 -5125 -4597
1165 -4890 -4554
1165 -4890 -4509
1165 -4890 -4420
1165 -4815 -4368
1165 -4650 -4316
1165 -4650 -4286
1165 -4570 -4260
1165 -4570 -4208
1165 -4540 -4177
1165 -4505 -4149
1165 -4395 -4133
1165 -4385 -4107
1165 -4385 -4107
1165 -4385 -4105
1165 -4385 -4104
1165 -4385 -4080
1165 -4380 -4068
1165 -4380 -4060
1165 -4380 -4030
1165 -4380 -3994
1165 -4340 -3985
1165 -4340 -3976
1165 -4340 -3934
1165 -4315 -3917
1165 -4315 -3898
1165 -4290 -3877
1165 -4255 -3856
1165 -4255 -3838
1165 -4195 -3827
1165 -4195 -3819
1165 -4160 -3813
1165 -4155 -3793
1165 -4155 -3793
1165 -4155 -3793
1165 -4155 -3785
1165 -4155 -3784
1165 -4155 -3783
1165 -4155 -3761
1165 -4155 -3758
1165 -4155 -3737
1165 -4145 -3727
1165 -4145 -3722
1165 -4145 -3716
1165 -4135 -3696
1165 -4135 -3684
1165 -4135 -3666
1165 -4110 -3645
1165 -4075 -3616
1165 -4075 -3556
1165 -4040 -3494
1165 -4040 -3407
1165 -4040 -3327
1165 -3725 -3249
1165 -3725 -3198
1165 -3725 -3140
1165 -3670 -3072
1200 -3580 -2972
1200 -3485 -2881
1200 -3470 -2760
1200 -3370 -2657
1200 -3140 -2571
1200 -2965 -2531
1200 -2910 -2504
1200 -2910 -2475
1200 -2910 -2433
1200 -2825 -2387
1200 -2825 -2338
1200 -2740 -2280
1240 -2740 -2220
1240 -2550 -2185
1240 -2550 -2167
1240 -2550 -2117
1240 -2550 -2012
1240 -2540 -1905
1240 -2540 -1777
1240 -2130 -1656
1240 -2030 -1593
1240 -1915 -1525
1240 -1915 -1450
1240 -1900 -1340
1740 -1860 -1206
1740 -1630 -1096
1740 -1425 -996
1740 -1425 -928
1740 -1140 -877
1740 -1140 -849
1740 -1140 -802
1740 -1085 -728
1740 -1070 -654
1740 -850 -576
1740 -850 -531
1740 -740 -484
1740 -740 -435
1740 -670 -386
1740 -660 -331
1740 -480 -281
1740 -410 -261
1740 -410 -253
1740 -390 -239
1740 -390 -223
1740 -390 -199
1740 -390 -172
1935 -295 -133
1935 -295 -122
1935 -255 -113
2030 -255 -83
2030 -235 -74
2100 -235 -45
2100 -210 -33
2100 -210 -23
2100 -210 1
2100 -200 23
2100 -200 56
2100 -150 87
2100 -150 117
2355 -40 141
2355 -40 150
2355 -15 157
4575 -15 186
4575 10 190
4575 10 217
4575 10 223
7275 25 341
7690 25 395
7690 30 457
7690 30 521
7690 70 597
7690 125 688
7690 125 792
8305 310 916
8875 495 1001
8875 565 1045
9550 645 1159
9685 715 1385
9685 715 1503
9685 720 1676
9685 850 1812
9685 860 2021
9685 1000 2242
9685 1240 2541
9685 1570 2735
9685 1790 2915
9685 1935 3147
9685 2030 3405
9685 2200 3703
9685 2590 4119
9685 3070 4384
9990 3505 4658
9990 3980 4855
9990 4110 4962
10250 4300 5107
10335 4300 5245
10335 4560 5350
10335 4560 5509
10335 4600 5747
10335 4660 6108
10335 5250 6427
10405 5540 6721
10405 6165 6890
10405 6425 6999
10405 6450 7157
10405 6450 7360
10405 6450 7592
10405 7140 7737
10405 7200 7906
10405 7275 8062
10405 7690 8199
10405 7760 8309
10405 8005 8417
10405 8020 8490
10405 8250 8548
10405 8250 8615
10775 8305 8735
10775 8305 8873
10775 8500 9006
10835 8535 9134
10835 8970 9172
11050 8980 9221
11050 8990 9265
11050 9045 9337
11050 9050 9404
11050 9205 9470
11050 9230 9534
11050 9345 9581
11050 9345 9642
11050 9440 9686
11180 9510 9749
11180 9550 9785
11180 9670 9824
11180 9685 9844
11180 9695 9887
11180 9700 9930
11180 9785 9971
11180 9785 9999
11180 9850 10033
11180 9905 10051
11185 9920 10072
11185 9920 10097
11675 9960 10130
11675 9960 10158
11675 9990 10194
11675 10020 10247
12020 10075 10297
12020 10105 10387
12020 10140 10468
12020 10320 10546
12020 10320 10622
12760 10350 10729
12760 10460 10821
12760 10640 10891
12760 10695 10955
12760 10775 11037
12760 10835 11115
12760 10920 11183
12760 10990 11245
12760 11040 11324
12770 11110 11404
12770 11180 11482
12770 11300 11545
12770 11360 11612
12770 11380 11667
12770 11530 11719
12770 11600 11743
12770 11620 11764
12770 11645 11800
12770 11675 11821
12835 11690 11851
12835 11715 11886
12835 11760 11919
12835 11770 11960
12835 11815 11998
12835 11825 12045
12835 11920 12073
12835 11940 12109
12835 11990 12138
12850 12020 12174
12850 12050 12206
12850 12090 12236
12850 12135 12262
12850 12160 12289
12850 12200 12318
12850 12205 12343
12850 12235 12369
12850 12315 12388
12850 12315 12404
12950 12320 12428
12950 12360 12459
12950 12400 12475
12950 12420 12491
12950 12435 12511
12950 12435 12530
12950 12440 12554
13035 12495 12575
13035 12515 12595
13035 12530 12615
13035 12555 12635
13035 12570 12654
13035 12605 12667
13225 12620 12684
13225 12640 12697
13225 12650 12707
13225 12670 12717
13225 12680 12726
13225 12690 12732
13225 12695 12747
13225 12700 12760
13225 12705 12774
13225 12705 12793
13225 12760 12804
13225 12770 12810
13260 12770 12819
13260 12780 12823
13260 12790 12829
13325 12790 12839
13455 12800 12853
13455 12805 12865
13455 12810 12876
13455 12820 12889
13455 12830 12904
13455 12835 12922
13455 12850 12938
13455 12890 12949
13455 12925 12955
13455 12925 12958
13455 12925 12960
13455 12930 12964
13455 12930 12968
13455 12930 12972
13455 12930 12980
13455 12930 12985
13455 12950 12992
13455 12950 13000
13455 12950 13011
13590 12960 13024
13590 12965 13035
13590 12985 13044
13590 12995 13054
13590 13005 13069
13590 13025 13078
13590 13030 13084
13590 13035 13094
13590 13035 13112
13590 13055 13129
13620 13060 13150
13620 13065 13175
13620 13125 13191
13620 13125 13212
13620 13125 13233
13620 13185 13253
13670 13195 13267
13670 13215 13287
13670 13220 13311
13780 13225 13338
13780 13260 13364
13780 13320 13390
13780 13325 13411
13780 13330 13441
13780 13365 13466
13780 13425 13480
13780 13450 13489
13780 13455 13500
13780 13455 13512
13780 13460 13527
13780 13470 13544
13780 13505 13557
13780 13525 13566
13780 13530 13574
13780 13550 13582
13780 13550 13587
13780 13570 13593
13780 13570 13596
13780 13575 13601
13780 13575 13607
13840 13580 13614
13840 13580 13626
13840 13590 13636
13840 13610 13645
13840 13620 13655
13840 13620 13667
13840 13635 13677
13840 13650 13685
13840 13665 13689
13840 13665 13695
13970 13670 13704
14010 13680 13714
14010 13690 13720
14010 13700 13725
14010 13700 13732
14010 13700 13742
14010 13710 13756
14010 13710 13770
14010 13725 13784
14010 13760 13792
14010 13770 13797
14010 13780 13800
14010 13780 13803
14010 13780 13804
14010 13780 13806
14010 13780 13811
14010 13780 13819
14010 13780 13828
14010 13780 13841
14010 13810 13853
14010 13820 13862
14010 13840 13865
14010 13840 13871
14010 13840 13881
14010 13840 13892
14010 13845 13910
14010 13875 13927
14010 13880 13941
14010 13920 13954
14010 13945 13956
14010 13945 13957
14010 13945 13961
14045 13945 13966
14045 13945 13972
14045 13950 13979
14045 13970 13988
14075 13970 13997
14075 13970 14006
14145 14005 14012
14145 14010 14013
14145 14010 14016
14145 14010 14018
14145 14010 14018
14145 14010 14021
14145 14010 14022
14145 14010 14022
14145 14010 14023
14145 14010 14024
14145 14010 14025
14145 14010 14027
14145 14010 14028
14145 14010 14033
14145 14010 14038
14145 14015 14048
14145 14015 14060
14145 14020 14076
14275 14045 14093
14275 14070 14118
14625 14080 14139
14625 14115 14167
14625 14145 14180
14665 14145 14195
14695 14145 14217
14765 14145 14246
14765 14145 14287
14765 14165 14350
14765 14250 14403
14765 14275 14458
15005 14335 14520
15095 14405 14578
15095 14495 14628
15095 14560 14672
15095 14625 14704
15095 14625 14737
15095 14665 14765
15195 14695 14798
15195 14730 14824
15195 14765 14851
15200 14765 14894
15200 14765 14958
15200 14830 15020
15235 14955 15066
15235 15005 15095
15300 15065 15124
15310 15095 15146
15310 15095 15174
15310 15130 15204
15570 15195 15225
15570 15195 15251
15570 15200 15283
15570 15235 15312
15570 15240 15342
15570 15300 15367
15570 15310 15397
15570 15310 15439
15605 15335 15489
15605 15440 15521
15640 15500 15549
15640 15505 15565
15710 15570 15576
15710 15570 15579
15710 15570 15582
15710 15570 15585
15710 15570 15591
15710 15570 15596
15710 15570 15607
15710 15570 15624
15710 15605 15644
15710 15605 15660
15710 15640 15676
15710 15640 15691
15710 15675 15708
15710 15710 15710
15710 15710 15710
15710 15710 15710
15710 15710 15710
15710 15710 15710
15710 15710 15710
15710 15710 15710
15710 15710 15710
15710 15710 15710
15710 15710 15710
15710 15710 15710
15710 15710 15710
15710 15710 15710
15710 15710 15710
15710 15710 15710
15710 15710 15710
15710 15710 15710
15710 15710 15710
15710 15710 15710
15710 15710 15710
15710 15710 15710
15710 15710 15710
15710 15710 15710
15710 15710 15710
15710 15710 15710
15710 15710 15710
15710 15710 15710
15710 15710 15710
15710 15710 15710
15710 15710 15710
15710 15710 15710
15710 15710 15710
15710 15710 15710
15710 15710 15710
15710 15710 15710
15710 15710 15710
15710 15710 15710
15710 15710 15710
15710 15710 15710
15710 15710 15710
15710 15710 15710
15710 15710 15710
15710 15710 15710
15710 15710 15710
15710 15710 15710
15710 15710 15710
15710 15710 15710
15710 15710 15710
15710 15710 15710
15710 15710 15710
15710 15710 15710
15710 15710 15710
15710 15710 15710
15710 15710 15710
15710 15710 15710
15710 15710 15710
15710 15710 15710
15710 15710 15710
15710 15710 15710
15710 15710 15710
15710 15710 15710
15710 15710 15710
15710 15710 15710
15710 15710 15710
15710 15710 15710
15710 15710 15710
15710 15710 15710
15710 15710 15710
15710 15710 15710
15710 15710 15710
15710 15710 15710
15710 15710 15710
15710 15710 15710
15710 15710 15710
15710 15710 15710
15710 15710 15710
15710 15710 15710
15710 15710 15710
15710 15710 15710
15710 15710 15710
15710 15710 15710
15710 15710 15710
15710 15710 15710
15710 15710 15710
15710 15710 15710
15710 15710 15710
15710 15710 15710
15710 15710 15710
15710 15710 15710
15710 15710 15710
15710 15710 15710
15710 15710 15710
15710 15710 15710
15710 15710 15710
15710 15710 15710
15710 15710 15710
15710 15710 15710
15710 15710 15710
15710 15710 15710
15710 15710 15710
15710 15710 15710
15710 15710 15710
15710 15710 15710
15710 15710 15710
15710 15710 15710
15710 15710 15710
15710 15710 15710
15710 15710 15710
15710 15710 15710
15710 15710 15710
15710 15710 15710
15710 15710 15710
15710 15710 15710
15710 15710 15710
15710 15710 15710
15710 15710 15710
15710 15710 15710
15710 15710 15710
15710 15710 15710
15710 15710 15710
15710 15710 15710
15710 15710 15710
15710 15710 15710
15710 15710 15710
15710 15710 15710
15710 15710 15710
15710 15710 15710
15710 15710 15710
15710 15710 15710
15710 15710 15710
15710 15710 15710
15710 15710 15710
15710 15710 15710
15710 15710 15710
15710 15710 15710
15710 15710 15710
15710 15710 15710
15710 15710 15710
15710 15710 15710
15710 15710 15710
15710 15710 15710
15710 15710 15710
15710 15710 15710
15710 15710 15710
15710 15710 15710
15710 15710 15710
15710 15710 15710
15710 15710 15710
15710 15710 15710
15710 15710 15710
15710 15710 15710
15710 15710 15710
15710 15710 15710
15710 15710 15710
15710 15710 15710
15710 15710 15710
15710 15710 15710
15710 15710 15710
15710 15710 15710
15710 15710 15710
15710 15710 15710
15710 15710 15710
15710 15710 15710
15710 15710 15710
15710 15710 15710
15710 15710 15710
15710 15710 15710
15710 15710 15710
15710 15710 15710
15710 15710 15710
15710 15710 15710
15710 15710 15710
15710 15710 15710
15710 15710 15710
15710 15710 15710
15710 15710 15710
15710 15710 15710
15710 15710 15710
15710 15710 15710
15710 15710 15710
15710 15710 15710
15710 15710 15710
15710 15710 15710
15710 15710 15710
15710 15710 15710
15710 15710 15710
15710 15710 15710
15710 15710 15710
15710 15710 15710
15710 15710 15710
15710 15710 15710
15710 15710 15710
15710 15710 15710
15710 15710 15710
15710 15710 15710
15710 15710 15710
15710 15710 15710
15710 15710 15710
15710 15710 15710
15710 15710 15710
15710 15710 15710
15710 15710 15710
15710 15710 15710
15710 15710 15710
15710 15710 15710
15710 15710 15710
15710 15710 15710
15710 15710 15710
15710 15710 15710
15710 15710 15710
15710 15710 15710
15710 15710 15710
15710 15710 15710
15710 15710 15710
15710 15710 15710
15710 15710 15710
15710 15710 15710
15710 15710 15710
15710 15710 15710
15710 15710 15710
15710 15710 15710
15710 15710 15710
15710 15710 15710
15710 15710 15710
15710 15710 15710
15710 15710 15710
15710 15710 15710
15710 15710 15710
15710 15710 15710
15710 15710 15710
15710 15710 15710
15710 15710 15710
15710 15710 15710
15710 15710 15710
15710 15710 15710
15710 15710 15710
15710 15710 15710
15710 15710 15710
15710 15710 15710
15710 15710 15710
15710 15710 15710
15710 15710 15710
15710 15710 15710
15710 15710 15710
15710 15710 15710
15710 15710 15710
15710 15710 15710
15710 15710 15710
15710 15710 15710
15710 15710 15710
15710 15710 15710
15710 15710 15710
15710 15710 15710
15710 15710 15710
15710 15710 15710
15710 15710 15710
15710 15710 15710
15710 15710 15710
15710 15710 15710
15710 15710 15710
15710 15710 15710
15710 15710 15710
15710 15710 15710
15710 15710 15710
15710 15710 15710
15710 15710 15710
15710 15710 15710
15710 15710 15710
15710 15710 15710
15710 15710 15710
15710 15710 15710
15710 15710 15710
15710 15710 15710
15710 15710 15710
15710 15710 15710
15710 15710 15710
15710 15710 15710
15710 15710 15710
15710 15710 15710
15710 15710 15710
15710 15710 15710
15710 15710 15710
15710 15710 15710
15710 15710 15710
15710 15710 15710
15710 15710 15710
15710 15710 15710
15710 15710 15710
15710 15710 15710
15710 15710 15710
15710 15710 15710
15710 15710 15710
15710 15710 15710
15710 15710 15710
15710 15710 15710
15710 15710 15710
15710 15710 15710
15710 15710 15710
15710 15710 15710
15710 15710 15710
15710 15710 15710
15710 15710 15710
15710 15710 15710
15710 15710 15710
15710 15710 15710
15710 15710 15710
15710 15710 15710
15710 15710 15710
15710 15710 15710
15710 15710 15710
15710 15710 15710
15710 15710 15710
15710 15710 15710
15710 15710 15710
15710 15710 15710
15710 15710 15710
15710 15710 15710
15710 15710 15710
15710 15710 15710
15710 15710 15710
15710 15710 15710
15710 15710 15710
15710 15710 15710
15710 15710 15710
15710 15710 15710
15710 15710 15710
15710 15710 15710
15710 15710 15710
15710 15710 15710
15710 15710 15710
15710 15710 15710
15710 15710 15710
15710 15710 15710
15710 15710 15710
15710 15710 15710
15710 15710 15710
15710 15710 15710
15710 15710 15710
15710 15710 15710
15710 15710 15710
15710 15710 15710
15710 15710 15710
15710 15710 15710
15710 15710 15710
15710 15710 15710
15710 15710 15710
15710 15710 15710
15710 15710 15710
15710 15710 15710
15710 15710 15710
15710 15710 15710
15710 15710 15710
15710 15710 15710
15710 15710 15710
15710 15710 15710
15710 15710 15710
15710 15710 15710
15710 15710 15710
15710 15710 15710
15710 15710 15710
15710 15710 15710
15710 15710 15710
15710 15710 15710
15710 15710 15710
15710 15710 15710
15710 15710 15710
15710 15710 15710
15710 15710 15710
15710 15710 15710
15710 15710 15710
15710 15710 15710
15710 15710 15710
15710 15710 15710
15710 15710 15710
15710 15710 15710
15710 15710 15710
15710 15710 15710
15710 15710 15710
15710 15710 15710
15710 15710 15710
15710 15710 15710
15710 15710 15710
15710 15710 15710
15710 15710 15710
15710 15710 15710
15710 15710 15710
15710 15710 15710
15710 15710 15710
15710 15710 15710
15710 15710 15710
15710 15710 15710
15710 15710 15710
15710 15710 15710
15710 15710 15710
15710 15710 15710
15710 15710 15710
15710 15710 15710
15710 15710 15710
15710 15710 15710
15710 15710 15710
15710 15710 15710
15710 15710 15710
15710 15710 15710
15710 15710 15710
15710 15710 15710
15710 15710 15710
15710 15710 15710
15710 15710 15710
15710 15710 15710
15710 15710 15710
15710 15710 15710
15710 15710 15710
15710 15710 15710
15710 15710 15710
15710 15710 15710
15710 15710 15710
15710 15710 15710
15710 15710 15710
15710 15710 15710
15710 15710 15710
15710 15710 15710
15710 15710 15710
15710 15710 15710
15710 15710 15710
15710 15710 15710
15710 15710 15710
15710 15710 15710
15710 15710 15710
15710 15710 15710
15710 15710 15710
15710 15710 15710
15710 15710 15710
15710 15710 15710
15710 15710 15710
15710 15710 15710
15710 15710 15710
15710 15710 15710
15710 15710 15710
15710 15710 15710
15710 15710 15710
15710 15710 15710
15710 15710 15710
15710 15710 15710
15710 15710 15710
15710 15710 15710
15710 15710 15710
15710 15710 15710
15710 15710 15710
15710 15710 15710
15710 15710 15710
15710 15710 15710
15710 15710 15710
15710 15710 15710
15710 15710 15710
15710 15710 15710
15710 15710 15710
15710 15710 15710
15710 15710 15710
15710 15710 15710
15710 15710 15710
15710 15710 15710
15710 15710 15710
15710 15710 15710
15710 15710 15710
15710 15710 15710
15710 15710 15710
15710 15710 15710
15710 15710 15710
15710 15710 15710
15710 15710 15710
15710 15710 15710
15710 15710 15710
15710 15710 15710
15710 15710 15710
15710 15710 15710
15710 15710 15710
15710 15710 15710
15710 15710 15710
15710 15710 15710
15710 15710 15710
15710 15710 15710
15710 15710 15710
15710 15710 15710
15710 15710 15710
15710 15710 15710
15710 15710 15710
15710 15710 15710
15710 15710 15710
15710 15710 15710
15710 15710 15710
15710 15710 15710
15710 15710 15710
15710 15710 15710
15710 15710 15710
15710 15710 15710
15710 15710 15710
15710 15710 15710
15710 15710 15710
15710 15710 15710
15710 15710 15710
15710 15710 15710
15710 15710 15710
15710 15710 15710
15710 15710 15710
15710 15710 15710
15710 15710 15710
15710 15710 15710
15710 15710 15710
15710 15710 15710
15710 15710 15710
15710 15710 15710
15710 15710 15710
15710 15710 15710
15710 15710 15710
15710 15710 15710
15710 15710 15710
15710 15710 15710
15710 15710 15710
15710 15710 15710
15710 15710 15710
15710 15710 15710
15710 15710 15710
15710 15710 15710
15710 15710 15710
15710 15710 15710
15710 15710 15710
15710 15710 15710
15710 15710 15710
15710 15710 15710
15710 15710 15710
15710 15710 15710
15710 15710 15710
15710 15710 15710
15710 15710 15710
15710 15710 15710
15710 15710 15710
15710 15710 15710
15710 15710 15710
15710 15710 15710
15710 15710 15710
15710 15710 15710
15710 15710 15710
15710 15710 15710
15710 15710 15710
15710 15710 15710
15710 15710 15710
15710 15710 15710
15710 15710 15710
15710 15710 15710
15710 15710 15710
15710 15710 15710
15710 15710 15710
15710 15710 15710
15710 15710 15710
15710 15710 15710
15710 15710 15710
15710 15710 15710
15710 15710 15710
15710 15710 15710
15710 15710 15710
15710 15710 15710
15710 15710 15710
15710 15710 15710
15710 15710 15710
15710 15710 15710
15710 15710 15710
15710 15710 15710
15710 15710 15710
15710 15710 15710
15710 15710 15710
15710 15710 15710
