-62480 -63060 -58603
-47960 -57780 -53713
-47430 -57645 -52199
-47335 -57560 -51850
-47335 -57635 -51540
-46230 -57645 -51526
-46230 -57115 -51274
-46230 -57780 -51599
-46230 -57560 -51361
-46230 -57780 -50925
-46230 -57640 -51062
-46230 -57580 -50929
-46230 -57420 -50981
-46230 -57640 -50962
-46230 -59145 -51137
-35360 -57570 -50908
-35360 -57630 -50694
-35360 -57500 -50635
-35360 -57190 -50704
-35360 -57275 -50504
-35360 -57205 -50725
-35360 -57330 -50307
-35360 -56895 -50471
-35360 -57310 -50547
-35360 -57635 -50626
-35360 -57485 -50398
-35360 -57640 -50479
-23810 -57645 -50502
-23810 -57370 -49974
-23810 -57680 -50368
-23810 -57460 -50173
-23810 -57370 -50287
-23810 -57560 -50108
-23810 -57505 -50219
-23810 -57440 -50283
-23810 -57575 -50140
-23810 -57470 -50019
-23810 -57360 -50004
-23810 -58355 -50236
-23810 -57535 -50029
-23810 -56690 -49850
-23810 -57580 -49885
-23810 -57370 -49838
-23810 -57560 -49999
-23810 -56595 -50018
-23810 -57000 -49638
-23810 -57345 -49609
-23810 -56600 -49633
-23810 -57255 -49686
-23810 -56575 -49555
-23810 -56400 -49487
-23810 -57220 -49699
-23810 -57680 -50087
-23810 -57020 -49536
-23275 -56690 -49376
-23275 -57120 -49303
-23275 -57325 -49721
-23275 -57530 -49557
-23275 -56920 -49380
-23275 -56175 -49228
-23275 -56595 -49401
-23275 -57505 -49456
-20710 -57495 -49307
-20710 -57090 -49209
-20710 -57630 -49478
-20710 -57580 -49349
-20710 -56655 -48891
-20710 -57010 -49125
-18145 -56400 -48933
-18145 -57255 -49170
-18145 -57030 -49037
-18145 -57090 -49292
-18145 -57295 -49016
-18145 -57085 -49054
-18145 -57150 -48994
-18145 -56055 -48709
-18145 -57400 -48899
-18145 -57470 -48751
-18145 -57640 -48990
-18145 -57290 -48771
-18145 -56275 -48444
-18145 -57420 -48802
-18145 -57275 -48783
-18145 -56495 -48660
-18145 -58030 -49081
-18145 -58435 -49213
-17130 -56785 -48311
-17130 -56510 -48439
-17130 -56815 -48405
-17130 -57630 -48547
-17130 -56540 -48224
-17130 -55705 -48400
-17130 -56310 -48278
-17130 -56240 -48115
-17130 -56735 -48513
-17130 -57505 -48573
-17130 -57220 -48576
-17130 -55820 -48184
-17130 -57285 -48363
-17130 -57575 -48624
-17130 -56310 -48443
-17130 -57470 -48551
-17130 -56665 -48315
-17130 -57555 -48428
-17130 -56605 -48368
-17130 -56170 -48293
-17130 -56960 -48330
-17130 -56950 -48484
-17130 -57100 -48474
-17130 -56650 -48418
-17130 -57250 -48494
-17130 -57510 -48396
-17130 -55520 -47746
-17130 -57575 -48459
-17130 -56600 -48314
-17130 -57090 -48354
-17130 -56440 -48395
-17130 -56630 -48525
-17130 -56800 -48143
-17130 -57025 -48247
-17130 -57000 -48001
-17130 -55520 -47751
-17130 -56570 -47822
-17130 -57460 -48356
-17130 -57370 -48227
-17130 -56000 -47760
-17130 -57215 -48253
-17130 -56630 -47987
-17130 -57035 -48146
-17130 -56585 -47949
-17130 -57260 -48266
-17130 -57070 -47972
-17130 -56970 -48025
-17130 -57405 -48242
-17130 -56985 -48072
-17130 -57305 -48290
-17130 -56590 -48000
-17130 -56130 -47988
-17130 -57510 -48432
-17130 -57320 -48095
-17130 -57575 -48295
-17130 -55860 -47736
-17130 -56190 -47898
-17130 -56805 -48055
-17130 -56980 -48092
-17130 -55850 -47836
-17130 -57125 -48141
-17130 -57630 -48076
-17130 -57185 -47961
-17130 -57140 -48082
-17130 -56630 -47968
-17130 -56965 -47898
-17130 -55880 -47456
-17130 -57580 -48123
-17130 -57405 -47732
-17130 -57260 -48213
-17130 -56755 -47720
-17130 -56565 -47869
-17130 -56135 -47715
-17130 -57405 -47956
-17130 -57590 -48024
-17130 -56835 -47910
-17130 -56750 -48149
-17130 -56925 -47747
-17130 -56245 -47784
-17130 -56905 -47749
-17130 -56600 -47590
-17130 -57295 -48031
-17130 -55820 -47699
-17130 -57420 -47868
-17130 -56840 -47618
-17130 -57090 -47988
-17130 -56815 -47854
-17130 -55820 -47637
-17130 -57200 -47789
-17130 -55530 -47335
-17130 -56525 -47654
-17130 -57115 -47753
-17130 -56325 -47535
-17130 -56310 -47811
-17130 -56630 -47410
-17130 -56735 -47622
-17130 -56770 -47697
-17130 -55820 -47648
-17130 -56020 -47422
-17130 -56215 -47412
-17130 -56005 -47402
-17130 -56435 -47736
-17130 -56785 -47762
-17130 -57010 -47836
-17130 -57350 -47835
-17130 -56535 -47698
-17130 -56610 -47426
-17130 -56770 -47697
-17130 -56145 -47410
-17130 -56270 -47500
-17130 -55720 -47389
-17130 -56300 -47210
-17130 -56430 -47475
-17130 -56765 -47592
-17130 -56905 -47450
-17130 -56885 -47505
-17130 -56540 -47534
-17130 -55820 -47367
-17130 -57330 -47578
-17130 -56085 -47288
-17130 -55730 -47318
-17130 -56825 -47419
-17130 -55820 -46963
-17130 -57570 -47716
-17130 -56090 -47322
-17130 -56805 -47458
-17130 -57405 -47685
-17130 -57200 -47285
-17130 -56040 -47075
-17130 -56725 -47066
-17130 -57505 -47418
-17130 -56540 -47210
-17130 -56590 -47323
-17130 -57300 -47415
-17130 -57635 -47375
-17130 -56285 -47204
-17130 -56565 -47200
-17130 -57140 -47119
-17130 -57915 -47621
-17130 -55690 -46896
-17130 -56535 -46950
-17130 -56735 -47364
-17130 -56745 -47143
-17130 -57080 -47192
-17130 -57410 -47532
-17130 -55485 -46799
-17130 -56110 -47035
-17130 -56040 -46928
-17130 -56580 -47161
-17130 -57350 -47414
-17130 -56765 -47049
-17130 -57515 -47164
-17130 -56210 -46781
-17130 -56390 -47036
-17130 -56360 -46988
-17130 -56590 -46843
-17130 -57340 -47003
-17130 -57105 -46814
-17130 -56825 -46929
-17130 -56825 -47010
-17130 -57255 -47096
-17130 -55505 -46582
-17130 -56915 -46934
-17130 -57715 -47143
-17130 -57010 -46567
-17130 -57300 -46779
-17130 -57100 -46624
-17130 -56210 -46718
-17130 -56760 -46695
-17130 -56920 -46766
-17130 -55985 -46706
-17130 -56500 -46543
-17130 -55970 -46309
-17130 -55855 -46548
-17130 -57500 -47191
-17130 -56370 -46534
-17130 -56400 -46853
-17130 -56610 -46665
-17130 -57140 -46680
-17130 -57190 -46751
-17130 -57205 -46965
-17130 -56060 -46540
-17130 -56535 -46577
-17130 -56335 -46745
-17130 -56590 -46554
-17130 -57125 -46845
-17130 -55820 -46366
-17130 -57010 -46513
-17130 -55995 -46059
-17130 -55715 -46388
-17130 -56135 -46393
-17130 -56225 -46089
-17130 -56725 -46497
-17130 -55820 -46204
-17130 -56315 -46096
-17130 -56185 -46204
-17130 -56230 -46056
-16185 -56460 -46058
-16185 -56570 -45968
-16185 -56400 -46054
-16185 -56180 -45918
-16185 -56725 -45939
-16185 -56620 -46073
-16185 -56790 -46182
-16185 -56945 -46150
-16185 -57000 -46230
-16185 -55820 -45969
-16185 -56440 -46062
-16185 -57110 -46079
-16185 -56540 -45983
-16185 -57445 -46011
-16185 -55865 -45694
-16185 -56410 -46101
-16185 -56435 -45797
-16185 -55040 -45350
-16185 -56870 -45891
-16185 -57405 -46185
-16185 -56125 -45635
-16185 -55655 -45622
-16185 -57450 -45964
-16185 -55840 -45762
-16185 -55810 -45388
-16185 -56565 -45779
-16185 -56700 -45758
-16185 -56555 -45931
-16185 -55690 -45663
-16185 -56885 -45517
-16185 -57055 -45484
-16185 -57780 -45790
-16185 -56695 -45490
-16185 -55790 -45237
-16185 -56195 -45305
-16185 -56395 -45389
-16185 -57410 -45826
-16185 -56980 -45442
-16185 -57250 -45701
-16185 -57190 -45404
-16185 -57380 -45643
-16185 -56985 -45368
-16185 -57120 -45105
-16185 -56215 -45059
-16185 -56700 -45295
-16185 -56825 -45209
-16185 -57185 -45415
-16185 -56790 -45213
-16185 -56370 -45058
-16185 -56550 -45063
-16185 -56365 -45118
-16185 -55460 -44908
-16185 -55800 -45193
-16185 -56430 -45060
-16185 -56440 -44922
-16185 -56055 -45342
-16185 -55965 -44952
-16185 -57120 -45135
-16185 -57470 -45079
-16185 -55960 -44825
-16185 -57470 -45200
-16185 -56930 -44969
-16185 -57190 -44934
-16185 -56490 -45235
-16185 -57150 -45198
-16185 -56435 -45227
-16185 -57510 -45348
-16185 -56280 -44818
-16185 -56895 -45001
-16185 -57070 -45058
-16185 -57560 -45280
-16185 -56735 -45021
-16185 -55950 -44942
-16185 -57540 -45526
-16185 -56505 -44895
-16185 -56090 -44961
-16185 -56270 -44782
-16185 -57530 -45382
-16185 -57225 -45120
-16185 -57025 -44902
-16185 -56310 -44733
-16185 -56470 -44619
-16185 -56330 -44799
-16185 -55755 -44660
-16185 -56080 -44660
-16185 -57240 -45123
-16185 -55550 -44349
-16185 -55720 -44519
-16185 -56235 -44639
-16185 -56935 -44917
-16185 -55820 -44810
-15820 -57200 -45038
-15820 -57545 -44822
-15820 -57350 -44791
-15820 -55800 -44322
-15820 -57215 -44685
-15820 -56600 -44394
-15820 -55785 -44200
-15820 -56090 -44601
-15820 -57085 -44816
-15820 -56135 -44222
-15820 -56450 -44516
-15820 -56295 -44604
-15820 -57200 -44666
-15820 -57250 -44631
-15820 -56045 -44169
-15820 -56890 -44748
-15820 -56800 -44437
-15820 -57450 -44873
-15820 -57130 -44588
-15820 -56935 -44630
-15820 -56770 -44519
-15820 -56460 -44551
-15820 -56440 -44428
-15820 -55500 -44141
-15820 -56740 -44477
-15820 -56390 -44398
-15820 -55840 -44122
-15820 -56080 -44380
-15820 -56105 -44152
-15820 -57165 -44367
-15820 -57005 -44491
-15820 -56905 -44258
-15820 -55975 -44271
-15820 -55620 -43831
-15820 -56670 -44101
-15820 -57145 -44291
-15820 -56985 -44287
-15820 -57410 -44320
-15820 -56950 -44261
-15820 -57120 -44428
-15820 -57050 -44392
-15820 -57360 -44356
-15820 -55810 -43969
-15820 -57560 -44335
-15820 -56920 -44128
-15820 -56900 -43964
-15820 -56620 -44087
-15820 -55970 -44088
-15820 -56565 -43985
-15820 -56945 -43750
-15820 -55220 -43494
-15820 -57115 -44199
-15820 -56120 -43625
-15820 -56735 -43726
-15820 -56905 -43829
-15820 -56775 -43894
-15820 -56670 -43659
-15820 -57075 -43673
-15820 -56395 -43454
-15820 -56760 -43680
-15820 -57095 -43624
-15820 -55650 -43374
-15820 -55845 -43562
-15820 -57595 -43530
-15820 -55895 -43343
-15820 -56840 -43605
-15820 -56050 -43421
-15820 -57440 -43513
-15820 -56270 -43299
-15820 -55775 -43071
-15820 -56580 -43545
-15820 -55995 -43269
-15820 -57320 -43378
-15820 -56415 -43337
-15820 -56275 -43303
-15820 -57260 -43169
-15820 -55570 -42926
-15820 -56400 -43195
-15820 -56980 -43443
-15820 -57255 -43414
-15820 -55780 -43084
-15820 -56595 -43011
-15820 -57100 -43198
-15820 -56400 -43183
-15820 -55935 -42880
-15820 -56135 -43191
-15820 -56990 -43181
-15820 -56980 -43172
-15820 -55635 -42874
-15820 -56890 -42931
-15820 -56105 -42781
-15820 -57190 -42987
-15820 -57580 -43104
-15820 -55330 -42658
-15820 -55980 -42777
-15820 -57500 -43214
-15820 -56710 -42938
-15820 -55320 -42765
-15820 -56005 -42649
-15820 -56860 -43084
-15820 -57425 -42820
-15820 -55905 -42793
-15820 -56940 -42599
-15820 -57405 -42855
-15820 -57430 -43028
-15820 -56085 -42636
-15820 -56420 -42478
-15820 -56480 -42652
-15820 -57410 -42695
-15820 -55760 -42564
-15820 -56440 -42335
-15820 -57210 -42619
-15820 -55385 -42054
-15820 -57150 -42633
-15820 -56365 -42214
-15820 -56655 -42401
-15820 -56820 -42269
-15820 -56225 -42441
-15820 -56030 -42089
-15820 -56780 -42158
-15820 -56500 -42265
-15820 -55720 -41698
-15820 -56880 -42177
-15820 -57270 -42321
-15820 -56310 -41601
-15820 -55690 -41712
-15820 -55485 -41628
-15820 -57340 -42191
-15820 -57405 -42292
-15820 -56390 -41776
-15820 -56350 -41718
-15820 -56100 -41712
-15820 -56130 -41752
-15820 -56055 -41928
-15820 -58045 -42086
-15820 -56400 -41905
-15820 -56600 -41722
-15820 -56270 -41478
-15820 -57020 -41809
-15820 -56200 -41747
-15820 -56990 -41738
-15820 -56785 -41811
-15820 -56860 -41770
-15820 -56210 -41443
-15820 -56325 -41461
-15820 -57015 -41670
-15820 -56840 -41632
-15820 -55285 -41459
-15820 -55840 -41605
-15820 -56890 -41407
-15820 -55645 -41328
-15820 -57295 -41289
-15820 -56305 -41529
-15820 -56430 -41541
-15820 -56900 -41605
-15820 -56405 -41365
-15820 -55905 -41338
-15820 -55720 -41000
-15820 -55780 -40871
-15820 -56330 -41373
-15820 -56570 -40813
-15820 -55770 -40637
-15820 -56295 -41181
-15820 -56840 -41079
-15820 -57245 -41209
-15820 -56600 -40983
-15820 -57330 -41236
-15820 -56660 -40950
-15820 -57350 -41208
-15820 -56570 -41195
-15820 -55965 -40691
-15820 -56365 -40850
-15820 -57230 -40706
-15820 -57185 -40994
-15820 -55760 -40686
-15820 -57490 -40897
-15820 -56410 -40924
-15820 -56700 -40908
-15820 -55450 -40544
-15820 -57390 -41082
-15820 -57140 -40876
-15820 -57340 -41269
-15820 -56455 -40411
-15820 -56820 -40822
-15820 -56655 -40684
-15820 -57045 -40947
-15820 -56500 -40792
-15820 -56400 -40740
-15820 -55590 -40516
-15820 -56290 -40818
-15820 -55880 -40509
-15820 -55990 -40704
-15820 -55630 -40598
-15820 -56090 -40559
-15820 -57210 -40946
-15820 -56970 -40587
-15820 -56355 -40663
-15820 -56150 -40501
-15820 -55800 -40251
-15820 -56500 -40617
-15820 -56055 -40380
-15820 -56345 -40322
-15820 -55700 -40300
-15820 -55700 -40232
-15820 -56910 -40489
-15820 -55850 -40345
-15820 -56105 -40302
-15820 -56975 -40412
-15820 -57005 -40344
-15820 -56935 -40293
-15820 -57260 -40230
-15820 -56040 -40259
-15820 -56310 -40462
-15820 -56190 -40113
-15820 -57050 -40478
-15820 -56320 -40228
-15820 -56330 -40051
-15820 -55975 -39565
-15820 -56500 -40248
-15820 -55620 -39966
-15820 -56590 -40116
-15820 -57110 -40209
-15820 -57120 -39918
-15820 -55800 -39651
-15820 -55970 -39831
-15820 -56270 -40037
-15820 -57085 -39903
-15820 -56425 -39790
-15820 -55855 -39737
-15820 -56055 -39760
-15820 -56030 -39806
-15820 -57305 -40206
-15820 -57190 -39812
-15820 -55960 -39759
-15820 -55615 -39653
-15820 -57265 -39785
-15820 -56905 -39533
-15820 -55055 -39233
-15820 -55660 -39322
-15820 -55870 -39531
-15820 -55850 -39615
-15820 -56300 -39494
-15820 -56505 -39681
-15820 -56345 -39698
-15820 -56115 -39545
-15820 -55620 -39430
-15820 -56525 -39364
-15820 -56065 -39429
-15820 -57580 -39671
-15820 -56870 -39419
-15820 -55290 -39044
-15820 -55295 -39230
-15820 -55550 -39422
-15820 -56480 -39430
-15820 -56265 -39067
-15820 -55230 -39025
-15820 -55830 -39153
-15820 -55290 -38951
-15820 -56595 -39056
-15820 -57635 -39506
-15820 -54350 -38416
-15820 -55550 -38914
-15820 -56925 -39372
-15820 -55620 -38915
-15820 -56270 -39160
-15820 -56100 -39043
-15820 -56830 -38688
-15820 -54820 -38473
-15820 -56875 -38943
-15820 -55205 -38616
-15820 -56575 -39044
-15820 -55230 -38267
-15820 -55820 -38597
-15820 -56895 -39009
-15820 -55030 -38427
-15820 -56530 -38868
-15820 -56030 -38443
-15820 -56675 -38715
-15820 -56410 -38528
-15820 -56620 -38617
-15820 -57105 -38954
-15820 -55605 -38391
-15820 -57060 -38742
-15820 -55260 -38239
-15820 -55850 -38456
-15820 -55935 -38380
-15820 -57275 -38833
-15820 -55485 -37906
-15820 -55370 -38189
-15820 -56300 -38428
-15820 -55945 -38403
-15820 -55450 -38084
-15820 -55970 -38152
-15820 -57360 -38293
-15820 -56095 -38354
-15820 -55620 -37836
-15820 -55755 -37758
-15820 -56580 -38159
-15820 -55830 -37823
-15820 -55555 -37713
-15820 -55660 -37985
-15820 -57095 -38306
-15820 -57350 -38309
-15820 -56080 -38040
-15820 -56905 -38071
-15820 -55815 -37950
-15820 -56090 -37701
-15820 -56130 -37821
-15820 -57205 -38342
-15820 -56550 -37995
-15820 -55475 -37680
-15820 -55760 -37781
-15820 -55820 -37835
-15820 -56015 -37775
-15820 -55760 -37612
-15820 -55690 -38025
-15820 -56605 -38047
-15820 -56410 -37910
-15820 -56150 -37813
-15820 -56430 -37905
-15820 -56525 -37846
-15820 -55470 -37602
-15820 -55255 -37527
-15820 -56190 -37484
-15820 -56675 -37903
-15820 -56510 -37687
-15820 -55490 -37745
-15820 -55570 -37309
-15820 -55980 -37475
-15820 -55775 -37170
-15820 -56150 -37403
-15820 -56685 -37548
-15820 -55820 -37474
-15820 -56070 -37663
-15820 -55820 -37519
-15820 -55700 -37257
-15820 -54635 -37083
-15820 -56990 -37825
-15820 -55520 -37213
-15820 -55370 -37204
-15820 -55600 -37321
-15820 -56790 -37557
-15820 -55840 -37386
-15820 -56385 -37542
-15820 -56440 -37371
-15820 -55470 -36961
-15820 -55425 -36982
-15820 -57065 -37512
-15820 -55820 -37246
-15820 -55830 -37043
-15820 -56255 -37333
-15820 -56250 -37409
-15820 -56280 -37511
-14250 -56430 -37143
-14250 -57320 -37525
-14250 -55625 -37183
-14250 -56280 -37521
-14250 -56410 -37191
-14250 -56405 -37440
-14250 -55820 -37249
-14250 -56980 -37182
-14250 -56370 -37232
-14250 -57230 -37515
-14250 -57010 -37377
-14250 -56045 -36813
-14250 -56910 -37126
-14250 -55190 -36588
-14250 -56070 -37160
-14250 -56400 -36996
-14250 -56435 -37201
-14250 -56265 -36713
-14250 -55655 -36829
-14250 -55840 -37204
-14250 -55875 -37026
-14250 -55950 -37042
-14250 -55575 -36856
-14250 -56865 -37287
-14250 -57080 -37229
-14250 -56115 -36670
-14250 -56915 -37297
-14250 -56410 -36789
-14250 -57340 -37102
-14250 -56140 -36966
-14250 -55820 -36778
-14250 -55590 -36475
-14250 -55530 -36604
-14250 -56600 -37103
-14250 -55685 -36526
-14250 -55815 -36683
-14250 -56970 -36994
-14250 -56410 -36838
-14250 -55760 -36678
-14250 -55740 -36350
-14250 -57010 -36759
-14250 -56255 -36846
-14250 -56895 -36819
-14250 -56240 -36630
-14250 -55090 -36357
-14250 -55490 -36376
-14250 -56430 -36694
-14250 -55490 -36319
-14250 -55905 -36453
-14250 -56055 -36600
-14250 -55880 -36601
-14250 -56055 -36586
-14250 -56605 -36509
-14250 -55780 -36157
-14250 -55910 -36012
-14250 -55900 -35870
-14250 -55580 -36021
-14250 -56270 -36215
-14250 -55455 -35988
-14250 -55415 -35855
-14250 -57110 -36634
-14250 -56500 -36399
-14250 -55440 -36214
-14250 -55690 -35900
-14250 -55875 -36174
-14250 -55160 -35755
-14250 -56450 -36146
-14250 -54830 -35567
-14250 -56320 -35756
-14250 -56030 -36082
-14250 -56665 -35800
-14250 -57090 -35981
-14250 -56230 -36094
-14250 -55950 -36098
-14250 -55730 -35468
-14250 -55525 -35755
-14250 -56070 -35998
-14250 -55320 -35995
-14250 -56495 -36050
-14250 -56690 -36256
-14250 -54940 -35557
-14250 -55630 -35502
-14250 -57100 -36113
-14250 -55620 -35655
-14250 -55450 -35570
-14250 -55830 -35813
-14250 -54530 -35302
-14250 -56430 -36030
-14250 -55585 -35602
-14250 -55720 -35483
-14250 -55940 -35605
-14250 -55695 -35472
-14250 -56515 -35891
-14250 -55290 -35307
-14250 -55200 -35663
-14250 -55575 -35444
-14250 -56075 -35603
-14250 -56290 -35896
-14250 -55570 -35142
-14250 -55495 -35506
-14250 -55525 -35356
-14250 -55420 -35669
-14250 -54900 -35281
-14250 -56750 -35854
-14250 -55630 -35336
-14250 -55620 -35643
-14250 -55820 -35201
-14250 -55805 -35531
-14250 -56835 -35828
-14250 -57300 -36055
-14250 -56260 -35547
-14250 -55820 -35692
-14250 -55630 -35204
-14250 -55320 -35333
-14250 -56070 -35524
-14250 -55555 -35111
-14250 -55720 -34620
-14250 -56400 -35762
-14250 -55720 -35496
-14250 -56910 -35801
-14250 -55770 -35557
-14250 -56665 -35468
-14250 -57410 -35947
-14250 -56980 -35688
-14250 -56170 -35499
-14250 -55690 -35392
-14250 -55770 -34888
-14250 -55820 -35405
-14250 -55600 -35288
-14250 -55340 -35291
-14250 -54860 -35251
-14250 -56400 -35315
-14250 -55315 -35018
-14250 -55670 -35069
-14250 -55805 -35231
-14250 -55545 -34839
-14250 -55420 -35114
-14250 -56920 -35484
-14250 -56320 -35186
-14250 -55940 -35369
-14250 -56025 -34980
-14250 -56715 -35394
-14250 -54870 -34577
-14250 -56020 -35050
-14250 -56400 -34928
-14250 -55590 -34956
-14250 -56230 -35327
-14250 -55025 -34790
-14250 -56830 -35462
-14250 -56950 -35314
-14250 -56185 -35356
-14250 -55325 -35015
-14250 -55315 -35108
-14250 -56345 -35390
-14250 -55820 -35529
-14250 -55500 -34743
-14250 -55900 -34732
-14250 -56570 -35208
-14250 -55825 -35076
-14250 -56610 -35436
-14250 -55355 -34981
-14250 -56180 -35051
-14250 -55495 -35023
-14250 -55485 -34951
-14250 -57055 -35326
-14250 -55540 -34878
-14250 -55210 -34743
-14250 -55685 -34954
-14250 -55095 -34781
-14250 -55175 -34764
-14250 -56600 -34859
-14250 -54635 -34755
-14250 -56405 -34591
-14250 -55555 -34173
-14250 -55680 -34826
-14250 -54400 -34590
-14250 -55820 -34946
-14250 -55615 -34710
-14250 -55690 -34912
-14055 -55570 -34438
-14055 -55125 -34470
-14055 -55760 -34960
-14055 -55690 -34709
-14055 -56035 -35124
-14055 -56510 -34851
-14055 -56060 -34609
-14055 -55030 -34610
-14055 -56585 -35009
-14055 -55910 -34619
-14055 -55775 -34411
-14055 -55775 -34977
-14055 -55620 -34472
-14055 -54975 -34481
-14055 -56985 -34919
-14055 -57040 -34789
-14055 -57100 -34927
-14055 -56600 -34532
-14055 -55840 -34488
-14055 -55555 -34409
-14055 -55335 -34496
-14055 -53620 -34072
-14055 -56110 -34369
-14055 -55170 -34188
-14055 -56530 -35016
-14055 -56850 -34885
-14055 -55520 -34349
-14055 -56005 -34729
-14055 -55030 -34506
-14055 -54925 -34446
-14055 -56540 -34761
-14055 -55420 -34326
-14055 -55460 -34355
-14055 -54665 -34368
-14055 -55360 -34609
-14055 -55380 -34268
-14055 -55920 -34861
-14055 -55640 -34342
-14055 -55740 -34391
-14055 -55290 -33820
-14055 -54660 -34101
-14055 -55545 -33831
-14055 -55820 -34421
-14055 -55210 -34346
-14055 -57505 -34730
-14055 -56235 -34674
-14055 -54320 -33863
-14055 -55720 -34561
-14055 -55040 -34033
-14055 -55590 -34220
-14055 -56030 -34265
-14055 -55820 -34349
-14055 -56470 -34359
-14055 -55855 -34561
-14055 -55975 -34246
-14055 -55325 -33734
-14055 -55820 -34495
-14055 -55990 -34511
-14055 -55925 -34209
-14055 -54790 -33635
-14055 -55730 -34310
-14055 -55820 -34313
-14055 -55585 -34605
-14055 -56825 -34387
-14055 -54610 -33870
-14055 -57100 -34412
-14055 -56010 -33978
-14055 -55395 -33621
-14055 -55550 -34243
-14055 -57160 -34572
-14055 -55820 -33830
-14055 -56910 -34039
-14055 -55490 -33776
-14055 -56180 -34396
-14055 -55620 -33751
-14055 -55420 -34082
-14055 -56025 -34089
-14055 -56260 -34194
-14055 -55980 -34202
-14055 -57030 -34158
-14055 -55900 -34386
-14055 -55400 -33285
-14055 -55305 -33852
-14055 -54930 -33554
-14055 -54715 -33811
-14055 -55620 -34019
-14055 -56700 -34387
-14055 -55360 -33709
-14055 -54480 -33824
-14055 -55460 -33894
-14055 -55730 -33835
-14055 -55840 -33670
-14055 -55950 -33966
-14055 -54580 -33874
-14055 -56400 -34091
-14055 -54420 -33772
-14055 -55550 -34181
-14055 -55820 -33858
-6275 -55305 -33464
-6275 -55205 -33502
-6275 -54810 -34027
-6275 -56410 -34174
-6275 -54330 -33585
-6275 -54850 -32656
-6275 -54900 -33640
-6275 -54590 -33471
-6275 -55700 -33976
-6275 -55680 -33836
-6275 -55685 -33521
-6275 -55300 -33341
-6275 -55545 -33713
-6275 -55345 -34050
-6275 -54900 -33790
-6275 -56090 -33516
-6275 -54880 -33500
-6275 -54720 -33589
-6275 -55750 -33822
-6275 -55990 -33644
-6275 -55820 -33375
-6275 -56135 -33847
-6275 -55080 -33634
-6275 -56765 -33953
-6275 -55820 -33816
-6275 -55820 -33621
-6275 -55820 -33463
-6275 -55685 -33577
-6275 -55065 -33289
-6275 -55090 -33334
-6275 -55685 -33684
-6275 -55815 -33532
-6275 -55535 -33191
-6275 -55445 -33615
-6275 -54285 -33274
-6275 -54260 -32977
-6275 -55830 -33392
-6275 -54340 -32908
-6275 -55715 -32869
-6275 -56830 -34067
-6275 -55450 -32968
-6275 -54500 -32665
-6275 -55645 -33092
-6275 -55820 -33820
-6275 -55460 -33365
-6275 -55620 -33682
-6275 -56500 -32788
-6275 -56410 -33619
-6275 -55820 -33589
-6275 -55995 -33032
-6275 -55945 -33296
-6275 -56160 -33807
-6275 -55820 -33482
-6275 -55905 -33651
-6275 -55820 -33224
-6275 -55850 -33519
-6275 -55520 -33645
-6275 -55945 -33822
-6275 -55500 -33491
-6275 -56300 -33810
-6275 -55620 -32993
-6275 -54720 -33312
-6275 -55535 -33228
-6275 -55685 -32860
-6275 -55620 -33246
-6275 -55755 -33026
-6275 -56300 -33434
-6275 -54425 -32257
-6275 -54000 -31942
-6275 -55380 -32657
-6275 -55665 -33485
-6275 -56500 -33402
-6275 -56055 -32971
-6275 -55820 -33342
-6275 -55605 -33090
-6275 -55975 -33261
-6275 -55665 -33121
-6275 -55415 -32831
-6275 -54755 -32248
-6275 -55990 -33437
-6275 -54220 -32945
-6275 -55215 -32273
-6275 -55670 -32324
-6275 -54820 -32932
-6275 -55820 -31994
-6275 -55940 -32950
-6275 -55630 -32603
-6275 -55690 -33021
-6275 -55645 -32507
-6275 -56205 -33084
-6275 -54765 -31867
-6275 -54860 -32477
-6275 -54330 -32637
-6275 -56090 -32835
-6275 -55860 -32201
-6275 -55270 -32740
-6275 -55870 -32743
-6275 -54900 -32980
-6275 -55590 -31851
-6275 -55650 -32558
-6275 -55080 -31136
-6275 -55990 -32574
-6275 -55245 -31875
-6275 -55035 -32197
-6275 -55690 -32500
-6275 -54610 -31756
-6275 -55670 -31817
-6275 -55625 -32149
-6275 -55210 -32213
-6275 -57640 -33077
-6275 -55820 -32104
-6275 -55720 -32782
-6275 -55620 -32847
-6275 -55345 -32459
-6275 -55685 -31776
-6275 -55820 -32544
-6275 -55080 -32366
-6275 -56800 -32320
-6275 -55820 -31818
-6275 -54220 -31360
-6275 -55685 -32261
-6275 -55060 -32027
-6275 -54420 -32212
-6275 -55490 -31729
-6275 -55040 -32485
-6275 -55820 -31402
-6275 -54590 -32457
-6275 -55820 -32532
-6275 -54995 -32397
-6275 -55685 -32241
-6275 -55100 -32605
-6275 -56150 -32325
-6275 -55770 -32812
-6275 -55800 -32948
-6275 -55920 -32773
-6275 -55820 -32320
-6275 -55580 -31677
-6275 -55045 -32475
-6275 -55445 -32401
-6275 -55610 -31744
-6275 -55685 -31920
-6275 -55035 -31827
-6275 -55690 -31673
-6275 -54605 -32382
-6275 -56270 -32405
-6275 -55115 -31608
-6275 -54510 -32233
-6275 -55820 -31811
-6275 -53975 -31650
-6275 -55685 -32584
-6275 -55885 -32434
-6275 -55935 -32614
-6275 -55685 -31369
-6275 -55280 -31330
-6275 -53490 -31316
-6275 -55250 -32117
-6275 -55415 -32535
-6275 -54505 -31496
-6275 -55820 -32310
-6275 -55115 -31635
-6275 -54920 -31974
-6275 -54765 -32178
-6275 -55355 -32575
-6275 -55820 -32249
-6275 -55235 -31063
-6275 -55820 -31672
-6275 -54700 -31119
-6275 -54800 -32048
-6275 -55215 -31943
-6275 -54685 -31116
-6275 -54995 -31922
-6275 -55880 -31233
-6275 -54655 -31310
-6275 -55660 -31625
-6275 -55020 -31605
-6275 -55670 -31668
-6275 -55720 -31648
-6275 -54255 -31524
-6275 -54995 -31658
-6275 -54730 -31819
-6275 -55690 -32017
-6275 -55820 -32190
-6275 -53450 -30150
-6275 -53355 -30790
-6275 -55280 -31574
-6275 -55815 -31671
-6275 -55285 -31267
-6275 -54420 -31084
-6275 -55820 -31703
-6275 -56690 -31374
-6275 -56050 -30702
-6275 -54335 -30447
-6275 -52485 -29727
-6275 -56090 -31322
-6275 -55485 -30858
-6275 -54475 -31528
-6275 -56045 -31713
-6275 -52925 -29763
-6275 -54360 -30840
-6275 -53975 -31711
-6275 -54845 -31717
-6275 -54375 -30623
-6275 -55165 -30828
-6275 -54420 -30941
-6275 -55585 -31462
-6275 -54985 -31001
-6275 -54165 -30548
-6275 -55350 -30036
-6275 -55765 -31676
-6275 -55685 -31450
-6275 -55620 -31466
-6275 -55620 -31584
-6275 -54285 -29842
-6275 -55360 -30131
-6275 -54020 -31165
-6275 -55100 -31071
-6275 -55560 -31303
-6275 -54430 -30392
-6275 -55010 -31536
-6275 -53700 -29887
-6275 -54220 -30651
-6275 -55320 -30788
-6275 -55620 -30894
-6275 -52620 -30052
-6275 -54420 -30867
-6275 -55415 -30772
-6275 -54300 -30970
-6275 -54020 -29940
-6275 -55350 -29996
-6275 -54285 -29876
-6275 -55820 -30550
-6275 -55460 -31265
-6275 -54150 -29606
-6275 -55015 -30025
-6275 -54220 -29962
-6275 -55110 -30369
-6275 -54080 -29060
-6275 -54770 -29763
-6275 -54085 -29087
-6275 -55025 -29568
-6275 -54020 -30486
-6275 -55460 -29324
-6275 -55550 -29241
-6275 -55535 -29844
-6275 -55505 -30392
-6275 -54980 -28328
-6275 -53420 -29216
-6275 -54085 -28952
-6275 -52865 -29188
-6275 -55535 -29204
-6275 -55340 -29550
-6275 -53960 -27925
-6275 -54565 -29526
-6275 -52500 -29587
-6275 -52935 -28481
-6275 -54300 -28846
-6275 -52635 -27631
-6275 -54085 -28856
-6275 -51760 -27303
-6275 -52490 -27889
-6275 -53485 -27555
-6275 -54065 -28113
-6275 -55130 -30349
-6275 -53340 -28318
-6275 -52765 -28337
-6275 -52490 -28849
-6275 -55670 -29607
-6275 -53745 -27746
-6275 -54875 -29298
-6275 -52750 -29439
-6275 -54400 -30108
-6275 -55550 -30093
-6275 -55820 -29942
-6275 -54580 -29782
-6275 -55820 -28457
-6275 -54285 -28329
-6275 -55520 -28891
-6275 -52780 -28036
-6275 -55520 -29118
-6275 -54605 -28052
-6275 -54575 -29900
-6275 -53815 -28717
-6275 -55685 -29335
-6275 -52500 -29086
-6275 -54285 -29001
-6275 -53780 -28493
-6275 -54395 -28635
-6275 -53575 -27564
-6275 -53480 -27393
-6275 -54795 -28334
-6275 -52355 -27558
-6275 -53485 -26809
-6275 -53855 -28331
-6275 -54125 -28301
-6275 -52500 -26751
-6275 -54015 -28335
-6275 -54580 -29349
-6275 -52065 -27081
-6275 -54800 -29496
-6275 -52810 -27435
-6275 -52500 -27748
-6275 -54220 -28670
-6275 -53755 -26763
-6275 -55320 -28450
-6275 -52935 -28455
-6275 -53475 -26099
-6275 -53820 -29182
-6275 -52420 -27813
-6275 -54740 -27527
-6275 -54185 -28796
-6275 -54345 -28497
-6275 -51760 -28104
-6275 -52765 -27791
-6275 -54220 -27873
-6275 -53005 -27456
-6275 -52490 -26234
-6275 -52500 -27516
-6275 -53995 -27980
-6275 -53885 -27677
-6275 -53045 -26926
-6275 -53695 -28078
-6275 -52490 -27180
-6275 -52490 -26455
-6275 -51965 -27819
-6275 -52500 -27483
-6275 -52620 -27460
825 -52170 -27848
825 -52275 -26509
825 -52665 -27685
825 -53705 -26498
825 -51520 -25695
825 -52495 -27693
8440 -52100 -26308
8440 -55880 -28767
8440 -56090 -28614
8440 -55420 -27528
8440 -52065 -25695
8440 -54020 -27381
8440 -52490 -26568
8440 -52805 -27258
8440 -54020 -27030
8440 -51520 -25633
8440 -54420 -26842
8440 -54020 -25454
8440 -52165 -27099
8440 -52805 -26768
8440 -54740 -26757
8440 -52765 -27207
8440 -54220 -27111
8440 -53710 -27106
8440 -52900 -26633
8440 -52170 -25516
8440 -52485 -26453
8440 -52660 -26036
8440 -54995 -25998
8440 -54420 -26714
8440 -55280 -26561
8440 -52745 -25261
8440 -53235 -26339
8440 -54285 -25992
8440 -54310 -27140
8440 -51665 -26484
8440 -54020 -26132
8440 -50910 -24464
8440 -52045 -23285
8440 -52500 -25827
8440 -51965 -26615
8440 -52170 -25780
8440 -51510 -24694
8440 -51510 -25316
8440 -50920 -25716
8440 -55305 -27517
8440 -51520 -24715
8440 -51520 -25769
8440 -50820 -26265
8440 -51510 -26413
8440 -51090 -23463
13720 -51750 -24559
13720 -51520 -22864
13720 -51520 -25399
13720 -52690 -24327
13720 -52275 -25496
13720 -51340 -23016
13720 -51685 -22717
13720 -54200 -24791
13720 -52275 -24287
14700 -53040 -24367
14700 -53340 -24891
14700 -51520 -22823
14700 -54665 -25478
14700 -52665 -23562
14700 -50880 -21923
14700 -52735 -25110
14700 -52620 -24692
14700 -52490 -24605
14700 -51520 -22311
14700 -52490 -21694
14700 -52870 -24739
14700 -52500 -23034
14700 -52935 -23302
14700 -52335 -22404
14800 -54605 -23727
14800 -53680 -21456
14800 -51510 -21083
14800 -54220 -22765
14800 -54200 -22194
14800 -52485 -20843
14800 -52390 -21408
14800 -52500 -21387
14800 -54455 -22444
14800 -53335 -21448
14800 -54220 -21280
14800 -52685 -20068
14800 -54020 -20781
14800 -54420 -19164
14800 -55670 -19629
14900 -52865 -18567
14900 -53680 -18646
14900 -54420 -19085
14900 -54085 -15208
14900 -51655 -15208
14900 -52145 -15628
14900 -54220 -15880
14900 -54020 -16091
14900 -54515 -17645
14900 -51420 -14328
14900 -52525 -12300
14900 -51310 -12129
14900 -52490 -12451
14900 -52490 -10530
14900 -52490 -11974
14900 -52485 -10567
14900 -53820 -9142
14900 -52490 -11804
14900 -52485 -10287
14900 -51510 -8551
15400 -53620 -10956
15400 -51300 -9222
15400 -51520 -10824
15400 -51520 -8926
15400 -51300 -7700
15600 -50595 -8464
15600 -51300 -9208
15600 -50600 -6463
15600 -50595 -8024
15600 -51520 -7496
15600 -50810 -8414
15600 -51365 -7262
15600 -49830 -6978
15600 -51410 -7640
15600 -51510 -8819
15600 -51300 -7619
15600 -51510 -9225
15600 -50810 -7763
15600 -51510 -9095
15600 -51510 -9249
15600 -50280 -7701
15600 -49630 -5030
15600 -51300 -8820
15600 -51310 -6967
15600 -50540 -7458
15600 -51420 -8747
15600 -49830 -6441
15600 -50385 -7723
15600 -50510 -7294
16000 -49620 -4741
16000 -49830 -4611
16000 -51435 -8200
16000 -49560 -5762
16000 -50810 -6084
16000 -51520 -7401
16000 -51410 -6115
16000 -49730 -7316
16000 -51420 -7778
16000 -50600 -8495
16000 -51300 -7046
16000 -50990 -8473
16000 -50175 -5676
16000 -51090 -6096
16000 -50490 -5079
16000 -50535 -7377
16000 -50490 -6968
16000 -49460 -4622
16000 -51410 -9171
16700 -50390 -5443
16700 -51200 -5080
16700 -50820 -7977
16700 -49620 -5801
16700 -51410 -8070
16700 -50810 -6023
16700 -49755 -4952
16700 -50540 -4441
16700 -49830 -7354
16700 -51320 -7069
16700 -49630 -5813
16700 -50820 -6111
16700 -49695 -7402
16700 -51090 -7434
16700 -49630 -4976
16700 -49730 -4667
16700 -50820 -6752
16700 -51050 -5548
16700 -50700 -7440
16700 -50805 -8554
16700 -49140 -3607
16700 -50910 -6775
16700 -50810 -8321
45975 -49440 -5316
45975 -49210 -1908
45975 -49360 -2142
45975 -49560 -3525
45975 -50820 -5474
45975 -49830 -5616
45975 -49630 -4768
45975 -48860 -3185
45975 -50620 -5764
45975 -50595 -5586
45975 -49965 -3832
45975 -49230 -4564
45975 -50070 -5260
45975 -49560 -6025
45975 -49520 -4199
45975 -49560 -3922
45975 -50175 -6796
45975 -49130 -3146
45975 -49335 -2540
45975 -50810 -5034
45975 -49830 -3411
45975 -49560 -5033
45975 -48420 -2731
45975 -49755 -3723
45975 -49380 -2932
45975 -49510 -2830
45975 -50310 -4742
45975 -48510 -1271
45975 -50175 -3642
45975 -49410 -2665
45975 -50600 -4317
45975 -48740 -291
45975 -48720 253
45975 -50390 -2419
45975 -48940 -1704
45975 -49620 -2520
45975 -49020 -2338
45975 -50070 -2631
45975 -47200 1693
45975 -48660 -1148
45975 -49695 -2526
45975 -49335 809
45975 -49030 -854
45975 -48730 -965
45975 -48460 -897
45975 -50210 -2589
45975 -48160 -172
45975 -47960 497
45975 -31840 3936
45975 -49020 -1159
45975 -47960 1246
45975 -49065 1422
45975 -49545 -73
45975 -47560 3456
45975 -49125 2581
45975 -48310 1217
45975 -46660 4727
45975 -48160 2392
45975 -48915 4302
45975 -48200 3924
45975 -49520 2150
45975 -48060 3421
45975 -49520 3550
45975 -48000 3164
45975 -48330 4430
45975 -46160 6545
45975 -46960 6237
45975 -47410 8065
45975 -45960 9808
45975 -46760 7607
45975 -27700 12264
45975 -47620 8920
45975 -34665 12037
45975 -37290 11827
45975 -27835 14204
45975 -32430 12751
45975 -36880 13634
45975 -34280 16015
45975 -32430 15768
45975 -30645 18189
45975 -30805 18776
45975 -28105 18881
45975 -28105 20700
45975 -28375 20292
45975 -30805 18848
45975 -26260 19905
45975 -30805 19412
45975 -30805 19872
45975 -47060 18800
45975 -21365 24149
45975 -21080 23326
45975 -27340 20092
45975 -30805 19476
45975 -30535 21279
45975 -29320 20636
45975 -21470 22426
45975 -21230 22768
45975 -24775 20695
45975 -27870 23051
45975 -29725 18776
45975 -21230 22835
45975 -30360 21712
45975 -22160 22761
45975 -30805 17792
45975 -27340 21472
45975 -28760 19526
45975 -25855 20248
45975 -23965 22747
45975 -30535 19599
45975 -28105 19846
45975 -27205 21695
45975 -26260 22361
45975 -27835 23692
45975 -25990 24073
45975 -27835 20333
45975 -28105 19868
45975 -28375 22263
45975 -22405 22652
45975 -25945 20952
45975 -22550 23405
45975 -22445 21503
45975 -20840 23958
45975 -22405 23687
45975 -24775 23020
45975 -22880 22693
45975 -21080 23307
45975 -27340 20557
45975 -26260 22056
45975 -25315 21417
45975 -20705 25777
45975 -21560 24696
45975 -20245 26380
45975 -27195 24031
45975 -25720 22469
45975 -20255 24479
45975 -20790 24675
45975 -23965 23405
45975 -27205 22722
45975 -28375 21496
45975 -20525 23935
45975 -21735 23704
45975 -26125 21036
45975 -21430 24144
45975 -23940 22745
45975 -21425 25189
45975 -27835 22687
45975 -24235 22769
45975 -19780 27386
45975 -21845 21073
45975 -20880 25289
45975 -20245 26622
45975 -24810 25424
45975 -20235 25714
45975 -19640 26941
45975 -24235 22738
45975 -20525 27047
45975 -21840 23056
45975 -20150 25042
45975 -19555 26667
45975 -20235 24627
45975 -20525 25830
45975 -20235 26096
45975 -20245 24651
45975 -20845 24651
45975 -21710 22529
45975 -22415 23488
45975 -19595 25480
45975 -21845 25726
45975 -21590 23865
45975 -20245 25096
45975 -21065 24688
45975 -19755 26723
45975 -20245 24985
45975 -20235 26976
45975 -19850 27784
45975 -19850 26741
45975 -18980 28794
45975 -20555 26074
45975 -19340 29088
45975 -19980 27477
45975 -21920 24390
45975 -20480 27851
45975 -20435 27900
45975 -19525 28819
45975 -18555 28034
45975 -18995 29078
45975 -20655 25303
45975 -19815 30967
45975 -18845 28441
45975 -18135 30408
45975 -16885 29898
45975 -20235 26918
45975 -18345 30186
45975 -18115 29605
45975 -18345 29517
45975 -20235 25131
45975 -20235 27449
45975 -20235 26575
45975 -19445 28136
45975 -18555 31206
45975 -18345 28188
45975 -18965 30397
45975 -20235 27498
45975 -18285 28930
45975 -18790 29734
45975 -20245 26296
45975 -18555 27854
45975 -18345 28664
45975 -20235 28348
45975 -18555 28630
45975 -18285 30555
45975 -20245 30120
45975 -18765 29762
45975 -16525 30320
45975 -18555 31474
45975 -19700 27687
45975 -20235 28129
45975 -18135 30754
45975 -20235 28698
45975 -20025 29567
45975 -17350 30087
45975 -18875 27395
45975 -19420 28118
45975 -19555 27155
45975 -20245 27031
45975 -18555 29801
45975 -17965 30478
45975 -18285 29571
45975 -20000 28558
45975 -16550 33507
45975 -16885 31623
45975 -18285 30311
45975 -16485 31697
45975 -18135 29600
45975 -16885 32859
45975 -17285 31074
45975 -18285 31025
45975 -16425 31956
45975 -18740 30058
45975 -15135 34319
45975 -18135 32172
45975 -18285 30341
45975 -17110 32736
45975 -16885 33994
45975 -18285 31339
45975 -18285 31730
45975 -17160 30037
45975 -16685 30872
45975 -18135 30755
45975 -16685 34106
45975 -16885 30994
45975 -16550 32681
45975 -18345 29165
45975 -16450 32823
45975 -15690 32049
45975 -12675 34802
45975 -15445 32153
45975 -14985 33842
45975 8440 36064
45975 -16695 31214
45975 -11815 34759
45975 -12645 37499
45975 -16665 33719
45975 -16485 32105
45975 -15135 34607
45975 -18130 31385
45975 -14955 35390
45975 -14535 34719
45975 -14745 36733
45975 -16685 32220
45975 -14645 35555
45975 -14745 34887
45975 10195 37631
45975 -14220 36028
45975 -12875 35705
45975 8440 37591
45975 -16320 33364
45975 -15270 33630
45975 -15655 34084
45975 8440 36510
45975 -13175 35121
45975 -16485 35455
45975 -13175 36628
45975 -16415 33734
45975 8440 35931
45975 -14745 35448
45975 -14385 34825
45975 9700 36974
45975 -15355 35040
45975 8440 37401
45975 -14185 35706
45975 -2465 37245
45975 8440 37745
45975 9655 37927
45975 8575 38019
45975 10195 39407
45975 10195 38516
45975 8440 36011
45975 10195 37827
45975 -16285 35615
45975 8585 38147
45975 10330 38265
45975 -13275 36398
45975 8585 38373
45975 9520 37977
45975 11275 38771
45975 11410 39492
45975 -14575 35534
45975 -14710 36599
45975 8585 38867
45975 10195 40802
45975 10195 37741
45975 8585 38067
45975 11275 38758
45975 10195 38449
45975 13720 41116
45975 -4040 38800
45975 11275 38817
45975 11275 39754
45975 10195 39017
45975 11410 40369
45975 8440 38923
45975 11410 39097
45975 10060 38487
45975 8585 40123
45975 8575 38959
45975 9520 36887
45975 8440 37804
45975 10195 39279
45975 9925 37606
45975 11275 41242
45975 14460 40667
45975 14985 42195
45975 10195 38580
45975 11410 40953
45975 13725 41745
45975 14565 40773
45975 13720 41115
45975 11275 42099
45975 9520 38905
45975 13725 40305
45975 13720 42497
45975 15090 43341
45975 13725 42691
45975 13720 40878
45975 11410 41657
45975 14985 41664
45975 14985 41920
45975 11275 40420
45975 11275 41280
45975 14985 43191
45975 14565 42657
45975 14460 42771
45975 16700 44812
45975 15300 43363
45975 14700 41979
45975 15400 43264
45975 14700 43628
45975 14985 43629
45975 15800 43230
45975 13725 41893
45975 14985 42821
45975 15825 43016
45975 14700 41553
45975 14985 41581
45975 13725 42371
45975 15300 43018
45975 14985 42526
45975 15800 44411
45975 15300 43741
45975 15930 44728
45975 16800 45674
45975 15800 42483
45975 16800 45829
45975 16035 43919
45975 16035 44727
45975 15930 44561
45975 18225 45620
45975 16000 44642
45975 15930 44656
45975 16900 45612
45975 15800 44038
45975 16600 45166
45975 15930 44629
45975 14890 43123
45975 14985 42509
45975 16035 44516
45975 16900 45268
45975 45975 45975
45975 45975 45975
45975 45975 45975
45975 45975 45975
45975 30390 45819
45975 45975 45975
45975 16800 45159
45975 45975 45975
45975 45975 45975
45975 45975 45975
45975 18225 45836
45975 30390 45897
45975 45975 45975
45975 45785 45974
45975 45975 45975
45975 45975 45975
45975 45975 45975
45975 45975 45975
45975 45975 45975
45975 45975 45975
45975 45975 45975
45975 45975 45975
45975 45975 45975
45975 45975 45975
45975 45975 45975
45975 45975 45975
45975 45975 45975
45975 45975 45975
45975 45975 45975
45975 45975 45975
45975 45975 45975
45975 45975 45975
45975 45975 45975
45975 45975 45975
45975 45975 45975
45975 45975 45975
45975 45975 45975
45975 45975 45975
45975 45975 45975
45975 45975 45975
45975 45975 45975
45975 45975 45975
45975 45975 45975
45975 45975 45975
45975 45975 45975
45975 45975 45975
45975 45975 45975
45975 45975 45975
45975 45975 45975
45975 45975 45975
45975 45975 45975
45975 45975 45975
45975 45975 45975
45975 45975 45975
45975 45975 45975
45975 45975 45975
45975 45975 45975
45975 45975 45975
45975 45975 45975
45975 45975 45975
45975 45975 45975
45975 45975 45975
45975 45975 45975
45975 45975 45975
45975 45975 45975
45975 45975 45975
45975 45975 45975
45975 45975 45975
45975 45975 45975
45975 45975 45975
45975 45975 45975
45975 45975 45975
45975 45975 45975
45975 45975 45975
45975 45975 45975
45975 45975 45975
45975 45975 45975
45975 45975 45975
45975 45975 45975
45975 45975 45975
45975 45975 45975
45975 45975 45975
45975 45975 45975
45975 45975 45975
45975 45975 45975
45975 45975 45975
45975 45975 45975
45975 45975 45975
45975 45975 45975
45975 45975 45975
45975 45975 45975
45975 45975 45975
45975 45975 45975
45975 45975 45975
45975 45975 45975
45975 45975 45975
45975 45975 45975
45975 45975 45975
45975 45975 45975
45975 45975 45975
45975 45975 45975
45975 45975 45975
-62480 -63060 -58603
-47960 -57780 -53713
-47430 -57645 -52199
-47335 -57560 -51850
-47335 -57635 -51540
-46230 -57645 -51526
-46230 -57115 -51274
-46230 -57780 -51599
-46230 -57560 -51361
-46230 -57780 -50925
-46230 -57640 -51062
-46230 -57580 -50929
-46230 -57420 -50981
-46230 -57640 -50962
-46230 -59145 -51137
-35360 -57570 -50908
-35360 -57630 -50694
-35360 -57500 -50635
-35360 -57190 -50704
-35360 -57275 -50504
-35360 -57205 -50725
-35360 -57330 -50307
-35360 -56895 -50471
-35360 -57310 -50547
-35360 -57635 -50626
-35360 -57485 -50398
-35360 -57640 -50479
-23810 -57645 -50502
-23810 -57370 -49974
-23810 -57680 -50368
-23810 -57460 -50173
-23810 -57370 -50287
-23810 -57560 -50108
-23810 -57505 -50219
-23810 -57440 -50283
-23810 -57575 -50140
-23810 -57470 -50019
-23810 -57360 -50004
-23810 -58355 -50236
-23810 -57535 -50029
-23810 -56690 -49850
-23810 -57580 -49885
-23810 -57370 -49838
-23810 -57560 -49999
-23810 -56595 -50018
-23810 -57000 -49638
-23810 -57345 -49609
-23810 -56600 -49633
-23810 -57255 -49686
-23810 -56575 -49555
-23810 -56400 -49487
-23810 -57220 -49699
-23810 -57680 -50087
-23810 -57020 -49536
-23275 -56690 -49376
-23275 -57120 -49303
-23275 -57325 -49721
-23275 -57530 -49557
-23275 -56920 -49380
-23275 -56175 -49228
-23275 -56595 -49401
-23275 -57505 -49456
-20710 -57495 -49307
-20710 -57090 -49209
-20710 -57630 -49478
-20710 -57580 -49349
-20710 -56655 -48891
-20710 -57010 -49125
-18145 -56400 -48933
-18145 -57255 -49170
-18145 -57030 -49037
-18145 -57090 -49292
-18145 -57295 -49016
-18145 -57085 -49054
-18145 -57150 -48994
-18145 -56055 -48709
-18145 -57400 -48899
-18145 -57470 -48751
-18145 -57640 -48990
-18145 -57290 -48771
-18145 -56275 -48444
-18145 -57420 -48802
-18145 -57275 -48783
-18145 -56495 -48660
-18145 -58030 -49081
-18145 -58435 -49213
-17130 -56785 -48311
-17130 -56510 -48439
-17130 -56815 -48405
-17130 -57630 -48547
-17130 -56540 -48224
-17130 -55705 -48400
-17130 -56310 -48278
-17130 -56240 -48115
-17130 -56735 -48513
-17130 -57505 -48573
-17130 -57220 -48576
-17130 -55820 -48184
-17130 -57285 -48363
-17130 -57575 -48624
-17130 -56310 -48443
-17130 -57470 -48551
-17130 -56665 -48315
-17130 -57555 -48428
-17130 -56605 -48368
-17130 -56170 -48293
-17130 -56960 -48330
-17130 -56950 -48484
-17130 -57100 -48474
-17130 -56650 -48418
-17130 -57250 -48494
-17130 -57510 -48396
-17130 -55520 -47746
-17130 -57575 -48459
-17130 -56600 -48314
-17130 -57090 -48354
-17130 -56440 -48395
-17130 -56630 -48525
-17130 -56800 -48143
-17130 -57025 -48247
-17130 -57000 -48001
-17130 -55520 -47751
-17130 -56570 -47822
-17130 -57460 -48356
-17130 -57370 -48227
-17130 -56000 -47760
-17130 -57215 -48253
-17130 -56630 -47987
-17130 -57035 -48146
-17130 -56585 -47949
-17130 -57260 -48266
-17130 -57070 -47972
-17130 -56970 -48025
-17130 -57405 -48242
-17130 -56985 -48072
-17130 -57305 -48290
-17130 -56590 -48000
-17130 -56130 -47988
-17130 -57510 -48432
-17130 -57320 -48095
-17130 -57575 -48295
-17130 -55860 -47736
-17130 -56190 -47898
-17130 -56805 -48055
-17130 -56980 -48092
-17130 -55850 -47836
-17130 -57125 -48141
-17130 -57630 -48076
-17130 -57185 -47961
-17130 -57140 -48082
-17130 -56630 -47968
-17130 -56965 -47898
-17130 -55880 -47456
-17130 -57580 -48123
-17130 -57405 -47732
-17130 -57260 -48213
-17130 -56755 -47720
-17130 -56565 -47869
-17130 -56135 -47715
-17130 -57405 -47956
-17130 -57590 -48024
-17130 -56835 -47910
-17130 -56750 -48149
-17130 -56925 -47747
-17130 -56245 -47784
-17130 -56905 -47749
-17130 -56600 -47590
-17130 -57295 -48031
-17130 -55820 -47699
-17130 -57420 -47868
-17130 -56840 -47618
-17130 -57090 -47988
-17130 -56815 -47854
-17130 -55820 -47637
-17130 -57200 -47789
-17130 -55530 -47335
-17130 -56525 -47654
-17130 -57115 -47753
-17130 -56325 -47535
-17130 -56310 -47811
-17130 -56630 -47410
-17130 -56735 -47622
-17130 -56770 -47697
-17130 -55820 -47648
-17130 -56020 -47422
-17130 -56215 -47412
-17130 -56005 -47402
-17130 -56435 -47736
-17130 -56785 -47762
-17130 -57010 -47836
-17130 -57350 -47835
-17130 -56535 -47698
-17130 -56610 -47426
-17130 -56770 -47697
-17130 -56145 -47410
-17130 -56270 -47500
-17130 -55720 -47389
-17130 -56300 -47210
-17130 -56430 -47475
-17130 -56765 -47592
-17130 -56905 -47450
-17130 -56885 -47505
-17130 -56540 -47534
-17130 -55820 -47367
-17130 -57330 -47578
-17130 -56085 -47288
-17130 -55730 -47318
-17130 -56825 -47419
-17130 -55820 -46963
-17130 -57570 -47716
-17130 -56090 -47322
-17130 -56805 -47458
-17130 -57405 -47685
-17130 -57200 -47285
-17130 -56040 -47075
-17130 -56725 -47066
-17130 -57505 -47418
-17130 -56540 -47210
-17130 -56590 -47323
-17130 -57300 -47415
-17130 -57635 -47375
-17130 -56285 -47204
-17130 -56565 -47200
-17130 -57140 -47119
-17130 -57915 -47621
-17130 -55690 -46896
-17130 -56535 -46950
-17130 -56735 -47364
-17130 -56745 -47143
-17130 -57080 -47192
-17130 -57410 -47532
-17130 -55485 -46799
-17130 -56110 -47035
-17130 -56040 -46928
-17130 -56580 -47161
-17130 -57350 -47414
-17130 -56765 -47049
-17130 -57515 -47164
-17130 -56210 -46781
-17130 -56390 -47036
-17130 -56360 -46988
-17130 -56590 -46843
-17130 -57340 -47003
-17130 -57105 -46814
-17130 -56825 -46929
-17130 -56825 -47010
-17130 -57255 -47096
-17130 -55505 -46582
-17130 -56915 -46934
-17130 -57715 -47143
-17130 -57010 -46567
-17130 -57300 -46779
-17130 -57100 -46624
-17130 -56210 -46718
-17130 -56760 -46695
-17130 -56920 -46766
-17130 -55985 -46706
-17130 -56500 -46543
-17130 -55970 -46309
-17130 -55855 -46548
-17130 -57500 -47191
-17130 -56370 -46534
-17130 -56400 -46853
-17130 -56610 -46665
-17130 -57140 -46680
-17130 -57190 -46751
-17130 -57205 -46965
-17130 -56060 -46540
-17130 -56535 -46577
-17130 -56335 -46745
-17130 -56590 -46554
-17130 -57125 -46845
-17130 -55820 -46366
-17130 -57010 -46513
-17130 -55995 -46059
-17130 -55715 -46388
-17130 -56135 -46393
-17130 -56225 -46089
-17130 -56725 -46497
-17130 -55820 -46204
-17130 -56315 -46096
-17130 -56185 -46204
-17130 -56230 -46056
-16185 -56460 -46058
-16185 -56570 -45968
-16185 -56400 -46054
-16185 -56180 -45918
-16185 -56725 -45939
-16185 -56620 -46073
-16185 -56790 -46182
-16185 -56945 -46150
-16185 -57000 -46230
-16185 -55820 -45969
-16185 -56440 -46062
-16185 -57110 -46079
-16185 -56540 -45983
-16185 -57445 -46011
-16185 -55865 -45694
-16185 -56410 -46101
-16185 -56435 -45797
-16185 -55040 -45350
-16185 -56870 -45891
-16185 -57405 -46185
-16185 -56125 -45635
-16185 -55655 -45622
-16185 -57450 -45964
-16185 -55840 -45762
-16185 -55810 -45388
-16185 -56565 -45779
-16185 -56700 -45758
-16185 -56555 -45931
-16185 -55690 -45663
-16185 -56885 -45517
-16185 -57055 -45484
-16185 -57780 -45790
-16185 -56695 -45490
-16185 -55790 -45237
-16185 -56195 -45305
-16185 -56395 -45389
-16185 -57410 -45826
-16185 -56980 -45442
-16185 -57250 -45701
-16185 -57190 -45404
-16185 -57380 -45643
-16185 -56985 -45368
-16185 -57120 -45105
-16185 -56215 -45059
-16185 -56700 -45295
-16185 -56825 -45209
-16185 -57185 -45415
-16185 -56790 -45213
-16185 -56370 -45058
-16185 -56550 -45063
-16185 -56365 -45118
-16185 -55460 -44908
-16185 -55800 -45193
-16185 -56430 -45060
-16185 -56440 -44922
-16185 -56055 -45342
-16185 -55965 -44952
-16185 -57120 -45135
-16185 -57470 -45079
-16185 -55960 -44825
-16185 -57470 -45200
-16185 -56930 -44969
-16185 -57190 -44934
-16185 -56490 -45235
-16185 -57150 -45198
-16185 -56435 -45227
-16185 -57510 -45348
-16185 -56280 -44818
-16185 -56895 -45001
-16185 -57070 -45058
-16185 -57560 -45280
-16185 -56735 -45021
-16185 -55950 -44942
-16185 -57540 -45526
-16185 -56505 -44895
-16185 -56090 -44961
-16185 -56270 -44782
-16185 -57530 -45382
-16185 -57225 -45120
-16185 -57025 -44902
-16185 -56310 -44733
-16185 -56470 -44619
-16185 -56330 -44799
-16185 -55755 -44660
-16185 -56080 -44660
-16185 -57240 -45123
-16185 -55550 -44349
-16185 -55720 -44519
-16185 -56235 -44639
-16185 -56935 -44917
-16185 -55820 -44810
-15820 -57200 -45038
-15820 -57545 -44822
-15820 -57350 -44791
-15820 -55800 -44322
-15820 -57215 -44685
-15820 -56600 -44394
-15820 -55785 -44200
-15820 -56090 -44601
-15820 -57085 -44816
-15820 -56135 -44222
-15820 -56450 -44516
-15820 -56295 -44604
-15820 -57200 -44666
-15820 -57250 -44631
-15820 -56045 -44169
-15820 -56890 -44748
-15820 -56800 -44437
-15820 -57450 -44873
-15820 -57130 -44588
-15820 -56935 -44630
-15820 -56770 -44519
-15820 -56460 -44551
-15820 -56440 -44428
-15820 -55500 -44141
-15820 -56740 -44477
-15820 -56390 -44398
-15820 -55840 -44122
-15820 -56080 -44380
-15820 -56105 -44152
-15820 -57165 -44367
-15820 -57005 -44491
-15820 -56905 -44258
-15820 -55975 -44271
-15820 -55620 -43831
-15820 -56670 -44101
-15820 -57145 -44291
-15820 -56985 -44287
-15820 -57410 -44320
-15820 -56950 -44261
-15820 -57120 -44428
-15820 -57050 -44392
-15820 -57360 -44356
-15820 -55810 -43969
-15820 -57560 -44335
-15820 -56920 -44128
-15820 -56900 -43964
-15820 -56620 -44087
-15820 -55970 -44088
-15820 -56565 -43985
-15820 -56945 -43750
-15820 -55220 -43494
-15820 -57115 -44199
-15820 -56120 -43625
-15820 -56735 -43726
-15820 -56905 -43829
-15820 -56775 -43894
-15820 -56670 -43659
-15820 -57075 -43673
-15820 -56395 -43454
-15820 -56760 -43680
-15820 -57095 -43624
-15820 -55650 -43374
-15820 -55845 -43562
-15820 -57595 -43530
-15820 -55895 -43343
-15820 -56840 -43605
-15820 -56050 -43421
-15820 -57440 -43513
-15820 -56270 -43299
-15820 -55775 -43071
-15820 -56580 -43545
-15820 -55995 -43269
-15820 -57320 -43378
-15820 -56415 -43337
-15820 -56275 -43303
-15820 -57260 -43169
-15820 -55570 -42926
-15820 -56400 -43195
-15820 -56980 -43443
-15820 -57255 -43414
-15820 -55780 -43084
-15820 -56595 -43011
-15820 -57100 -43198
-15820 -56400 -43183
-15820 -55935 -42880
-15820 -56135 -43191
-15820 -56990 -43181
-15820 -56980 -43172
-15820 -55635 -42874
-15820 -56890 -42931
-15820 -56105 -42781
-15820 -57190 -42987
-15820 -57580 -43104
-15820 -55330 -42658
-15820 -55980 -42777
-15820 -57500 -43214
-15820 -56710 -42938
-15820 -55320 -42765
-15820 -56005 -42649
-15820 -56860 -43084
-15820 -57425 -42820
-15820 -55905 -42793
-15820 -56940 -42599
-15820 -57405 -42855
-15820 -57430 -43028
-15820 -56085 -42636
-15820 -56420 -42478
-15820 -56480 -42652
-15820 -57410 -42695
-15820 -55760 -42564
-15820 -56440 -42335
-15820 -57210 -42619
-15820 -55385 -42054
-15820 -57150 -42633
-15820 -56365 -42214
-15820 -56655 -42401
-15820 -56820 -42269
-15820 -56225 -42441
-15820 -56030 -42089
-15820 -56780 -42158
-15820 -56500 -42265
-15820 -55720 -41698
-15820 -56880 -42177
-15820 -57270 -42321
-15820 -56310 -41601
-15820 -55690 -41712
-15820 -55485 -41628
-15820 -57340 -42191
-15820 -57405 -42292
-15820 -56390 -41776
-15820 -56350 -41718
-15820 -56100 -41712
-15820 -56130 -41752
-15820 -56055 -41928
-15820 -58045 -42086
-15820 -56400 -41905
-15820 -56600 -41722
-15820 -56270 -41478
-15820 -57020 -41809
-15820 -56200 -41747
-15820 -56990 -41738
-15820 -56785 -41811
-15820 -56860 -41770
-15820 -56210 -41443
-15820 -56325 -41461
-15820 -57015 -41670
-15820 -56840 -41632
-15820 -55285 -41459
-15820 -55840 -41605
-15820 -56890 -41407
-15820 -55645 -41328
-15820 -57295 -41289
-15820 -56305 -41529
-15820 -56430 -41541
-15820 -56900 -41605
-15820 -56405 -41365
-15820 -55905 -41338
-15820 -55720 -41000
-15820 -55780 -40871
-15820 -56330 -41373
-15820 -56570 -40813
-15820 -55770 -40637
-15820 -56295 -41181
-15820 -56840 -41079
-15820 -57245 -41209
-15820 -56600 -40983
-15820 -57330 -41236
-15820 -56660 -40950
-15820 -57350 -41208
-15820 -56570 -41195
-15820 -55965 -40691
-15820 -56365 -40850
-15820 -57230 -40706
-15820 -57185 -40994
-15820 -55760 -40686
-15820 -57490 -40897
-15820 -56410 -40924
-15820 -56700 -40908
-15820 -55450 -40544
-15820 -57390 -41082
-15820 -57140 -40876
-15820 -57340 -41269
-15820 -56455 -40411
-15820 -56820 -40822
-15820 -56655 -40684
-15820 -57045 -40947
-15820 -56500 -40792
-15820 -56400 -40740
-15820 -55590 -40516
-15820 -56290 -40818
-15820 -55880 -40509
-15820 -55990 -40704
-15820 -55630 -40598
-15820 -56090 -40559
-15820 -57210 -40946
-15820 -56970 -40587
-15820 -56355 -40663
-15820 -56150 -40501
-15820 -55800 -40251
-15820 -56500 -40617
-15820 -56055 -40380
-15820 -56345 -40322
-15820 -55700 -40300
-15820 -55700 -40232
-15820 -56910 -40489
-15820 -55850 -40345
-15820 -56105 -40302
-15820 -56975 -40412
-15820 -57005 -40344
-15820 -56935 -40293
-15820 -57260 -40230
-15820 -56040 -40259
-15820 -56310 -40462
-15820 -56190 -40113
-15820 -57050 -40478
-15820 -56320 -40228
-15820 -56330 -40051
-15820 -55975 -39565
-15820 -56500 -40248
-15820 -55620 -39966
-15820 -56590 -40116
-15820 -57110 -40209
-15820 -57120 -39918
-15820 -55800 -39651
-15820 -55970 -39831
-15820 -56270 -40037
-15820 -57085 -39903
-15820 -56425 -39790
-15820 -55855 -39737
-15820 -56055 -39760
-15820 -56030 -39806
-15820 -57305 -40206
-15820 -57190 -39812
-15820 -55960 -39759
-15820 -55615 -39653
-15820 -57265 -39785
-15820 -56905 -39533
-15820 -55055 -39233
-15820 -55660 -39322
-15820 -55870 -39531
-15820 -55850 -39615
-15820 -56300 -39494
-15820 -56505 -39681
-15820 -56345 -39698
-15820 -56115 -39545
-15820 -55620 -39430
-15820 -56525 -39364
-15820 -56065 -39429
-15820 -57580 -39671
-15820 -56870 -39419
-15820 -55290 -39044
-15820 -55295 -39230
-15820 -55550 -39422
-15820 -56480 -39430
-15820 -56265 -39067
-15820 -55230 -39025
-15820 -55830 -39153
-15820 -55290 -38951
-15820 -56595 -39056
-15820 -57635 -39506
-15820 -54350 -38416
-15820 -55550 -38914
-15820 -56925 -39372
-15820 -55620 -38915
-15820 -56270 -39160
-15820 -56100 -39043
-15820 -56830 -38688
-15820 -54820 -38473
-15820 -56875 -38943
-15820 -55205 -38616
-15820 -56575 -39044
-15820 -55230 -38267
-15820 -55820 -38597
-15820 -56895 -39009
-15820 -55030 -38427
-15820 -56530 -38868
-15820 -56030 -38443
-15820 -56675 -38715
-15820 -56410 -38528
-15820 -56620 -38617
-15820 -57105 -38954
-15820 -55605 -38391
-15820 -57060 -38742
-15820 -55260 -38239
-15820 -55850 -38456
-15820 -55935 -38380
-15820 -57275 -38833
-15820 -55485 -37906
-15820 -55370 -38189
-15820 -56300 -38428
-15820 -55945 -38403
-15820 -55450 -38084
-15820 -55970 -38152
-15820 -57360 -38293
-15820 -56095 -38354
-15820 -55620 -37836
-15820 -55755 -37758
-15820 -56580 -38159
-15820 -55830 -37823
-15820 -55555 -37713
-15820 -55660 -37985
-15820 -57095 -38306
-15820 -57350 -38309
-15820 -56080 -38040
-15820 -56905 -38071
-15820 -55815 -37950
-15820 -56090 -37701
-15820 -56130 -37821
-15820 -57205 -38342
-15820 -56550 -37995
-15820 -55475 -37680
-15820 -55760 -37781
-15820 -55820 -37835
-15820 -56015 -37775
-15820 -55760 -37612
-15820 -55690 -38025
-15820 -56605 -38047
-15820 -56410 -37910
-15820 -56150 -37813
-15820 -56430 -37905
-15820 -56525 -37846
-15820 -55470 -37602
-15820 -55255 -37527
-15820 -56190 -37484
-15820 -56675 -37903
-15820 -56510 -37687
-15820 -55490 -37745
-15820 -55570 -37309
-15820 -55980 -37475
-15820 -55775 -37170
-15820 -56150 -37403
-15820 -56685 -37548
-15820 -55820 -37474
-15820 -56070 -37663
-15820 -55820 -37519
-15820 -55700 -37257
-15820 -54635 -37083
-15820 -56990 -37825
-15820 -55520 -37213
-15820 -55370 -37204
-15820 -55600 -37321
-15820 -56790 -37557
-15820 -55840 -37386
-15820 -56385 -37542
-15820 -56440 -37371
-15820 -55470 -36961
-15820 -55425 -36982
-15820 -57065 -37512
-15820 -55820 -37246
-15820 -55830 -37043
-15820 -56255 -37333
-15820 -56250 -37409
-15820 -56280 -37511
-14250 -56430 -37143
-14250 -57320 -37525
-14250 -55625 -37183
-14250 -56280 -37521
-14250 -56410 -37191
-14250 -56405 -37440
-14250 -55820 -37249
-14250 -56980 -37182
-14250 -56370 -37232
-14250 -57230 -37515
-14250 -57010 -37377
-14250 -56045 -36813
-14250 -56910 -37126
-14250 -55190 -36588
-14250 -56070 -37160
-14250 -56400 -36996
-14250 -56435 -37201
-14250 -56265 -36713
-14250 -55655 -36829
-14250 -55840 -37204
-14250 -55875 -37026
-14250 -55950 -37042
-14250 -55575 -36856
-14250 -56865 -37287
-14250 -57080 -37229
-14250 -56115 -36670
-14250 -56915 -37297
-14250 -56410 -36789
-14250 -57340 -37102
-14250 -56140 -36966
-14250 -55820 -36778
-14250 -55590 -36475
-14250 -55530 -36604
-14250 -56600 -37103
-14250 -55685 -36526
-14250 -55815 -36683
-14250 -56970 -36994
-14250 -56410 -36838
-14250 -55760 -36678
-14250 -55740 -36350
-14250 -57010 -36759
-14250 -56255 -36846
-14250 -56895 -36819
-14250 -56240 -36630
-14250 -55090 -36357
-14250 -55490 -36376
-14250 -56430 -36694
-14250 -55490 -36319
-14250 -55905 -36453
-14250 -56055 -36600
-14250 -55880 -36601
-14250 -56055 -36586
-14250 -56605 -36509
-14250 -55780 -36157
-14250 -55910 -36012
-14250 -55900 -35870
-14250 -55580 -36021
-14250 -56270 -36215
-14250 -55455 -35988
-14250 -55415 -35855
-14250 -57110 -36634
-14250 -56500 -36399
-14250 -55440 -36214
-14250 -55690 -35900
-14250 -55875 -36174
-14250 -55160 -35755
-14250 -56450 -36146
-14250 -54830 -35567
-14250 -56320 -35756
-14250 -56030 -36082
-14250 -56665 -35800
-14250 -57090 -35981
-14250 -56230 -36094
-14250 -55950 -36098
-14250 -55730 -35468
-14250 -55525 -35755
-14250 -56070 -35998
-14250 -55320 -35995
-14250 -56495 -36050
-14250 -56690 -36256
-14250 -54940 -35557
-14250 -55630 -35502
-14250 -57100 -36113
-14250 -55620 -35655
-14250 -55450 -35570
-14250 -55830 -35813
-14250 -54530 -35302
-14250 -56430 -36030
-14250 -55585 -35602
-14250 -55720 -35483
-14250 -55940 -35605
-14250 -55695 -35472
-14250 -56515 -35891
-14250 -55290 -35307
-14250 -55200 -35663
-14250 -55575 -35444
-14250 -56075 -35603
-14250 -56290 -35896
-14250 -55570 -35142
-14250 -55495 -35506
-14250 -55525 -35356
-14250 -55420 -35669
-14250 -54900 -35281
-14250 -56750 -35854
-14250 -55630 -35336
-14250 -55620 -35643
-14250 -55820 -35201
-14250 -55805 -35531
-14250 -56835 -35828
-14250 -57300 -36055
-14250 -56260 -35547
-14250 -55820 -35692
-14250 -55630 -35204
-14250 -55320 -35333
-14250 -56070 -35524
-14250 -55555 -35111
-14250 -55720 -34620
-14250 -56400 -35762
-14250 -55720 -35496
-14250 -56910 -35801
-14250 -55770 -35557
-14250 -56665 -35468
-14250 -57410 -35947
-14250 -56980 -35688
-14250 -56170 -35499
-14250 -55690 -35392
-14250 -55770 -34888
-14250 -55820 -35405
-14250 -55600 -35288
-14250 -55340 -35291
-14250 -54860 -35251
-14250 -56400 -35315
-14250 -55315 -35018
-14250 -55670 -35069
-14250 -55805 -35231
-14250 -55545 -34839
-14250 -55420 -35114
-14250 -56920 -35484
-14250 -56320 -35186
-14250 -55940 -35369
-14250 -56025 -34980
-14250 -56715 -35394
-14250 -54870 -34577
-14250 -56020 -35050
-14250 -56400 -34928
-14250 -55590 -34956
-14250 -56230 -35327
-14250 -55025 -34790
-14250 -56830 -35462
-14250 -56950 -35314
-14250 -56185 -35356
-14250 -55325 -35015
-14250 -55315 -35108
-14250 -56345 -35390
-14250 -55820 -35529
-14250 -55500 -34743
-14250 -55900 -34732
-14250 -56570 -35208
-14250 -55825 -35076
-14250 -56610 -35436
-14250 -55355 -34981
-14250 -56180 -35051
-14250 -55495 -35023
-14250 -55485 -34951
-14250 -57055 -35326
-14250 -55540 -34878
-14250 -55210 -34743
-14250 -55685 -34954
-14250 -55095 -34781
-14250 -55175 -34764
-14250 -56600 -34859
-14250 -54635 -34755
-14250 -56405 -34591
-14250 -55555 -34173
-14250 -55680 -34826
-14250 -54400 -34590
-14250 -55820 -34946
-14250 -55615 -34710
-14250 -55690 -34912
-14055 -55570 -34438
-14055 -55125 -34470
-14055 -55760 -34960
-14055 -55690 -34709
-14055 -56035 -35124
-14055 -56510 -34851
-14055 -56060 -34609
-14055 -55030 -34610
-14055 -56585 -35009
-14055 -55910 -34619
-14055 -55775 -34411
-14055 -55775 -34977
-14055 -55620 -34472
-14055 -54975 -34481
-14055 -56985 -34919
-14055 -57040 -34789
-14055 -57100 -34927
-14055 -56600 -34532
-14055 -55840 -34488
-14055 -55555 -34409
-14055 -55335 -34496
-14055 -53620 -34072
-14055 -56110 -34369
-14055 -55170 -34188
-14055 -56530 -35016
-14055 -56850 -34885
-14055 -55520 -34349
-14055 -56005 -34729
-14055 -55030 -34506
-14055 -54925 -34446
-14055 -56540 -34761
-14055 -55420 -34326
-14055 -55460 -34355
-14055 -54665 -34368
-14055 -55360 -34609
-14055 -55380 -34268
-14055 -55920 -34861
-14055 -55640 -34342
-14055 -55740 -34391
-14055 -55290 -33820
-14055 -54660 -34101
-14055 -55545 -33831
-14055 -55820 -34421
-14055 -55210 -34346
-14055 -57505 -34730
-14055 -56235 -34674
-14055 -54320 -33863
-14055 -55720 -34561
-14055 -55040 -34033
-14055 -55590 -34220
-14055 -56030 -34265
-14055 -55820 -34349
-14055 -56470 -34359
-14055 -55855 -34561
-14055 -55975 -34246
-14055 -55325 -33734
-14055 -55820 -34495
-14055 -55990 -34511
-14055 -55925 -34209
-14055 -54790 -33635
-14055 -55730 -34310
-14055 -55820 -34313
-14055 -55585 -34605
-14055 -56825 -34387
-14055 -54610 -33870
-14055 -57100 -34412
-14055 -56010 -33978
-14055 -55395 -33621
-14055 -55550 -34243
-14055 -57160 -34572
-14055 -55820 -33830
-14055 -56910 -34039
-14055 -55490 -33776
-14055 -56180 -34396
-14055 -55620 -33751
-14055 -55420 -34082
-14055 -56025 -34089
-14055 -56260 -34194
-14055 -55980 -34202
-14055 -57030 -34158
-14055 -55900 -34386
-14055 -55400 -33285
-14055 -55305 -33852
-14055 -54930 -33554
-14055 -54715 -33811
-14055 -55620 -34019
-14055 -56700 -34387
-14055 -55360 -33709
-14055 -54480 -33824
-14055 -55460 -33894
-14055 -55730 -33835
-14055 -55840 -33670
-14055 -55950 -33966
-14055 -54580 -33874
-14055 -56400 -34091
-14055 -54420 -33772
-14055 -55550 -34181
-14055 -55820 -33858
-6275 -55305 -33464
-6275 -55205 -33502
-6275 -54810 -34027
-6275 -56410 -34174
-6275 -54330 -33585
-6275 -54850 -32656
-6275 -54900 -33640
-6275 -54590 -33471
-6275 -55700 -33976
-6275 -55680 -33836
-6275 -55685 -33521
-6275 -55300 -33341
-6275 -55545 -33713
-6275 -55345 -34050
-6275 -54900 -33790
-6275 -56090 -33516
-6275 -54880 -33500
-6275 -54720 -33589
-6275 -55750 -33822
-6275 -55990 -33644
-6275 -55820 -33375
-6275 -56135 -33847
-6275 -55080 -33634
-6275 -56765 -33953
-6275 -55820 -33816
-6275 -55820 -33621
-6275 -55820 -33463
-6275 -55685 -33577
-6275 -55065 -33289
-6275 -55090 -33334
-6275 -55685 -33684
-6275 -55815 -33532
-6275 -55535 -33191
-6275 -55445 -33615
-6275 -54285 -33274
-6275 -54260 -32977
-6275 -55830 -33392
-6275 -54340 -32908
-6275 -55715 -32869
-6275 -56830 -34067
-6275 -55450 -32968
-6275 -54500 -32665
-6275 -55645 -33092
-6275 -55820 -33820
-6275 -55460 -33365
-6275 -55620 -33682
-6275 -56500 -32788
-6275 -56410 -33619
-6275 -55820 -33589
-6275 -55995 -33032
-6275 -55945 -33296
-6275 -56160 -33807
-6275 -55820 -33482
-6275 -55905 -33651
-6275 -55820 -33224
-6275 -55850 -33519
-6275 -55520 -33645
-6275 -55945 -33822
-6275 -55500 -33491
-6275 -56300 -33810
-6275 -55620 -32993
-6275 -54720 -33312
-6275 -55535 -33228
-6275 -55685 -32860
-6275 -55620 -33246
-6275 -55755 -33026
-6275 -56300 -33434
-6275 -54425 -32257
-6275 -54000 -31942
-6275 -55380 -32657
-6275 -55665 -33485
-6275 -56500 -33402
-6275 -56055 -32971
-6275 -55820 -33342
-6275 -55605 -33090
-6275 -55975 -33261
-6275 -55665 -33121
-6275 -55415 -32831
-6275 -54755 -32248
-6275 -55990 -33437
-6275 -54220 -32945
-6275 -55215 -32273
-6275 -55670 -32324
-6275 -54820 -32932
-6275 -55820 -31994
-6275 -55940 -32950
-6275 -55630 -32603
-6275 -55690 -33021
-6275 -55645 -32507
-6275 -56205 -33084
-6275 -54765 -31867
-6275 -54860 -32477
-6275 -54330 -32637
-6275 -56090 -32835
-6275 -55860 -32201
-6275 -55270 -32740
-6275 -55870 -32743
-6275 -54900 -32980
-6275 -55590 -31851
-6275 -55650 -32558
-6275 -55080 -31136
-6275 -55990 -32574
-6275 -55245 -31875
-6275 -55035 -32197
-6275 -55690 -32500
-6275 -54610 -31756
-6275 -55670 -31817
-6275 -55625 -32149
-6275 -55210 -32213
-6275 -57640 -33077
-6275 -55820 -32104
-6275 -55720 -32782
-6275 -55620 -32847
-6275 -55345 -32459
-6275 -55685 -31776
-6275 -55820 -32544
-6275 -55080 -32366
-6275 -56800 -32320
-6275 -55820 -31818
-6275 -54220 -31360
-6275 -55685 -32261
-6275 -55060 -32027
-6275 -54420 -32212
-6275 -55490 -31729
-6275 -55040 -32485
-6275 -55820 -31402
-6275 -54590 -32457
-6275 -55820 -32532
-6275 -54995 -32397
-6275 -55685 -32241
-6275 -55100 -32605
-6275 -56150 -32325
-6275 -55770 -32812
-6275 -55800 -32948
-6275 -55920 -32773
-6275 -55820 -32320
-6275 -55580 -31677
-6275 -55045 -32475
-6275 -55445 -32401
-6275 -55610 -31744
-6275 -55685 -31920
-6275 -55035 -31827
-6275 -55690 -31673
-6275 -54605 -32382
-6275 -56270 -32405
-6275 -55115 -31608
-6275 -54510 -32233
-6275 -55820 -31811
-6275 -53975 -31650
-6275 -55685 -32584
-6275 -55885 -32434
-6275 -55935 -32614
-6275 -55685 -31369
-6275 -55280 -31330
-6275 -53490 -31316
-6275 -55250 -32117
-6275 -55415 -32535
-6275 -54505 -31496
-6275 -55820 -32310
-6275 -55115 -31635
-6275 -54920 -31974
-6275 -54765 -32178
-6275 -55355 -32575
-6275 -55820 -32249
-6275 -55235 -31063
-6275 -55820 -31672
-6275 -54700 -31119
-6275 -54800 -32048
-6275 -55215 -31943
-6275 -54685 -31116
-6275 -54995 -31922
-6275 -55880 -31233
-6275 -54655 -31310
-6275 -55660 -31625
-6275 -55020 -31605
-6275 -55670 -31668
-6275 -55720 -31648
-6275 -54255 -31524
-6275 -54995 -31658
-6275 -54730 -31819
-6275 -55690 -32017
-6275 -55820 -32190
-6275 -53450 -30150
-6275 -53355 -30790
-6275 -55280 -31574
-6275 -55815 -31671
-6275 -55285 -31267
-6275 -54420 -31084
-6275 -55820 -31703
-6275 -56690 -31374
-6275 -56050 -30702
-6275 -54335 -30447
-6275 -52485 -29727
-6275 -56090 -31322
-6275 -55485 -30858
-6275 -54475 -31528
-6275 -56045 -31713
-6275 -52925 -29763
-6275 -54360 -30840
-6275 -53975 -31711
-6275 -54845 -31717
-6275 -54375 -30623
-6275 -55165 -30828
-6275 -54420 -30941
-6275 -55585 -31462
-6275 -54985 -31001
-6275 -54165 -30548
-6275 -55350 -30036
-6275 -55765 -31676
-6275 -55685 -31450
-6275 -55620 -31466
-6275 -55620 -31584
-6275 -54285 -29842
-6275 -55360 -30131
-6275 -54020 -31165
-6275 -55100 -31071
-6275 -55560 -31303
-6275 -54430 -30392
-6275 -55010 -31536
-6275 -53700 -29887
-6275 -54220 -30651
-6275 -55320 -30788
-6275 -55620 -30894
-6275 -52620 -30052
-6275 -54420 -30867
-6275 -55415 -30772
-6275 -54300 -30970
-6275 -54020 -29940
-6275 -55350 -29996
-6275 -54285 -29876
-6275 -55820 -30550
-6275 -55460 -31265
-6275 -54150 -29606
-6275 -55015 -30025
-6275 -54220 -29962
-6275 -55110 -30369
-6275 -54080 -29060
-6275 -54770 -29763
-6275 -54085 -29087
-6275 -55025 -29568
-6275 -54020 -30486
-6275 -55460 -29324
-6275 -55550 -29241
-6275 -55535 -29844
-6275 -55505 -30392
-6275 -54980 -28328
-6275 -53420 -29216
-6275 -54085 -28952
-6275 -52865 -29188
-6275 -55535 -29204
-6275 -55340 -29550
-6275 -53960 -27925
-6275 -54565 -29526
-6275 -52500 -29587
-6275 -52935 -28481
-6275 -54300 -28846
-6275 -52635 -27631
-6275 -54085 -28856
-6275 -51760 -27303
-6275 -52490 -27889
-6275 -53485 -27555
-6275 -54065 -28113
-6275 -55130 -30349
-6275 -53340 -28318
-6275 -52765 -28337
-6275 -52490 -28849
-6275 -55670 -29607
-6275 -53745 -27746
-6275 -54875 -29298
-6275 -52750 -29439
-6275 -54400 -30108
-6275 -55550 -30093
-6275 -55820 -29942
-6275 -54580 -29782
-6275 -55820 -28457
-6275 -54285 -28329
-6275 -55520 -28891
-6275 -52780 -28036
-6275 -55520 -29118
-6275 -54605 -28052
-6275 -54575 -29900
-6275 -53815 -28717
-6275 -55685 -29335
-6275 -52500 -29086
-6275 -54285 -29001
-6275 -53780 -28493
-6275 -54395 -28635
-6275 -53575 -27564
-6275 -53480 -27393
-6275 -54795 -28334
-6275 -52355 -27558
-6275 -53485 -26809
-6275 -53855 -28331
-6275 -54125 -28301
-6275 -52500 -26751
-6275 -54015 -28335
-6275 -54580 -29349
-6275 -52065 -27081
-6275 -54800 -29496
-6275 -52810 -27435
-6275 -52500 -27748
-6275 -54220 -28670
-6275 -53755 -26763
-6275 -55320 -28450
-6275 -52935 -28455
-6275 -53475 -26099
-6275 -53820 -29182
-6275 -52420 -27813
-6275 -54740 -27527
-6275 -54185 -28796
-6275 -54345 -28497
-6275 -51760 -28104
-6275 -52765 -27791
-6275 -54220 -27873
-6275 -53005 -27456
-6275 -52490 -26234
-6275 -52500 -27516
-6275 -53995 -27980
-6275 -53885 -27677
-6275 -53045 -26926
-6275 -53695 -28078
-6275 -52490 -27180
-6275 -52490 -26455
-6275 -51965 -27819
-6275 -52500 -27483
-6275 -52620 -27460
825 -52170 -27848
825 -52275 -26509
825 -52665 -27685
825 -53705 -26498
825 -51520 -25695
825 -52495 -27693
8440 -52100 -26308
8440 -55880 -28767
8440 -56090 -28614
8440 -55420 -27528
8440 -52065 -25695
8440 -54020 -27381
8440 -52490 -26568
8440 -52805 -27258
8440 -54020 -27030
8440 -51520 -25633
8440 -54420 -26842
8440 -54020 -25454
8440 -52165 -27099
8440 -52805 -26768
8440 -54740 -26757
8440 -52765 -27207
8440 -54220 -27111
8440 -53710 -27106
8440 -52900 -26633
8440 -52170 -25516
8440 -52485 -26453
8440 -52660 -26036
8440 -54995 -25998
8440 -54420 -26714
8440 -55280 -26561
8440 -52745 -25261
8440 -53235 -26339
8440 -54285 -25992
8440 -54310 -27140
8440 -51665 -26484
8440 -54020 -26132
8440 -50910 -24464
8440 -52045 -23285
8440 -52500 -25827
8440 -51965 -26615
8440 -52170 -25780
8440 -51510 -24694
8440 -51510 -25316
8440 -50920 -25716
8440 -55305 -27517
8440 -51520 -24715
8440 -51520 -25769
8440 -50820 -26265
8440 -51510 -26413
8440 -51090 -23463
13720 -51750 -24559
13720 -51520 -22864
13720 -51520 -25399
13720 -52690 -24327
13720 -52275 -25496
13720 -51340 -23016
13720 -51685 -22717
13720 -54200 -24791
13720 -52275 -24287
14700 -53040 -24367
14700 -53340 -24891
14700 -51520 -22823
14700 -54665 -25478
14700 -52665 -23562
14700 -50880 -21923
14700 -52735 -25110
14700 -52620 -24692
14700 -52490 -24605
14700 -51520 -22311
14700 -52490 -21694
14700 -52870 -24739
14700 -52500 -23034
14700 -52935 -23302
14700 -52335 -22404
14800 -54605 -23727
14800 -53680 -21456
14800 -51510 -21083
14800 -54220 -22765
14800 -54200 -22194
14800 -52485 -20843
14800 -52390 -21408
14800 -52500 -21387
14800 -54455 -22444
14800 -53335 -21448
14800 -54220 -21280
14800 -52685 -20068
14800 -54020 -20781
14800 -54420 -19164
14800 -55670 -19629
14900 -52865 -18567
14900 -53680 -18646
14900 -54420 -19085
14900 -54085 -15208
14900 -51655 -15208
14900 -52145 -15628
14900 -54220 -15880
14900 -54020 -16091
14900 -54515 -17645
14900 -51420 -14328
14900 -52525 -12300
14900 -51310 -12129
14900 -52490 -12451
14900 -52490 -10530
14900 -52490 -11974
14900 -52485 -10567
14900 -53820 -9142
14900 -52490 -11804
14900 -52485 -10287
14900 -51510 -8551
15400 -53620 -10956
15400 -51300 -9222
15400 -51520 -10824
15400 -51520 -8926
15400 -51300 -7700
15600 -50595 -8464
15600 -51300 -9208
15600 -50600 -6463
15600 -50595 -8024
15600 -51520 -7496
15600 -50810 -8414
15600 -51365 -7262
15600 -49830 -6978
15600 -51410 -7640
15600 -51510 -8819
15600 -51300 -7619
15600 -51510 -9225
15600 -50810 -7763
15600 -51510 -9095
15600 -51510 -9249
15600 -50280 -7701
15600 -49630 -5030
15600 -51300 -8820
15600 -51310 -6967
15600 -50540 -7458
15600 -51420 -8747
15600 -49830 -6441
15600 -50385 -7723
15600 -50510 -7294
16000 -49620 -4741
16000 -49830 -4611
16000 -51435 -8200
16000 -49560 -5762
16000 -50810 -6084
16000 -51520 -7401
16000 -51410 -6115
16000 -49730 -7316
16000 -51420 -7778
16000 -50600 -8495
16000 -51300 -7046
16000 -50990 -8473
16000 -50175 -5676
16000 -51090 -6096
16000 -50490 -5079
16000 -50535 -7377
16000 -50490 -6968
16000 -49460 -4622
16000 -51410 -9171
16700 -50390 -5443
16700 -51200 -5080
16700 -50820 -7977
16700 -49620 -5801
16700 -51410 -8070
16700 -50810 -6023
16700 -49755 -4952
16700 -50540 -4441
16700 -49830 -7354
16700 -51320 -7069
16700 -49630 -5813
16700 -50820 -6111
16700 -49695 -7402
16700 -51090 -7434
16700 -49630 -4976
16700 -49730 -4667
16700 -50820 -6752
16700 -51050 -5548
16700 -50700 -7440
16700 -50805 -8554
16700 -49140 -3607
16700 -50910 -6775
16700 -50810 -8321
45975 -49440 -5316
45975 -49210 -1908
45975 -49360 -2142
45975 -49560 -3525
45975 -50820 -5474
45975 -49830 -5616
45975 -49630 -4768
45975 -48860 -3185
45975 -50620 -5764
45975 -50595 -5586
45975 -49965 -3832
45975 -49230 -4564
45975 -50070 -5260
45975 -49560 -6025
45975 -49520 -4199
45975 -49560 -3922
45975 -50175 -6796
45975 -49130 -3146
45975 -49335 -2540
45975 -50810 -5034
45975 -49830 -3411
45975 -49560 -5033
45975 -48420 -2731
45975 -49755 -3723
45975 -49380 -2932
45975 -49510 -2830
45975 -50310 -4742
45975 -48510 -1271
45975 -50175 -3642
45975 -49410 -2665
45975 -50600 -4317
45975 -48740 -291
45975 -48720 253
45975 -50390 -2419
45975 -48940 -1704
45975 -49620 -2520
45975 -49020 -2338
45975 -50070 -2631
45975 -47200 1693
45975 -48660 -1148
45975 -49695 -2526
45975 -49335 809
45975 -49030 -854
45975 -48730 -965
45975 -48460 -897
45975 -50210 -2589
45975 -48160 -172
45975 -47960 497
45975 -31840 3936
45975 -49020 -1159
45975 -47960 1246
45975 -49065 1422
45975 -49545 -73
45975 -47560 3456
45975 -49125 2581
45975 -48310 1217
45975 -46660 4727
45975 -48160 2392
45975 -48915 4302
45975 -48200 3924
45975 -49520 2150
45975 -48060 3421
45975 -49520 3550
45975 -48000 3164
45975 -48330 4430
45975 -46160 6545
45975 -46960 6237
45975 -47410 8065
45975 -45960 9808
45975 -46760 7607
45975 -27700 12264
45975 -47620 8920
45975 -34665 12037
45975 -37290 11827
45975 -27835 14204
45975 -32430 12751
45975 -36880 13634
45975 -34280 16015
45975 -32430 15768
45975 -30645 18189
45975 -30805 18776
45975 -28105 18881
45975 -28105 20700
45975 -28375 20292
45975 -30805 18848
45975 -26260 19905
45975 -30805 19412
45975 -30805 19872
45975 -47060 18800
45975 -21365 24149
45975 -21080 23326
45975 -27340 20092
45975 -30805 19476
45975 -30535 21279
45975 -29320 20636
45975 -21470 22426
45975 -21230 22768
45975 -24775 20695
45975 -27870 23051
45975 -29725 18776
45975 -21230 22835
45975 -30360 21712
45975 -22160 22761
45975 -30805 17792
45975 -27340 21472
45975 -28760 19526
45975 -25855 20248
45975 -23965 22747
45975 -30535 19599
45975 -28105 19846
45975 -27205 21695
45975 -26260 22361
45975 -27835 23692
45975 -25990 24073
45975 -27835 20333
45975 -28105 19868
45975 -28375 22263
45975 -22405 22652
45975 -25945 20952
45975 -22550 23405
45975 -22445 21503
45975 -20840 23958
45975 -22405 23687
45975 -24775 23020
45975 -22880 22693
45975 -21080 23307
45975 -27340 20557
45975 -26260 22056
45975 -25315 21417
45975 -20705 25777
45975 -21560 24696
45975 -20245 26380
45975 -27195 24031
45975 -25720 22469
45975 -20255 24479
45975 -20790 24675
45975 -23965 23405
45975 -27205 22722
45975 -28375 21496
45975 -20525 23935
45975 -21735 23704
45975 -26125 21036
45975 -21430 24144
45975 -23940 22745
45975 -21425 25189
45975 -27835 22687
45975 -24235 22769
45975 -19780 27386
45975 -21845 21073
45975 -20880 25289
45975 -20245 26622
45975 -24810 25424
45975 -20235 25714
45975 -19640 26941
45975 -24235 22738
45975 -20525 27047
45975 -21840 23056
45975 -20150 25042
45975 -19555 26667
45975 -20235 24627
45975 -20525 25830
45975 -20235 26096
45975 -20245 24651
45975 -20845 24651
45975 -21710 22529
45975 -22415 23488
45975 -19595 25480
45975 -21845 25726
45975 -21590 23865
45975 -20245 25096
45975 -21065 24688
45975 -19755 26723
45975 -20245 24985
45975 -20235 26976
45975 -19850 27784
45975 -19850 26741
45975 -18980 28794
45975 -20555 26074
45975 -19340 29088
45975 -19980 27477
45975 -21920 24390
45975 -20480 27851
45975 -20435 27900
45975 -19525 28819
45975 -18555 28034
45975 -18995 29078
45975 -20655 25303
45975 -19815 30967
45975 -18845 28441
45975 -18135 30408
45975 -16885 29898
45975 -20235 26918
45975 -18345 30186
45975 -18115 29605
45975 -18345 29517
45975 -20235 25131
45975 -20235 27449
45975 -20235 26575
45975 -19445 28136
45975 -18555 31206
45975 -18345 28188
45975 -18965 30397
45975 -20235 27498
45975 -18285 28930
45975 -18790 29734
45975 -20245 26296
45975 -18555 27854
45975 -18345 28664
45975 -20235 28348
45975 -18555 28630
45975 -18285 30555
45975 -20245 30120
45975 -18765 29762
45975 -16525 30320
45975 -18555 31474
45975 -19700 27687
45975 -20235 28129
45975 -18135 30754
45975 -20235 28698
45975 -20025 29567
45975 -17350 30087
45975 -18875 27395
45975 -19420 28118
45975 -19555 27155
45975 -20245 27031
45975 -18555 29801
45975 -17965 30478
45975 -18285 29571
45975 -20000 28558
45975 -16550 33507
45975 -16885 31623
45975 -18285 30311
45975 -16485 31697
45975 -18135 29600
45975 -16885 32859
45975 -17285 31074
45975 -18285 31025
45975 -16425 31956
45975 -18740 30058
45975 -15135 34319
45975 -18135 32172
45975 -18285 30341
45975 -17110 32736
45975 -16885 33994
45975 -18285 31339
45975 -18285 31730
45975 -17160 30037
45975 -16685 30872
45975 -18135 30755
45975 -16685 34106
45975 -16885 30994
45975 -16550 32681
45975 -18345 29165
45975 -16450 32823
45975 -15690 32049
45975 -12675 34802
45975 -15445 32153
45975 -14985 33842
45975 8440 36064
45975 -16695 31214
45975 -11815 34759
45975 -12645 37499
45975 -16665 33719
45975 -16485 32105
45975 -15135 34607
45975 -18130 31385
45975 -14955 35390
45975 -14535 34719
45975 -14745 36733
45975 -16685 32220
45975 -14645 35555
45975 -14745 34887
45975 10195 37631
45975 -14220 36028
45975 -12875 35705
45975 8440 37591
45975 -16320 33364
45975 -15270 33630
45975 -15655 34084
45975 8440 36510
45975 -13175 35121
45975 -16485 35455
45975 -13175 36628
45975 -16415 33734
45975 8440 35931
45975 -14745 35448
45975 -14385 34825
45975 9700 36974
45975 -15355 35040
45975 8440 37401
45975 -14185 35706
45975 -2465 37245
45975 8440 37745
45975 9655 37927
45975 8575 38019
45975 10195 39407
45975 10195 38516
45975 8440 36011
45975 10195 37827
45975 -16285 35615
45975 8585 38147
45975 10330 38265
45975 -13275 36398
45975 8585 38373
45975 9520 37977
45975 11275 38771
45975 11410 39492
45975 -14575 35534
45975 -14710 36599
45975 8585 38867
45975 10195 40802
45975 10195 37741
45975 8585 38067
45975 11275 38758
45975 10195 38449
45975 13720 41116
45975 -4040 38800
45975 11275 38817
45975 11275 39754
45975 10195 39017
45975 11410 40369
45975 8440 38923
45975 11410 39097
45975 10060 38487
45975 8585 40123
45975 8575 38959
45975 9520 36887
45975 8440 37804
45975 10195 39279
45975 9925 37606
45975 11275 41242
45975 14460 40667
45975 14985 42195
45975 10195 38580
45975 11410 40953
45975 13725 41745
45975 14565 40773
45975 13720 41115
45975 11275 42099
45975 9520 38905
45975 13725 40305
45975 13720 42497
45975 15090 43341
45975 13725 42691
45975 13720 40878
45975 11410 41657
45975 14985 41664
45975 14985 41920
45975 11275 40420
45975 11275 41280
45975 14985 43191
45975 14565 42657
45975 14460 42771
45975 16700 44812
45975 15300 43363
45975 14700 41979
45975 15400 43264
45975 14700 43628
45975 14985 43629
45975 15800 43230
45975 13725 41893
45975 14985 42821
45975 15825 43016
45975 14700 41553
45975 14985 41581
45975 13725 42371
45975 15300 43018
45975 14985 42526
45975 15800 44411
45975 15300 43741
45975 15930 44728
45975 16800 45674
45975 15800 42483
45975 16800 45829
45975 16035 43919
45975 16035 44727
45975 15930 44561
45975 18225 45620
45975 16000 44642
45975 15930 44656
45975 16900 45612
45975 15800 44038
45975 16600 45166
45975 15930 44629
45975 14890 43123
45975 14985 42509
45975 16035 44516
45975 16900 45268
45975 45975 45975
45975 45975 45975
45975 45975 45975
45975 45975 45975
45975 30390 45819
45975 45975 45975
45975 16800 45159
45975 45975 45975
45975 45975 45975
45975 45975 45975
45975 18225 45836
45975 30390 45897
45975 45975 45975
45975 45785 45974
45975 45975 45975
45975 45975 45975
45975 45975 45975
45975 45975 45975
45975 45975 45975
45975 45975 45975
45975 45975 45975
45975 45975 45975
45975 45975 45975
45975 45975 45975
45975 45975 45975
45975 45975 45975
45975 45975 45975
45975 45975 45975
45975 45975 45975
45975 45975 45975
45975 45975 45975
45975 45975 45975
45975 45975 45975
45975 45975 45975
45975 45975 45975
45975 45975 45975
45975 45975 45975
45975 45975 45975
45975 45975 45975
45975 45975 45975
45975 45975 45975
45975 45975 45975
45975 45975 45975
45975 45975 45975
45975 45975 45975
45975 45975 45975
45975 45975 45975
45975 45975 45975
45975 45975 45975
45975 45975 45975
45975 45975 45975
45975 45975 45975
45975 45975 45975
45975 45975 45975
45975 45975 45975
45975 45975 45975
45975 45975 45975
45975 45975 45975
45975 45975 45975
45975 45975 45975
45975 45975 45975
45975 45975 45975
45975 45975 45975
45975 45975 45975
45975 45975 45975
45975 45975 45975
45975 45975 45975
45975 45975 45975
45975 45975 45975
45975 45975 45975
45975 45975 45975
45975 45975 45975
45975 45975 45975
45975 45975 45975
45975 45975 45975
45975 45975 45975
45975 45975 45975
45975 45975 45975
45975 45975 45975
45975 45975 45975
45975 45975 45975
45975 45975 45975
45975 45975 45975
45975 45975 45975
45975 45975 45975
45975 45975 45975
45975 45975 45975
45975 45975 45975
45975 45975 45975
45975 45975 45975
45975 45975 45975
45975 45975 45975
45975 45975 45975
45975 45975 45975
45975 45975 45975
45975 45975 45975
45975 45975 45975
45975 45975 45975
45975 45975 45975
45975 45975 45975
45975 45975 45975
45975 45975 45975
