-62880	-57540	-59092
-46940	-57545	-52885
-40435	-54345	-50828
-16380	-55325	-50469
-16380	-54770	-50037
-16380	-54520	-49591
-16380	-55585	-49515
-16380	-56045	-49560
-16380	-54540	-48797
-16380	-57335	-48844
-16380	-55660	-48516
-16380	-54135	-47502
-16380	-54735	-47263
-16380	-56220	-47700
-16380	-55895	-47641
-16380	-55420	-46519
-16380	-55960	-46874
-16380	-55590	-46502
-16380	-57680	-46860
-16380	-56190	-46402
-16380	-56630	-46178
-16380	-55815	-46203
-16380	-55875	-45556
-16380	-57430	-46553
-16380	-56910	-45385
-16380	-55550	-45515
-16380	-55635	-44906
-16380	-56260	-45023
-16380	-54470	-44449
-16380	-55820	-44514
-16380	-56830	-44716
-16380	-55445	-44298
-16380	-55540	-44027
-16380	-55130	-44100
-16380	-55420	-44058
-16380	-56470	-43807
-16380	-56180	-43302
-16380	-54005	-42132
-16380	-55645	-42624
-16380	-55910	-42382
-16380	-56310	-42468
-16380	-57435	-41994
-16380	-55275	-40690
-16380	-57330	-41681
-16380	-55540	-41489
-16380	-56395	-41255
-16380	-57110	-41121
-16380	-55910	-40944
-16380	-57060	-40672
-16380	-56040	-40078
-16380	-56275	-40315
-16380	-55985	-40407
-16380	-55230	-39278
-16380	-56295	-40011
-16380	-57410	-39752
-16380	-55805	-39675
-16380	-57250	-39299
-16380	-58700	-39710
-16380	-54285	-38424
-16380	-56005	-39092
-16380	-55555	-39097
-16380	-55500	-38254
-16380	-55940	-39041
-16380	-54770	-38315
-16380	-54470	-37837
-16380	-55080	-38518
-16380	-54650	-37972
-16380	-55420	-37344
-16380	-55480	-37626
-16380	-55550	-37593
-16380	-56250	-38274
-16380	-55050	-37413
-16380	-56190	-37657
-16380	-55645	-37683
-16380	-55415	-37581
-16380	-55455	-37562
-16380	-55460	-37887
-16380	-55280	-37298
-16380	-55205	-36876
-16380	-55820	-36967
-16380	-54820	-36609
-16380	-56320	-37332
-16380	-55020	-36818
-16380	-55270	-35959
-16380	-54835	-36308
-16380	-54790	-35698
-16380	-55195	-35875
-16380	-57190	-36066
-16380	-55740	-35637
-16380	-55645	-35996
-16380	-55700	-35420
-16380	-56790	-35779
-16065	-55840	-35393
-16065	-54730	-35335
-16065	-56135	-35145
-16065	-55030	-34607
-16065	-55040	-34930
-16065	-55280	-35198
-16065	-54085	-34991
-16065	-54280	-34908
-16065	-56060	-35566
-16065	-56545	-35545
-16065	-54290	-35293
-16065	-56115	-35522
-15995	-55340	-35217
-15995	-56645	-35951
-15035	-57010	-35533
-15035	-54960	-35066
-15035	-55820	-35511
-15035	-54400	-34316
-15035	-54475	-34338
-15035	-55850	-34875
-15035	-53690	-34507
-15035	-55005	-34836
-15035	-55440	-34548
-15035	-54680	-34838
-15035	-55285	-34752
-15035	-55080	-34211
-15035	-54735	-34485
-15035	-55550	-35193
-15035	-55820	-34756
-15035	-54435	-34488
-15035	-54955	-34308
-14885	-53590	-34080
-14805	-54250	-33992
-14805	-54060	-34673
-14805	-55415	-34429
-14805	-54280	-33752
-14805	-55555	-34431
-14805	-55025	-33630
-14805	-54200	-33789
-14805	-54880	-33882
-14805	-55495	-34290
-14805	-55250	-34129
-14805	-53945	-33845
-14805	-54730	-33954
-14805	-54585	-33608
-14805	-53770	-33990
-14805	-54655	-34085
-14805	-54665	-33675
-14805	-56015	-34364
-14805	-56270	-34867
-14805	-55470	-34364
-14805	-54250	-33901
-14805	-54660	-33277
-14805	-54615	-34526
-14805	-55405	-33982
-14805	-55320	-34087
-14805	-54800	-33697
-14805	-53700	-33937
-14805	-54070	-34028
-14805	-55265	-33975
-14805	-53580	-32280
-14805	-54290	-33310
-14805	-55520	-33950
-14805	-55500	-33993
-14805	-53215	-32691
-14805	-55120	-33017
-14805	-54470	-33192
-14805	-55020	-32997
-14805	-54205	-33367
-14805	-54050	-33706
-14805	-53875	-33222
-14805	-55095	-33980
-14805	-54880	-33913
-14805	-55270	-33442
-14805	-54360	-33278
-14805	-54750	-32795
-14805	-55170	-33195
-14805	-54495	-33372
-14805	-57225	-34171
-14805	-54820	-33777
-14615	-54220	-32830
-14615	-54215	-33011
-14615	-53490	-32858
-14615	-55615	-33366
-14615	-54555	-33760
-14615	-55965	-33976
-14615	-55285	-34167
-14615	-56820	-34394
-14615	-55910	-33556
-14615	-52860	-33097
-14615	-54400	-32955
-14615	-56100	-34378
-14615	-53520	-32694
-14615	-54220	-33373
-14615	-55465	-33467
-14615	-54015	-33702
-14615	-54190	-33176
-14615	-54815	-33466
-14615	-53845	-32795
-14615	-53725	-33358
-14615	-52750	-32599
-14615	-55210	-33503
-14615	-54645	-33010
-14615	-54855	-33652
-14615	-54940	-32702
-14615	-56030	-33449
-14615	-54980	-33263
-14615	-53610	-32949
-14615	-55130	-33227
-14615	-54185	-33535
-14615	-52580	-32797
-14615	-53290	-33204
-14615	-55155	-33018
-14615	-55760	-32473
-14615	-54315	-32446
-14615	-55005	-33993
-14615	-54170	-33069
-14615	-55325	-32838
-14615	-55820	-33685
-14615	-55370	-32675
-14615	-54900	-33367
-14615	-54300	-33028
-14615	-54325	-32809
-14615	-55395	-32472
-14615	-53610	-33509
-14615	-55620	-33316
-14615	-54105	-33090
-14615	-54015	-33075
-14615	-54910	-33539
-14615	-54355	-32675
-14615	-54995	-33198
-14615	-54220	-32831
-14615	-53495	-31644
-14615	-55145	-33154
-14615	-52140	-31677
-14615	-55900	-33907
-14615	-54770	-33379
-14615	-54370	-32781
-14615	-55230	-33063
-14615	-53845	-33232
-14615	-52680	-32660
-14615	-53730	-33147
-14615	-52880	-32704
-14615	-54555	-33050
-14615	-53590	-32017
-14615	-53325	-32667
-14615	-52560	-32887
-14615	-53475	-32461
-14615	-53930	-33307
-14615	-53105	-31613
-14615	-53475	-32979
-14615	-55290	-33374
-14615	-55790	-33343
-14615	-56045	-33541
-14615	-54695	-33499
-14615	-55795	-32822
-14615	-54115	-33073
-14615	-54355	-33517
-14615	-54140	-33226
-14615	-53860	-32503
-14615	-52980	-32368
-14615	-53325	-32071
-14615	-52890	-32799
-14615	-53560	-33120
-14615	-54845	-33407
-14615	-54535	-33331
-14615	-53730	-31678
-14615	-53200	-32520
-14615	-53795	-32166
-14615	-54085	-32890
-14615	-53950	-33210
-14555	-54420	-32710
-14555	-53540	-32741
-14555	-53460	-32326
-14555	-54400	-32151
-14555	-54475	-33481
-14555	-53670	-32788
-14555	-53660	-33221
-14555	-54220	-32765
-14555	-53750	-33091
-14555	-54845	-33289
-14555	-51540	-31929
-14555	-54745	-32754
-14555	-53095	-32255
-14555	-55320	-33363
-14555	-54435	-33717
-14555	-53080	-31964
-14555	-54430	-32976
-14555	-55170	-33550
-14555	-54095	-33207
-14555	-54205	-32997
-14555	-53230	-32319
-14555	-53710	-32347
-14555	-55220	-32415
-14555	-52005	-32552
-14555	-53030	-32649
-14555	-53265	-33168
-14555	-55455	-33221
-14555	-54780	-32155
-14555	-53080	-32258
-14555	-54570	-32618
-14555	-55345	-32933
-14555	-53345	-32324
-14555	-52875	-31908
-14555	-53410	-32288
-14555	-53840	-32065
-14555	-53950	-33105
-14555	-54370	-32010
-14555	-54770	-32991
-14555	-54080	-33087
-14555	-55105	-32798
-14555	-54315	-32430
-14555	-55445	-32888
-14555	-54435	-32446
-14555	-54695	-32792
-14555	-54690	-32283
-14555	-52185	-31851
-14555	-54420	-33184
-14555	-53265	-32756
-14555	-54130	-31951
-14555	-53550	-32845
-14555	-53160	-31303
-14555	-55730	-33542
-14555	-55205	-33051
-14555	-53785	-32734
-14555	-55005	-31919
-14555	-53270	-32427
-14555	-53165	-32003
-14555	-54060	-32590
-14555	-53170	-32802
-14555	-53940	-32731
-14555	-54585	-32982
-14555	-53395	-31966
-14555	-54680	-33190
-14555	-53690	-32559
-14555	-54780	-32511
-14555	-53855	-32579
-14555	-54410	-33058
-14555	-54010	-32607
-14555	-55310	-33209
-14555	-53445	-32048
-14555	-53960	-31864
-14555	-56200	-33509
-14555	-54470	-32865
-14555	-54890	-32097
-14555	-54990	-32814
-14555	-54695	-32556
-14555	-53645	-32434
-14555	-54820	-32979
-14555	-53875	-32958
-14555	-53890	-32358
-14555	-55250	-32430
-14555	-54755	-31940
-14555	-54375	-32899
-14555	-54860	-32303
-14555	-54040	-31999
-14555	-53210	-32639
-14555	-55350	-33225
-14555	-54040	-32358
-14555	-55650	-33304
-14555	-55590	-32511
-14555	-55355	-32842
-14555	-53420	-31953
-14555	-53430	-32645
-14555	-54610	-32363
-14555	-54995	-31834
-14555	-53230	-32024
-14555	-54445	-33202
-14555	-56350	-32497
-14555	-53830	-31178
-14555	-53390	-31635
-14555	-53420	-32710
-14430	-55560	-32195
-14430	-54795	-32620
-14430	-52815	-32171
-14430	-53650	-31781
-14430	-55520	-33058
-14430	-54205	-32296
-14430	-54840	-31854
-14430	-53800	-32274
-14430	-54190	-32560
-13315	-54500	-31441
-13315	-53285	-32220
-13315	-54935	-31685
-13315	-55215	-32920
-13315	-54230	-31528
-13315	-53870	-31620
-13315	-53420	-31833
-13315	-53895	-32383
-13315	-55035	-31607
-13315	-54270	-32484
-13315	-52285	-31941
-12280	-53080	-31424
-12280	-55940	-32009
-12280	-55535	-31908
-12280	-54230	-32077
-12280	-53770	-31535
-12280	-54080	-31272
-12280	-53440	-31940
-12280	-55225	-31698
-12280	-55930	-32847
-12280	-53585	-31065
-12280	-55595	-32510
-12280	-54200	-31161
-12280	-52755	-31412
-12280	-55220	-32284
-12280	-53970	-31831
-12280	-54870	-31281
-12280	-54940	-31635
-12280	-53980	-31829
-12280	-54970	-29227
-12280	-55615	-32415
-12280	-55340	-31534
-12280	-55920	-31368
-12280	-55910	-31844
-12280	-54315	-31070
-12280	-56515	-31632
-12280	-52480	-29916
-12280	-52590	-30014
-12280	-54765	-32627
-12280	-55140	-31574
-12280	-53800	-29396
-12280	-56210	-31955
-12280	-54730	-29571
-12280	-55610	-29192
-12280	-54585	-30376
-12280	-57425	-30868
-12280	-56300	-30293
-12280	-54470	-30391
-12280	-53365	-30133
-12280	-55485	-31821
-12280	-55605	-30459
-12280	-56340	-30032
-12280	-55585	-32412
-12280	-54860	-29953
-12280	-55395	-31198
-12280	-53790	-30354
-12280	-55610	-30786
-12280	-54590	-31874
4725	-54405	-29853
4725	-53975	-30602
4725	-57165	-30827
4725	-54620	-30194
4725	-56520	-30581
4725	-56600	-30156
4725	-53925	-30113
4725	-55220	-30440
4725	-55690	-30670
4725	-54395	-30649
4725	-53560	-29546
4725	-55125	-30688
4725	-55955	-29860
4725	-58060	-31530
4725	-53580	-30365
4725	-53070	-28979
4725	-55360	-30050
4725	-56225	-32005
4725	-55715	-31386
4725	-55105	-30163
4725	-56790	-29562
4725	-55115	-30051
4725	-55545	-30696
4725	-55455	-30781
4725	-54465	-27766
4725	-57425	-31659
4725	-56935	-29207
4725	-54265	-29754
4725	-57665	-31663
4725	-52435	-27418
4725	-53090	-28774
4725	-54285	-30158
4725	-54415	-29662
4725	-55880	-29564
4725	-55755	-29874
4725	-54015	-29260
4725	-53440	-27787
4725	-54205	-28279
4725	-52950	-29196
4725	-55650	-29519
4725	-54045	-29100
4725	-56900	-31898
4725	-56135	-32020
4725	-56400	-28231
4725	-53690	-28668
4725	-55455	-29002
4725	-55450	-28369
4725	-53500	-29361
4725	-54220	-29139
4725	-52475	-28341
4725	-53720	-29137
4725	-55765	-28631
4725	-55620	-29991
4725	-54330	-29496
4725	-54810	-29705
4725	-55835	-30006
4725	-55690	-29295
4725	-56565	-30569
4725	-54010	-30025
4725	-57370	-29203
4725	-55230	-29894
10065	-56285	-29597
10065	-54475	-28077
10065	-54760	-28783
10065	-54245	-29218
10065	-54860	-29179
10065	-54135	-28812
10065	-54080	-28470
10065	-52170	-27032
10065	-55385	-29457
10065	-54310	-28145
10065	-52420	-27272
10065	-53300	-28513
10065	-55200	-28031
10065	-54690	-29044
10065	-55150	-29633
10065	-57655	-29088
10065	-54770	-27465
10065	-54450	-27883
10065	-54285	-26501
10065	-54015	-27280
10065	-54115	-27659
10065	-53525	-27788
10065	-53445	-27551
10065	-55950	-30255
10065	-54435	-28084
10065	-55820	-28739
10065	-54680	-28046
10065	-52715	-28081
10065	-51025	-26880
10065	-55440	-28798
10065	-54265	-28005
10065	-54600	-28453
10065	-53780	-29162
10065	-53325	-26841
10065	-53975	-28839
10065	-53160	-27739
10065	-53875	-26462
10065	-54150	-26928
10065	-53570	-28492
10065	-54280	-27612
10155	-53850	-26976
10155	-54130	-25709
10155	-54490	-27499
10155	-53440	-27713
10155	-55820	-27636
10155	-52910	-26292
11580	-52720	-26408
11580	-52575	-26949
11580	-54615	-28559
11580	-52500	-25119
11580	-53570	-27029
11580	-53795	-27487
11580	-53800	-26909
11580	-52280	-26708
11580	-53355	-26969
15860	-54010	-26554
15860	-53425	-27256
15860	-53600	-28348
15860	-52355	-25285
15860	-54140	-27874
15860	-54280	-26483
15860	-52445	-25924
15860	-52275	-27025
15860	-53185	-26312
15860	-52345	-23136
15860	-53810	-27848
15860	-55660	-27647
15860	-52875	-26216
15860	-52930	-26980
15860	-53955	-24342
15860	-53670	-26356
15860	-53750	-26313
15860	-54085	-26035
15860	-55415	-26939
15860	-53565	-25307
15860	-53170	-25379
15860	-54220	-27252
15860	-53535	-25252
15860	-54330	-26275
15860	-55030	-27093
15860	-55685	-27455
15860	-53140	-25952
15860	-55620	-26540
15860	-53410	-26280
15860	-53315	-25126
15860	-53560	-25892
15860	-51200	-22560
15860	-54640	-27405
15860	-53535	-27021
15860	-54270	-26737
15860	-53975	-26059
15860	-52250	-24748
15860	-53015	-25848
15860	-53515	-26371
15860	-53210	-24396
15860	-54055	-25729
15860	-54335	-25412
15860	-54065	-25369
15860	-52920	-25031
15860	-54635	-25976
15860	-55535	-26405
15860	-52965	-24358
15860	-54140	-25535
15860	-54395	-26203
15860	-53825	-24486
15860	-54485	-25966
15860	-53255	-24976
15860	-54380	-25904
15860	-53160	-26316
15860	-52570	-24606
16435	-53100	-24065
16435	-52455	-23106
16435	-52800	-24046
16435	-53435	-23532
16435	-55930	-26295
16435	-54880	-25552
16435	-52610	-24189
16435	-53195	-24371
16435	-53925	-24300
16435	-53300	-24280
16435	-53305	-24381
16435	-53385	-24045
16435	-54310	-24586
16435	-52080	-24074
16435	-55530	-25258
16435	-54040	-24218
16435	-52415	-24267
16435	-53290	-22621
16435	-54220	-24623
16435	-55040	-24548
16435	-53810	-24764
16435	-54010	-24542
16435	-53645	-23700
16435	-55225	-24534
16435	-54310	-23833
16435	-51510	-22811
16435	-52495	-23292
16435	-53710	-22001
16435	-52380	-23296
16435	-54065	-25063
16435	-54325	-24935
16435	-53305	-23292
16435	-52540	-24575
16435	-53960	-23999
16435	-54675	-24321
16435	-50810	-20770
16435	-52295	-22326
16435	-51590	-23214
16435	-54360	-23190
16435	-54065	-22553
16435	-54670	-23503
16435	-52270	-22397
16435	-54645	-24097
16435	-52750	-23574
16435	-52620	-23800
16435	-53075	-22687
16435	-53445	-23022
16435	-54085	-23512
16435	-54845	-24033
16435	-52700	-21497
16435	-52340	-22127
16435	-54340	-22312
16435	-52265	-21266
16435	-53450	-21509
16435	-51845	-21769
16435	-54005	-22498
16435	-52460	-20535
16435	-52275	-22075
16435	-52705	-21664
16435	-52835	-20485
16435	-55430	-23986
16435	-53770	-21037
16435	-52245	-20931
16435	-51150	-17682
16435	-55030	-21929
16435	-52080	-20846
16435	-54205	-19445
16435	-52950	-21235
16435	-54080	-19681
16435	-54030	-21863
16435	-53440	-20101
16435	-52605	-19166
16435	-52670	-19658
16435	-52100	-20580
16435	-54970	-21099
16435	-52890	-19280
16435	-52760	-20237
16435	-53505	-18412
16435	-55555	-20850
16435	-52715	-19345
16435	-55420	-21625
16435	-52425	-18347
16435	-54220	-19881
16435	-52545	-18246
16435	-51960	-19645
16435	-54850	-20501
16435	-53300	-18862
16435	-52910	-20177
16435	-52145	-16988
16435	-52580	-19724
16435	-51915	-18516
16435	-52875	-18213
16435	-53440	-17311
16435	-52505	-20053
16435	-53455	-19628
16435	-53305	-18950
16435	-55345	-19334
16435	-52545	-19764
16435	-53620	-19249
16435	-55200	-18816
16435	-53020	-19004
16435	-53095	-17913
16435	-52795	-19278
16435	-53870	-18858
16435	-52960	-18514
16435	-54645	-19671
16435	-51345	-17882
16435	-54345	-18166
16435	-52315	-17314
16435	-52720	-17424
16435	-52490	-16880
16435	-54290	-17763
16435	-52380	-18368
16435	-52060	-17661
16435	-53155	-19180
16435	-52305	-18190
16435	-53525	-18425
16435	-52340	-16858
16435	-52460	-17572
16435	-52250	-16669
16435	-52645	-16840
16435	-50980	-13262
16435	-52800	-17547
16435	-52380	-17838
16435	-53655	-17204
16435	-53635	-17502
16435	-52660	-16740
16435	-52275	-16104
16435	-52280	-16980
16435	-51230	-15197
16435	-54530	-18190
16435	-51325	-17643
16435	-52440	-17609
16435	-52495	-17201
16435	-53845	-17845
16435	-53570	-18025
16435	-51345	-17024
16435	-52395	-17251
16435	-53170	-15768
16435	-53570	-17771
16435	-53325	-17017
16435	-52835	-17645
16435	-52260	-18065
16435	-52140	-17288
16435	-52290	-15189
16435	-53145	-15457
16435	-52480	-14502
16435	-51855	-14829
16435	-52360	-15003
16435	-53105	-16728
16435	-51850	-13497
16435	-54595	-15440
16435	-53655	-16904
16435	-52525	-15477
16435	-54040	-14407
16435	-51150	-15345
16435	-52855	-14474
16435	-52965	-15922
16435	-53585	-16794
16435	-52165	-14917
16435	-52020	-14543
16435	-53355	-16230
16435	-52210	-17040
16435	-53125	-14436
16435	-53725	-14199
16435	-51910	-15143
16435	-50610	-10573
16435	-54215	-15354
16435	-51445	-15328
16435	-53065	-15771
16435	-52180	-11661
16435	-52225	-13280
16640	-52570	-16022
16640	-52685	-13278
16640	-52490	-12723
16640	-52720	-14614
16640	-52500	-15001
16640	-51510	-13195
16640	-52415	-14687
16640	-52245	-12399
16640	-52565	-14416
16640	-52350	-13935
16640	-54270	-15090
16640	-52520	-15689
16640	-52495	-14835
16640	-53940	-14815
16640	-51850	-12649
16640	-52915	-14232
16640	-53630	-12357
16640	-54290	-14536
16640	-53555	-16484
16640	-52285	-11803
16640	-51650	-12009
16640	-53420	-12687
16640	-52890	-14822
16640	-53110	-13443
16640	-51645	-12742
16640	-53425	-12596
16640	-52775	-14554
16640	-52140	-13596
16640	-51945	-14152
16640	-52380	-12992
16640	-52295	-12920
16640	-52355	-13166
16640	-52485	-13543
16640	-52945	-12525
16640	-52135	-13764
16640	-52645	-12740
16640	-52355	-12770
16640	-52660	-12931
16640	-54520	-14714
16640	-53075	-13576
16640	-52425	-9858
16640	-52685	-13007
16640	-51360	-10333
16640	-51820	-11314
16640	-53340	-13344
16640	-54090	-13413
16640	-52115	-12637
16640	-52115	-11786
16640	-52665	-12432
16640	-51745	-10487
16640	-51470	-11142
16640	-53305	-11523
16640	-52675	-12775
16640	-52050	-12806
16640	-52585	-13075
16640	-53890	-12069
16640	-52040	-13448
16640	-50665	-10291
16640	-51510	-9551
16640	-51265	-10048
16640	-51915	-11299
16640	-51250	-11470
16640	-52075	-12430
16640	-51810	-11139
16640	-52275	-10049
16640	-52190	-12313
16640	-54395	-12240
16640	-51510	-11714
16640	-51045	-9427
16640	-52745	-9887
16640	-52585	-12350
16640	-51745	-11527
16640	-52020	-8307
16640	-50635	-8432
16640	-52895	-10653
16640	-52960	-12701
16640	-52805	-8981
16640	-53065	-14411
16640	-51555	-11389
16640	-52490	-11470
16640	-52280	-10244
16640	-50555	-10440
16640	-53290	-13055
16640	-51555	-12265
16640	-50805	-11935
16640	-52225	-9519
16640	-51950	-11923
16845	-52225	-10844
16845	-51555	-10420
16845	-52285	-10523
16845	-52225	-11304
16845	-53140	-11210
16845	-53275	-13461
16845	-52335	-10767
16845	-51515	-11660
16845	-51235	-9804
16845	-50210	-10749
16845	-51435	-9533
16845	-52120	-9711
16845	-52900	-10015
16845	-49110	-8833
16845	-52010	-10720
16845	-53735	-11741
16845	-53525	-11509
16845	-51055	-10633
16845	-52415	-9843
16845	-50480	-8648
16845	-52235	-10438
16845	-50170	-5541
16845	-52380	-12007
16845	-51115	-6179
16845	-51510	-9887
16845	-51305	-11633
16845	-51240	-9858
16845	-52225	-9980
16845	-50575	-9228
16845	-50530	-6877
16845	-52305	-10148
16845	-52430	-11408
16845	-52225	-11060
16845	-50585	-8395
16845	-51725	-10441
16845	-51320	-8767
16845	-52065	-11057
16845	-52070	-10999
16845	-51505	-9175
16845	-52065	-9274
16845	-52170	-9857
16845	-51510	-12688
16845	-51515	-7785
16845	-50555	-7568
16845	-51440	-9223
16845	-50350	-8824
16845	-50460	-8043
16845	-51130	-11366
16845	-50365	-7059
16845	-51925	-11868
16845	-51510	-10509
16845	-50790	-8072
16845	-51455	-10071
16845	-51310	-7808
16845	-50700	-7879
16845	-49925	-6807
16845	-50185	-8486
16845	-52130	-11067
16845	-51715	-8988
16845	-52275	-9515
16845	-51415	-8516
16845	-52275	-9261
16845	-52110	-9404
16845	-52485	-9536
16845	-52345	-8890
16845	-50715	-6469
16845	-51510	-8769
16845	-49895	-6946
16845	-51380	-9467
16845	-51445	-6538
16845	-50320	-9882
16845	-53320	-9174
16845	-51400	-10385
16845	-50695	-8731
16845	-51515	-7911
16845	-49830	-5320
16845	-51305	-7399
16845	-51745	-9071
16845	-51060	-8477
17315	-51400	-9433
17315	-52485	-10818
17315	-50405	-8774
17315	-51185	-8082
17315	-50630	-7316
17315	-52485	-10215
17315	-52065	-9240
17315	-50015	-6539
17315	-50255	-7706
17315	-50590	-7645
17315	-51395	-8018
17315	-51420	-8101
17315	-50405	-7557
17315	-51510	-8394
17315	-51750	-10461
17315	-51610	-10211
17315	-50130	-5805
17315	-51855	-7494
17315	-52855	-10910
43925	-50040	-5897
43925	-50355	-3792
43925	-53235	-7231
43925	-50805	-5592
43925	-50515	-3348
43925	-53495	-8210
43925	-49500	-223
43925	-52155	-7996
43925	-50210	-5329
43925	-52415	-5669
43965	-53080	-5155
43965	-50750	-5517
43965	-51645	-5718
43965	-51290	-4135
44525	-52415	-7599
44525	-48060	-503
44525	-50155	-1872
44525	-52380	-5280
44525	-52485	-4906
44525	-50880	-3020
44525	-50340	-1290
44525	-52485	-6162
44525	-50765	-4151
44525	-52245	-4363
44525	-52210	-5286
44525	-51220	-3174
44525	-53240	-3613
44525	-51090	-80
44525	-50315	-2145
44525	-50890	-4635
44525	-51595	-3272
44525	-50805	-275
44525	-49410	-2641
44525	-52090	-4381
44525	-52210	-3812
44525	-52205	-988
44525	-52275	-1173
44525	-49580	306
44525	-49725	1088
44525	-49580	1451
44525	-51590	-498
44525	-51510	-1138
44565	-48525	4335
44565	-50285	1243
44565	-50660	-723
44565	-49670	2074
44565	-52075	2036
44565	-52500	1138
44565	-51715	4553
44565	-51235	1785
44565	-50240	5403
44565	-50170	4558
44565	-52485	13
44565	-49805	5021
44565	-49525	1671
44565	-51260	919
44565	-49730	4071
44565	-52010	3123
44565	-50650	4915
44565	-50430	4749
44565	-49005	6320
44565	-48170	6104
44565	-50810	3321
45105	-50795	6831
45105	-50045	5558
45105	-51990	3288
45105	-51175	6520
45105	-49935	6229
45105	-51925	3770
45105	-50390	8193
45105	-52485	3331
45105	-49735	9073
45105	-50855	7589
45105	-50400	6892
45105	-48785	8328
45105	-50475	4757
45105	-51440	9542
45105	-50935	7201
45105	-52485	6247
45105	-48665	10164
45105	-50435	11729
45105	-51510	7113
45105	-52245	5305
45105	-51120	8244
45105	-50845	8419
45105	-50430	7271
45105	-51015	9639
45105	-49560	9058
45105	-51435	9635
45105	-48575	12887
45105	-52375	5394
45105	-48210	13930
45105	-48840	12096
45105	-48830	11103
45105	-49445	10487
45105	-48950	9350
45105	-49060	11778
45105	-48675	11604
45105	-50880	9789
45105	-49430	10898
45105	-48920	9164
45105	-49935	11791
45105	-49560	13579
45105	-46815	14150
45105	-51235	10296
45105	-48425	12835
45105	-49890	10277
45105	-48455	12394
45105	-51640	9389
45105	-50000	11211
45105	-48500	11188
45105	-49690	13113
45105	-50110	10074
45105	-47640	11985
45105	-51980	10519
45105	-49420	9926
45105	-50325	10024
45105	-49335	12475
45105	-49015	8961
45105	-52210	9048
45105	-49595	10888
45105	-51215	10445
45105	-49560	12959
45105	-49690	9802
45105	-50125	12019
45105	-49855	11402
45105	-47965	12347
45105	-48500	13231
45105	-47665	15146
45105	-48200	14893
45105	-47870	14713
45105	-32655	17377
45105	-40940	16294
45105	-45805	15619
45105	-47825	14207
45105	-35580	17811
45655	-50180	11358
45655	-48630	15217
45655	-46025	14372
45655	-50585	10117
45655	-48140	15019
45655	-48295	13381
45655	-49560	12209
45655	-51545	12473
45655	-46015	17325
45655	-50325	10878
45655	-47485	15872
45655	-47080	16344
45655	-46535	13745
45655	-48295	11442
45655	-49135	9573
45655	-50310	11631
45655	-48100	14087
45655	-48420	12181
45655	-45965	15451
45655	-46185	17766
45655	-46905	15983
45655	-42235	18101
45655	-48695	12856
45655	-40900	17689
45655	-47875	13423
45655	-49850	11619
45655	-49825	11826
45655	-48795	14472
45655	-30925	18357
45785	-44415	17653
45785	-49645	13047
45785	-48705	15161
45785	-28365	19785
45785	-38795	19221
45785	-46820	19259
45785	-47585	18318
45785	-48430	14704
45785	-47920	17731
45785	-46660	18335
45785	-49565	11549
45785	-32160	17036
45785	-47860	14569
45785	-48630	15219
45785	-32585	19159
45785	-47735	13946
45785	-46060	18109
45785	-44865	16657
45785	-48325	14268
45785	-49135	12555
45785	-46390	15998
45785	-35035	19779
45785	-47960	16025
45785	-47815	15806
45785	-52080	13647
45785	-42885	16438
45785	-48960	12826
45785	-30795	19579
45785	-22015	21793
45785	-48160	16596
45785	-47210	15896
45785	-47675	17175
45785	-49135	14676
45785	-47415	20472
45845	-28425	21722
45845	-47260	21035
45845	-46705	19083
45845	-30755	20004
45975	-30455	20448
45975	-48115	17201
45975	-48735	15875
45975	-48075	17033
45975	-30455	20717
45975	-46760	20927
45975	-47405	19532
45975	-47715	18558
45975	-48060	18088
45975	-47260	19526
45975	-28295	21030
45975	-38930	19522
45975	-30255	18722
45975	-48165	14940
45975	-20995	25879
45975	-30455	20128
45975	-25215	20856
45975	-44140	20557
45975	-47930	18246
45975	-30935	18853
45975	-30805	17543
45975	-46795	20507
45975	-20775	20039
45975	-28505	21253
45975	-36060	19128
45975	-28485	19496
45975	-28375	20198
45975	-48080	19106
45975	-42215	17502
45975	-36350	19580
45975	-26895	22529
45975	-23455	21789
45975	-25660	23825
45975	-28375	21515
45975	-27635	24087
45975	-30805	21494
45975	-46690	18388
45975	-48160	18302
45975	-33210	20261
45975	-46630	15650
45975	-22310	22002
45975	-30805	21501
45975	-20825	22372
45975	-46960	20511
45975	-28375	18620
45975	-28230	18228
45975	-28375	19931
45975	-22730	22559
45975	-28045	21610
45975	-46460	20172
45975	-48160	12910
45975	-48060	17760
45975	-47885	20937
45975	-20605	26122
45975	-28375	24115
45975	-35120	19390
45975	-23935	23834
45975	-18380	27418
45975	-26005	23658
45975	-48060	17703
45975	-48060	18941
45975	-21635	23271
45975	-46260	17980
45975	-47865	19154
45975	-48060	16195
45975	-48935	18224
45975	-21260	23401
45975	-31800	20641
45975	-22575	23059
45975	-21640	24369
45975	-48160	17810
45975	-21980	22426
45975	-46730	18912
45975	-47920	21860
45975	-48460	15439
45975	-30265	22571
45975	-48060	17849
45975	-30995	22884
45975	-30265	24272
45975	-22145	24877
45975	-30265	23074
45975	-45365	21161
45975	-48160	16707
45975	-47460	20994
45975	-47420	21651
45975	-20605	23491
45975	-30265	25263
45975	-23465	22286
45975	-27565	23401
45975	-22445	24579
45975	-19620	29888
45975	-23775	22857
45975	-20915	24156
45975	-48065	21328
45975	-25015	24001
45975	-25855	24440
45975	-47810	19696
45975	-44685	22573
45975	-47960	23251
45975	-47860	22057
45975	-21425	24930
45975	-47160	25214
45975	-29925	21753
45975	-24160	26554
45975	-30535	21966
45975	-20415	24415
45975	-48060	20608
45975	-21350	21732
45975	-23965	24415
45975	-18085	26536
45975	-24100	25293
45975	-30265	22748
45975	-46130	24910
45975	-25045	23947
45975	-21425	26449
45975	-22315	25283
45975	-22145	26043
45975	-23740	22610
45975	-21295	24132
45975	-22145	29009
45975	-24480	25147
45975	-23335	25192
45975	-18305	27670
45975	-20605	28275
45975	-21840	25673
45975	-30805	23638
45975	-21910	25541
45975	-23660	24443
45975	-45660	23515
45975	-20945	24754
45975	-21080	26397
45975	-47220	21061
45975	-22145	26198
45975	-22885	25268
45975	-22145	22335
45975	-23045	24040
45975	-30805	28047
45975	-20925	25953
45975	-26095	23319
45975	-23155	23687
45975	-21550	26236
45975	-22460	24033
45975	-21425	24736
45975	-47160	21281
45975	-20125	25374
45975	-17885	33675
45975	-20435	30556
45975	-21425	27128
45975	-20065	29666
45975	-21295	26372
45975	-20605	27411
45975	-20635	26754
45975	-21260	25060
45975	-20735	27804
45975	-17700	28824
45975	-30265	28565
45975	-20110	28247
45975	-20805	28664
45975	-30265	24362
45975	-47640	20797
45975	-46960	23315
45975	-19620	27560
45975	-20245	25013
45975	-16685	32032
45975	-20245	26017
45975	-19785	29844
45975	-20990	30752
45975	-30805	28411
45975	-46520	25809
45975	-20995	29740
45975	-47620	27517
45975	-18475	31026
45975	-19060	25046
45975	-21500	30039
45975	-18095	30351
45975	-15280	32917
45975	-16850	29448
45975	-20405	30308
45975	-27225	28633
45975	-20045	28477
45975	-18285	29237
45975	-18195	31621
45975	-22145	30747
45975	-20335	30207
45975	-20690	27281
45975	-20245	30069
45975	-15070	33790
45975	-19935	29571
45975	-21260	29326
45975	-21610	26805
45975	-20605	29201
45975	-18265	32669
45975	-20245	32543
45975	-17885	33786
45975	-22625	24837
45975	-19635	29714
45975	-30805	28061
45975	-18940	28733
45975	-17700	33422
45975	-20335	29646
45975	-22145	27101
45975	-19935	33881
45975	-17195	33574
45975	-18285	32267
45975	-19400	29989
45975	-22145	30858
45975	-19560	31421
45975	-16685	34566
45975	-20335	32130
45975	-16645	31565
45975	-17565	35416
45975	-21080	31280
45975	-18085	34053
45975	-20525	28429
45975	-16000	34947
45975	-19375	35835
45975	-18175	34586
45975	-14410	36989
45975	-17445	33253
45975	-19035	33940
45975	-18085	33624
45975	-18285	33871
45975	-18135	32963
45975	-13845	35380
45975	-17185	34250
45975	-19445	28753
45975	-20275	31513
45975	-20225	34442
45975	-18285	32842
45975	-20605	28429
45975	-18195	32636
45975	-17885	34173
45975	-18285	30518
45975	-18675	33358
45975	-20025	29911
45975	-20605	31580
45975	-20025	30276
45975	760	38699
45975	-20065	31475
45975	-18285	32799
45975	10195	40396
45975	-5885	36649
45975	9520	41887
45975	-16890	35416
45975	-19935	34524
45975	-16085	38618
45975	-18085	36891
45975	-18935	32805
45975	-16085	36922
45975	-16685	38289
45975	-16085	37928
45975	-12475	38225
45975	8955	39148
45975	-13645	37570
45975	-21425	30110
45975	-5935	39973
45975	-17885	33491
45975	10165	39947
45975	-19220	35097
45975	-20185	36361
45975	-13660	34809
45975	-18285	32754
45975	9520	37832
45975	-12930	40145
45975	-13745	35915
45975	-15485	34812
45975	10270	39774
45975	-12975	38547
45975	-17885	35661
45975	-15315	39148
45975	8440	39994
45975	-7240	40074
45975	-13910	39722
45975	-12975	35960
45975	11980	41763
45975	-18285	35207
45975	10025	40870
45975	-13510	39099
45975	11980	42219
45975	1070	41142
45975	15600	42990
45975	-7175	41272
45975	-18865	35746
45975	15900	43581
45975	-2465	39537
45975	8585	41672
45975	-12475	40966
45975	-20735	37791
45975	10025	39751
45975	-19035	38639
45975	-20025	37485
45975	-16685	35971
45975	-16050	38093
45975	8585	40810
45975	-16350	40623
45975	9520	40104
45975	8440	39813
45975	8440	40154
45975	-18705	33113
45975	15670	42697
45975	8815	40646
45975	15900	43604
45975	11510	43259
45975	16900	45376
45975	14565	42584
45975	15090	44142
45975	14945	41876
45975	15900	44772
45975	17100	45374
45975	44365	45940
45975	44775	45949
45975	14460	44435
45975	9520	43281
45975	8955	42414
45975	16000	44611
45975	16800	44808
45975	17430	45680
45975	11770	43494
45975	14945	42790
45975	15500	44174
45975	15835	42887
45975	14700	42994
45975	15705	43283
45975	14305	43503
45975	16130	44766
45975	16230	44202
45975	14945	44152
45975	13725	42926
45975	-5300	42310
45975	45975	45975
45975	8440	40932
45975	14310	42923
45975	45975	45975
45975	45975	45975
45975	45975	45975
45975	45785	45971
45975	16130	45395
45975	16900	45093
45975	16000	44773
45975	45975	45975
45975	16000	45055
45975	45975	45975
45975	45975	45975
45975	45975	45975
45975	45975	45975
45975	45975	45975
45975	45975	45975
45975	45715	45972
45975	45975	45975
45975	45585	45968
45975	17100	45664
45975	45975	45975
45975	45715	45972
45975	11510	42219
45975	45975	45975
45975	45975	45975
45975	16330	45677
45975	45975	45975
45975	45975	45975
45975	45975	45975
45975	45975	45975
45975	45975	45975
45975	45975	45975
45975	45975	45975
45975	45975	45975
45975	45975	45975
45975	45975	45975
45975	45975	45975
45975	45975	45975
45975	45975	45975
45975	45975	45975
45975	45975	45975
45975	45975	45975
45975	45975	45975
45975	45975	45975
45975	45975	45975
45975	45975	45975
45975	45975	45975
45975	45975	45975
45975	45975	45975
45975	45975	45975
45975	45975	45975
45975	45975	45975
45975	45975	45975
45975	45975	45975
45975	45975	45975
45975	45975	45975
45975	45975	45975
45975	45975	45975
45975	45975	45975
45975	45975	45975
45975	45975	45975
45975	45975	45975
45975	45975	45975
45975	45975	45975
45975	45975	45975
45975	45975	45975
45975	45975	45975
45975	45975	45975
45975	45975	45975
45975	45975	45975
45975	45975	45975
45975	45975	45975
45975	45975	45975
45975	45975	45975
45975	45975	45975
45975	45975	45975
45975	45975	45975
45975	45975	45975
45975	45975	45975
45975	45975	45975
45975	45975	45975
45975	45975	45975
45975	45975	45975
45975	45975	45975
45975	45975	45975
45975	45975	45975
45975	45975	45975
45975	45975	45975
45975	45975	45975
45975	45975	45975
45975	45975	45975
45975	45975	45975
45975	45975	45975
45975	45975	45975
45975	45975	45975
45975	45975	45975
45975	45975	45975
45975	45975	45975
45975	45975	45975
45975	45975	45975
45975	45975	45975
45975	45975	45975
45975	45975	45975
45975	45975	45975
45975	45975	45975
45975	45975	45975
45975	45975	45975
45975	45975	45975
45975	45975	45975
45975	45975	45975
45975	45975	45975
45975	45975	45975
45975	45975	45975
45975	45975	45975
45975	45975	45975
45975	45975	45975
45975	45975	45975
45975	45975	45975
45975	45975	45975
45975	45975	45975
45975	45975	45975
45975	45975	45975
45975	45975	45975
45975	45975	45975
45975	45975	45975
45975	45975	45975
45975	45975	45975
45975	45975	45975
45975	45975	45975
45975	45975	45975
45975	45975	45975
45975	45975	45975
45975	45975	45975
45975	45975	45975
45975	45975	45975
45975	45975	45975
45975	45975	45975
45975	45975	45975
45975	45975	45975
45975	45975	45975
45975	45975	45975
45975	45975	45975
45975	45975	45975
45975	45975	45975
45975	45975	45975
45975	45975	45975
45975	45975	45975
45975	45975	45975
45975	45975	45975
45975	45975	45975
45975	45975	45975
45975	45975	45975
45975	45975	45975
45975	45975	45975
45975	45975	45975
45975	45975	45975
45975	45975	45975
45975	45975	45975
45975	45975	45975
45975	45975	45975
45975	45975	45975
45975	45975	45975
45975	45975	45975
45975	45975	45975
45975	45975	45975
45975	45975	45975
45975	45975	45975
45975	45975	45975
45975	45975	45975
45975	45975	45975
45975	45975	45975
45975	45975	45975
45975	45975	45975
45975	45975	45975
45975	45975	45975
45975	45975	45975
45975	45975	45975
45975	45975	45975
45975	45975	45975
45975	45975	45975
45975	45975	45975
45975	45975	45975
45975	-48060	45035
45975	45975	45975
45975	45975	45975
45975	45975	45975
45975	45975	45975
45975	45975	45975
45975	45975	45975
45975	45975	45975
45975	45975	45975
45975	45975	45975
45975	45975	45975
45975	45975	45975
45975	45975	45975
45975	45975	45975
45975	45975	45975
45975	45975	45975
45975	45975	45975
45975	45975	45975
45975	45975	45975
45975	45975	45975
45975	45975	45975
45975	45975	45975
45975	45975	45975
45975	45975	45975
45975	45975	45975
45975	45975	45975
45975	45975	45975
45975	45975	45975
45975	45975	45975
45975	45975	45975
45975	45975	45975
45975	45975	45975
45975	45975	45975
45975	45975	45975
45975	45975	45975
45975	45975	45975
45975	45975	45975
45975	45975	45975
45975	45975	45975
45975	45975	45975
45975	45975	45975
45975	45975	45975
45975	45975	45975
45975	45975	45975
45975	45975	45975
45975	45975	45975
45975	45975	45975
45975	45975	45975
45975	45975	45975
45975	45975	45975
45975	45975	45975
45975	45975	45975
45975	45975	45975
45975	45975	45975
45975	45975	45975
45975	45975	45975
45975	45975	45975
45975	45975	45975
45975	45975	45975
45975	45975	45975
45975	45975	45975
45975	45975	45975
45975	45975	45975
45975	45975	45975
45975	45975	45975
45975	45975	45975
45975	45975	45975
45975	45975	45975
45975	45975	45975
45975	45975	45975
45975	45975	45975
45975	45975	45975
45975	45975	45975
45975	45975	45975
45975	45975	45975
45975	45975	45975
45975	45975	45975
45975	45975	45975
45975	45975	45975
45975	45975	45975
45975	45975	45975
45975	45975	45975
45975	45975	45975
45975	45975	45975
45975	45975	45975
45975	45975	45975
45975	45975	45975
45975	45975	45975
45975	45975	45975
45975	45975	45975
45975	45975	45975
45975	45975	45975
45975	45975	45975
45975	45975	45975
45975	45975	45975
45975	45975	45975
45975	45975	45975
45975	45975	45975
45975	45975	45975
45975	45975	45975
45975	45975	45975
45975	45975	45975
45975	45975	45975
45975	45975	45975
45975	45975	45975
45975	45975	45975
45975	45975	45975
45975	45975	45975
45975	45975	45975
45975	45975	45975
45975	45975	45975
45975	45975	45975
45975	45975	45975
45975	45975	45975
45975	45975	45975
45975	45975	45975
45975	45975	45975
45975	45975	45975
45975	45975	45975
45975	45975	45975
45975	45975	45975
45975	45975	45975
45975	45975	45975
45975	45975	45975
45975	45975	45975
45975	45975	45975
45975	45975	45975
45975	45975	45975
45975	45975	45975
45975	45975	45975
45975	45975	45975
45975	45975	45975
45975	45975	45975
45975	45975	45975
45975	45975	45975
45975	45975	45975
45975	45975	45975
45975	45975	45975
45975	45975	45975
45975	45975	45975
45975	45975	45975
45975	45975	45975
45975	45975	45975
45975	45975	45975
45975	45975	45975
45975	45975	45975
45975	45975	45975
45975	45975	45975
45975	45975	45975
45975	45975	45975
45975	45975	45975
45975	45975	45975
45975	45975	45975
45975	45975	45975
45975	45975	45975
45975	45975	45975
45975	45975	45975
45975	45975	45975
45975	45975	45975
45975	45975	45975
45975	45975	45975
45975	45975	45975
45975	45975	45975
45975	45975	45975
45975	45975	45975
45975	45975	45975
45975	45975	45975
45975	45975	45975
45975	45975	45975
45975	45975	45975
45975	45975	45975
45975	45975	45975
45975	45975	45975
45975	45975	45975
45975	45975	45975
45975	45975	45975
45975	45975	45975
45975	45975	45975
45975	45975	45975
45975	45975	45975
45975	45975	45975
45975	45975	45975
45975	45975	45975
45975	45975	45975
45975	45975	45975
45975	45975	45975
45975	45975	45975
45975	45975	45975
45975	45975	45975
45975	45975	45975
45975	45975	45975
45975	45975	45975
45975	45975	45975
45975	45975	45975
45975	45975	45975
45975	45975	45975
45975	45975	45975
45975	45975	45975
45975	45975	45975
45975	45975	45975
45975	45975	45975
45975	45975	45975
45975	45975	45975
45975	45975	45975
45975	45975	45975
45975	45975	45975
45975	45975	45975
45975	45975	45975
45975	45975	45975
45975	45975	45975
45975	45975	45975
45975	45975	45975
45975	45975	45975
45975	45975	45975
45975	45975	45975
45975	45975	45975
45975	45975	45975
45975	45975	45975
45975	45975	45975
45975	45975	45975
45975	45975	45975
45975	45975	45975
45975	45975	45975
45975	45975	45975
45975	45975	45975
45975	45975	45975
45975	45975	45975
45975	45975	45975
45975	45975	45975
45975	45975	45975
45975	45975	45975
45975	-48060	42214
45975	45975	45975
45975	45975	45975
45975	45975	45975
45975	45975	45975
45975	45975	45975
45975	45975	45975
45975	45975	45975
45975	45975	45975
45975	45975	45975
45975	45975	45975
45975	45975	45975
45975	45975	45975
45975	45975	45975
45975	45975	45975
45975	45975	45975
45975	45975	45975
45975	45975	45975
45975	45975	45975
45975	45975	45975
45975	45975	45975
45975	45975	45975
45975	45975	45975
45975	45975	45975
45975	45975	45975
45975	45975	45975
45975	45975	45975
45975	45975	45975
45975	45975	45975
45975	45975	45975
45975	45975	45975
45975	45975	45975
45975	45975	45975
45975	45975	45975
45975	45975	45975
45975	45975	45975
45975	45975	45975
45975	45975	45975
45975	45975	45975
45975	45975	45975
45975	45975	45975
45975	45975	45975
45975	45975	45975
45975	45975	45975
45975	45975	45975
45975	45975	45975
45975	45975	45975
45975	45975	45975
45975	45975	45975
45975	45975	45975
45975	45975	45975
45975	45975	45975
45975	45975	45975
45975	45975	45975
45975	45975	45975
45975	45975	45975
45975	45975	45975
45975	45975	45975
45975	45975	45975
45975	45975	45975
45975	45975	45975
45975	45975	45975
45975	45975	45975
45975	45975	45975
45975	45975	45975
45975	45975	45975
45975	-48060	45035
45975	45975	45975
45975	45975	45975
45975	45975	45975
45975	45975	45975
45975	45975	45975
45975	45975	45975
45975	45975	45975
45975	45975	45975
45975	45975	45975
45975	45975	45975
45975	45975	45975
45975	45975	45975
45975	45975	45975
45975	45975	45975
45975	45975	45975
45975	45975	45975
45975	45975	45975
45975	45975	45975
45975	45975	45975
45975	45975	45975
45975	45975	45975
45975	45975	45975
45975	45975	45975
45975	45975	45975
45975	45975	45975
45975	45975	45975
45975	45975	45975
45975	45975	45975
