-67010 -78550 -66530
-20490 -73140 -58905
-19515 -73140 -54872
-19515 -72330 -51029
-19515 -73135 -48689
-19515 -73140 -49157
-16595 -73140 -45480
-8655 -78790 -43340
-6035 -72870 -40440
1805 -79260 -43690
1805 -73140 -43083
1805 -79160 -45806
17840 -72020 -43950
17840 -73135 -43807
17840 -72865 -45532
17840 -72260 -41784
17840 -71820 -41307
17840 -71350 -40634
17840 -73135 -41506
17840 -73140 -39485
17840 -71955 -41740
17840 -78315 -45088
18470 -79260 -41172
18470 -79160 -40659
18470 -76100 -40171
18470 -76100 -40381
18470 -72220 -42460
18470 -72865 -40027
18470 -67020 -40930
18470 -64590 -41750
18470 -75340 -42705
18470 -66325 -40832
18470 -73690 -36813
18470 -71920 -35616
18470 -78990 -35598
18470 -77370 -35435
18470 -76100 -35343
18470 -72935 -39730
18470 -72870 -42093
18470 -73490 -39325
18470 -78225 -39906
18470 -72865 -41344
18470 -75900 -44708
18470 -77920 -45128
18470 -72360 -42992
18470 -78120 -41179
18470 -72940 -42304
18470 -72455 -41294
18470 -72870 -42548
18470 -71585 -42356
18470 -73135 -44295
18470 -68420 -41706
18470 -69920 -39759
18470 -72940 -39168
18470 -69770 -38573
18470 -71955 -38210
18470 -71125 -39577
18470 -74750 -41077
18470 -73135 -40978
18470 -71955 -41962
18470 -77450 -44323
18470 -75490 -43631
24775 -78865 -42874
24775 -74300 -42111
24775 -71215 -40803
24775 -75560 -38819
25630 -72600 -39879
25630 -73035 -44184
25630 -74300 -43863
25630 -78930 -44191
25630 -75145 -43608
49645 -79125 -44154
49645 -71720 -40521
49645 -75840 -43202
49645 -75490 -41832
49645 -78450 -42924
49645 -66895 -41465
49645 -72020 -41476
49645 -71075 -40954
49645 -66880 -41026
49645 -77980 -38471
49645 -79060 -39886
49645 -66800 -37650
49645 -73470 -41796
49645 -72290 -38982
49645 -72995 -40678
49645 -71955 -43316
49645 -71215 -42413
49645 -71250 -42017
49645 -71210 -40457
49645 -71110 -41867
49645 -72395 -41918
49645 -67020 -41680
49645 -72865 -43371
49645 -75795 -40244
49645 -72940 -36912
49645 -68685 -39124
49645 -67980 -39479
49645 -75090 -39176
49645 -72670 -41428
49645 -72870 -43646
49645 -73960 -41867
49645 -72600 -41431
49645 -72530 -41093
49645 -69595 -40435
49645 -72600 -42063
49645 -72020 -43818
49645 -72935 -41541
49645 -68295 -40886
49645 -78385 -40455
49645 -73960 -40821
49645 -72490 -40721
49645 -66710 -37861
49645 -77770 -39341
49645 -75795 -40128
49645 -72680 -41222
49645 -68755 -39098
49645 -68660 -39702
49645 -72395 -39213
49645 -72265 -37432
49645 -70210 -36931
49645 -72600 -38147
49645 -69820 -38662
49645 -69175 -38029
49645 -79060 -36399
49645 -72770 -39420
49645 -71785 -39575
49645 -72935 -33158
49645 -69850 -36030
49645 -67980 -35918
49645 -73920 -40403
54865 -71620 -37269
54865 -72930 -41499
54865 -69075 -38281
54865 -74030 -37083
54865 -72840 -38764
54865 -77640 -35857
54865 -72625 -35385
54865 -72495 -38359
54865 -72805 -35076
54865 -71650 -37084
54865 -73140 -38603
54865 -75400 -33962
54865 -66010 -34159
54865 -69780 -35224
54865 -69645 -38379
54865 -78825 -38436
54865 -78730 -38334
54865 -79060 -37807
54865 -71460 -35400
54865 -72940 -34713
54865 -75390 -38074
54865 -72725 -37483
54865 -78630 -36481
54865 -72930 -37077
54865 -72980 -38096
54865 -77820 -35364
54865 -78725 -34138
54865 -71710 -36393
54865 -71820 -34869
54865 -72705 -36138
54865 -73140 -36529
54865 -68455 -37698
54865 -72865 -36713
54865 -73065 -37360
54865 -71655 -36982
54865 -68720 -34604
54865 -72930 -37891
54865 -74165 -38258
54865 -67640 -36213
54865 -72530 -35163
54865 -79025 -38017
54865 -72660 -36406
54865 -71030 -34923
54865 -72000 -32832
54865 -71470 -37028
54865 -72505 -35684
54865 -73225 -36838
54865 -75795 -37021
54865 -75855 -35074
54865 -67290 -33298
54865 -76100 -33175
54865 -71550 -36566
54865 -72940 -35515
54865 -73065 -38270
54865 -67065 -34599
54865 -74845 -36736
54865 -66910 -33531
54865 -73760 -33847
54865 -71555 -34337
54865 -79125 -35635
54865 -72870 -35968
54865 -72940 -32945
54865 -78215 -34869
54865 -72020 -33928
54865 -71480 -33403
54865 -72405 -34244
54865 -68940 -32996
54865 -72120 -37170
54865 -71420 -35271
54865 -68900 -36111
54865 -66880 -33640
54865 -72870 -34298
54865 -72940 -33235
54865 -72960 -34402
54865 -71920 -34875
54865 -72650 -36059
54865 -72360 -34806
54865 -68760 -36625
54865 -78150 -36578
54865 -71290 -33733
54865 -69340 -31720
54865 -71755 -30207
54865 -78720 -33467
54865 -72560 -30831
54865 -69890 -31064
54865 -72960 -35775
54865 -67160 -34526
54865 -70785 -35013
54865 -68720 -36279
54865 -68175 -36217
54865 -79160 -36431
54865 -68590 -33043
54865 -66380 -30552
54865 -68715 -34535
54865 -70110 -33920
54865 -68525 -30622
54865 -68120 -37216
54865 -72720 -36031
54865 -67275 -36199
54865 -67430 -34115
54865 -71360 -37016
54865 -72940 -37615
54865 -69670 -35077
54865 -71390 -35414
54865 -71760 -34882
54865 -71050 -34985
54865 -72295 -32626
54865 -72020 -28737
54865 -77850 -33716
54865 -67560 -36247
54865 -71920 -33596
54865 -77505 -35297
54865 -73840 -29298
54865 -73065 -30108
54865 -70240 -33080
54865 -71820 -31811
54865 -72940 -35104
54865 -70615 -32991
54865 -78990 -32582
54865 -72830 -33611
54865 -72865 -34546
54865 -73065 -32830
54865 -72940 -34592
54865 -69525 -29989
54865 -78925 -29211
54865 -70195 -31436
54865 -72020 -27131
54865 -75900 -30001
54865 -71585 -27791
54865 -66670 -29467
54865 -72810 -33802
54865 -69145 -29607
54865 -68880 -30037
54865 -69340 -28336
54865 -72825 -32743
54865 -69340 -35770
54865 -73070 -34303
54865 -72940 -32768
54865 -70140 -36100
54865 -72390 -34927
54865 -68610 -34990
54865 -69090 -34497
54865 -70985 -33332
54865 -72925 -32273
54865 -71815 -34599
54865 -70635 -34836
54865 -69595 -32467
54865 -72805 -31718
54865 -66840 -30401
54865 -69625 -28897
54865 -72115 -27362
54865 -75560 -28951
54865 -72225 -30802
54865 -73135 -29909
54865 -72020 -30339
54865 -71120 -30984
54865 -75560 -30156
54865 -72870 -28678
54865 -70270 -32528
54865 -68685 -30342
54865 -72260 -33088
54865 -69340 -32285
54865 -75150 -32667
54865 -71665 -32999
54865 -65885 -31935
54865 -75290 -35282
54865 -78930 -30626
54865 -73035 -34069
54865 -71915 -29421
54865 -71720 -31823
54865 -78990 -32368
54865 -73960 -35553
54865 -71740 -32830
54865 -68225 -32127
54865 -71650 -29983
54865 -73140 -29154
54865 -71930 -32568
54865 -69710 -33315
54865 -71995 -35009
54865 -79000 -34463
54865 -72295 -31857
54865 -71660 -31129
54865 -68835 -29755
54865 -72765 -28844
54865 -71490 -30617
54865 -78010 -30814
54865 -73140 -29637
54865 -66540 -30003
54865 -75800 -29843
54865 -69775 -31221
54865 -73140 -32869
54865 -69205 -30635
54865 -65650 -33277
54865 -72695 -34377
54865 -78725 -31558
54865 -72870 -30994
54865 -71625 -28709
54865 -73140 -30157
54865 -69615 -30453
54865 -78890 -32851
54865 -65340 -29041
54865 -69340 -31399
54865 -71050 -31553
54865 -77775 -28862
54865 -66930 -28563
54865 -77915 -27890
54865 -67550 -35852
54865 -70365 -34800
54865 -72940 -30914
54865 -72870 -30673
54865 -72095 -32195
54865 -67010 -26172
54865 -65535 -28581
54865 -70855 -27102
54865 -72155 -27972
54865 -69465 -26032
54865 -75650 -26264
54865 -65645 -26033
54865 -78600 -23726
55065 -78520 -23324
55065 -72395 -29781
55065 -72805 -28613
55065 -73140 -28152
55065 -66870 -29554
55065 -68280 -32996
55065 -67010 -31033
55065 -68000 -30231
55065 -71620 -26004
55065 -67020 -24753
55065 -66745 -27950
55065 -74780 -27057
55065 -71310 -23714
55065 -65140 -29384
55065 -66750 -27390
55065 -69355 -28843
55065 -69210 -28673
55065 -69340 -27017
55065 -69330 -29158
55065 -70190 -22529
55065 -67045 -27690
55065 -67910 -26876
55065 -73060 -26629
55065 -78560 -26483
55065 -69360 -26868
55065 -72600 -28618
55065 -69110 -26199
55065 -68570 -24775
55065 -71755 -29326
55065 -72295 -28074
55065 -67815 -25789
55065 -66775 -25631
55065 -68220 -30146
55065 -72870 -31632
55065 -64865 -29695
55065 -74035 -25815
55065 -67750 -28053
55065 -68375 -26830
55065 -72940 -32214
55065 -72055 -28226
55065 -69100 -27400
55065 -75250 -25419
55065 -74810 -28929
55065 -72800 -30119
55065 -71750 -27247
55065 -68690 -28631
55065 -65140 -28858
55065 -67010 -30865
55065 -67720 -27723
55065 -69240 -26901
55065 -71335 -26422
55065 -69340 -25140
55065 -66800 -24688
55065 -67395 -26900
55065 -72800 -26744
55065 -74810 -28422
55065 -71955 -23301
55065 -68935 -27404
55065 -68185 -23281
55065 -69240 -25589
55065 -68640 -31174
55065 -72910 -29684
55065 -71800 -25219
55065 -69620 -26132
55065 -76190 -21888
55065 -68160 -21791
55065 -72935 -21321
55065 -73895 -22941
55065 -66885 -22392
55065 -72670 -24044
55065 -74430 -22609
55065 -67615 -23409
55065 -66450 -24142
55065 -69805 -26899
55065 -70005 -25894
55065 -66820 -24382
55195 -66920 -20751
55195 -67875 -23819
55195 -70675 -26791
55195 -76065 -27984
55195 -72180 -27096
55195 -66260 -24885
55195 -67010 -21849
55195 -68170 -18559
55195 -65465 -18076
55195 -71595 -23110
55195 -71955 -23104
55195 -72020 -20929
55195 -72940 -15589
55195 -69105 -17604
55195 -69220 -21131
55195 -71415 -23149
55195 -77945 -23872
55195 -66800 -16446
55195 -66700 -20827
55195 -72050 -12381
55195 -67010 -15808
55195 -71600 -17466
55195 -64780 -17564
55325 -68990 -15278
55325 -71220 -16759
55325 -71920 -17987
55325 -67010 -16530
55325 -78855 -13622
55325 -71920 -10920
55325 -66705 -15756
55325 -67475 -20669
55325 -78900 -19908
55325 -78755 -22653
55325 -78520 -20555
55325 -66875 -20051
55325 -78960 -20790
55325 -66635 -22585
55325 -67010 -19469
55325 -73125 -18201
55325 -67980 -17775
55325 -75650 -20782
55325 -72940 -22654
55325 -67020 -23136
55325 -66585 -16735
55325 -71260 -15631
55325 -72880 -18350
55325 -70295 -17670
55325 -72595 -17309
55325 -70255 -19367
55325 -65660 -15692
55325 -72595 -19432
55325 -63430 -8904
55325 -77985 -12724
55325 -77785 -19031
55325 -69205 -15317
55325 -67375 -17951
55325 -73135 -20497
55325 -72935 -19791
55325 -69300 -15726
55325 -74945 -16738
55325 -66800 -17168
55325 -71660 -17916
55325 -72095 -13964
55325 -66880 -16939
55325 -71090 -15708
55325 -72760 -13760
55325 -66530 -12616
55325 -70060 -18410
55325 -71955 -16362
55325 -71750 -22870
55325 -76495 -24709
55325 -74860 -26076
55325 -73070 -21102
55325 -66875 -21034
55325 -71750 -15353
55325 -73135 -15429
55325 -70335 -11075
55325 -66745 -13433
55325 -67995 -13284
55325 -66880 -14633
55325 -72020 -12956
55325 -76830 -12589
55325 -72130 -12431
55325 -66875 -16908
55325 -69205 -20071
55325 -71650 -16827
55325 -69270 -16776
55325 -71750 -20526
55325 -75360 -18972
55325 -79000 -16867
55325 -72490 -14055
55325 -75250 -14729
55325 -66875 -12614
55325 -71755 -17844
55325 -68590 -18558
55325 -65700 -16033
55325 -71575 -17560
55325 -69135 -14192
55325 -78690 -11432
55325 -71140 -10346
55325 -71320 -18420
55325 -72810 -20727
55325 -72870 -17279
55325 -67010 -16367
55325 -72610 -18277
55325 -68310 -9126
55325 -71420 -10692
55325 -71150 -11677
55325 -66880 -3098
55325 -71750 -9056
55325 -71920 -12710
55325 -78180 -10506
55325 -78855 -10711
55325 -67835 -7448
55325 -72610 -14612
55325 -68655 -9527
55325 -66875 -12182
55325 -66850 -6731
55325 -67575 -10145
55325 -71820 -14711
55325 -66750 -12091
55325 -69270 -11316
55325 -78860 -9402
55325 -71450 -10900
55325 -72695 -12159
55325 -66745 -16095
55325 -67150 -14580
55325 -66745 -11973
55325 -67010 -14033
55325 -68965 -13364
55325 -69760 -17831
55325 -74335 -12201
55325 -78855 -8920
55325 -72600 -7671
55325 -67010 -11462
55325 -67590 -13232
55325 -66875 -9354
55325 -66325 -7102
55325 -76830 -9394
55325 -72090 -9367
55325 -78720 -15511
55325 -71155 -13385
55325 -70990 -9777
55325 -65030 -10663
55325 -73140 -13003
55325 -74300 -17222
55325 -65560 -10661
55325 -64780 -11057
55325 -66665 -10467
55325 -74030 -15887
55325 -72940 -10982
55325 -70035 -12815
55325 -72020 -10349
55325 -72020 -10838
55325 -78855 -12073
55325 -78620 -12828
55325 -78855 -10897
55325 -70180 -13398
55325 -72805 -17290
55325 -66780 -6413
55325 -65530 -11527
55325 -72760 -13881
55325 -65320 -9859
55325 -69230 -9266
55325 -64640 -8945
55325 -64040 -6943
55325 -66885 -6187
55325 -70505 -10803
55325 -72655 -13718
55325 -71750 -11571
55325 -72880 -10685
55325 -72770 -16467
55325 -72875 -14729
55325 -72090 -16266
55325 -70055 -17408
55325 -71225 -11776
55325 -72020 -10423
55325 -65975 -11521
55325 -66640 -17464
55325 -71965 -19809
55325 -69975 -18468
55325 -66795 -19791
55325 -66910 -11963
55325 -75650 -14532
55325 -75230 -13963
55325 -71820 -11717
55325 -67020 -12893
55325 -73135 -17898
55325 -72295 -14151
55325 -72100 -18109
55325 -66875 -15440
55325 -71750 -15967
55325 -77775 -16227
55325 -67375 -19387
55325 -72830 -12486
55325 -73690 -13989
55325 -72805 -12061
55325 -66665 -7404
55325 -77640 -8372
55325 -71750 -14934
55325 -78855 -15505
55325 -71850 -14507
55325 -66535 -20008
55325 -69070 -10028
55325 -68760 -10096
55325 -72260 -10285
55325 -72795 -17994
55325 -75290 -15758
55325 -69965 -14465
55325 -72840 -11101
55325 -72830 -16695
55325 -71760 -927
55325 -69780 1762
55325 -73070 -1465
55325 -60690 1714
55325 -73140 321
55325 -73030 759
55325 -79260 1067
55325 -69340 6347
55325 -67165 3469
55325 -73140 -2891
55325 -66800 -2364
55325 -72020 4897
55325 -72020 2492
55325 -63565 5242
55325 -71750 6620
55325 -72865 4264
55325 -64645 12389
55325 -72020 10292
55325 -78180 10540
55325 -69730 7830
55325 -65940 14364
55325 -78855 5778
55325 -60790 4910
55325 -72020 9390
55325 -70320 12241
55325 -62830 13852
55325 -75515 15465
55325 -75380 4345
55325 -60885 10462
55325 -69460 9504
55325 -73140 11143
55325 -74300 6234
55325 -78990 10417
55325 -72865 6736
55325 -62350 6167
55325 -71320 7688
55325 -73135 7790
55325 -70320 3701
55325 -71630 1590
55325 -65585 4786
55325 -75650 4621
55325 -62535 3612
55325 -66885 1337
55325 -63655 8046
55325 -64780 4964
55325 -72020 12067
55325 -67500 8390
55325 -75650 2835
55325 -67485 15367
55325 -72925 10078
55325 -72020 8691
55325 -73140 5923
55325 -58970 7839
55325 -64780 3492
55325 -60785 8125
55325 -64780 6551
55325 -75615 5784
55325 -67440 6231
55325 -67010 4369
55325 -67020 11078
55325 -72190 7760
55325 -72020 9317
55325 -64385 14541
55325 -75650 6821
55325 -79125 10387
55325 -65805 10799
55325 -67020 7728
55325 -66590 4616
55325 -73140 2271
55325 -64780 7759
55325 -57540 12782
55325 -64780 9290
55325 -71420 10054
55325 -64645 12864
55325 -72870 4586
55325 -63205 12734
55325 -71125 10456
55325 -70310 7958
55325 -71820 9648
55325 -67160 6993
55325 -60780 10600
55325 -65720 15800
55325 -63700 14897
55325 -72020 18702
55325 -72020 11173
55325 -61170 13218
55325 -65585 14023
55325 -71550 20572
55325 -64485 23480
55325 -59770 23270
55325 -65375 12395
55325 -68455 13088
55325 -62880 10349
55325 -64000 4150
55325 -71140 728
55325 -63250 11410
55325 -60890 8734
55325 -68410 14771
55325 -64445 13413
55325 -66405 7191
55325 -63005 11699
55325 -72020 8033
55325 -70880 11660
55325 -61090 15639
55325 -65205 8564
55325 -72020 11798
55325 -71210 12468
55325 -73135 11199
55325 -66585 7948
55325 -79125 7142
55325 -75650 9461
55325 -64175 13745
55325 -72870 12184
55325 -64385 17282
55325 -72020 12298
55325 -62215 10466
55325 -66800 6670
55325 -72760 5841
55325 -76560 7823
55325 -58995 11664
55325 -62215 14339
55325 -58785 18088
55325 -71760 13027
55325 -69355 10562
55325 -66590 7549
55325 -66390 6942
55325 -63400 11942
55325 -66800 6201
55325 -73135 6492
55325 -64455 6320
55325 -69205 10530
55325 -66395 11354
55325 -77910 11101
55325 -72020 13476
55325 -60895 15361
55325 -72870 10033
55325 -70305 6366
55325 -73140 10599
55325 -66875 7951
55325 -66665 12120
55325 -72020 18952
55325 -70220 22742
55325 -61170 12764
55325 -72020 11053
55325 -63860 8981
55325 -64910 5162
55325 -60900 16022
55325 -72655 16236
55325 -59770 13429
55325 -73135 10422
55325 -61190 19926
55325 -77775 15758
55325 -72020 13493
55325 -71140 12428
55325 -62080 18636
55325 -61195 18062
55325 -72870 10100
55325 -65940 13259
55325 -69625 11261
55325 -63410 11639
55325 -64570 7890
55325 -70740 12128
55325 -71750 14262
55325 -77910 17148
55325 -64090 14821
55325 -71140 14491
55325 -63275 13649
55325 -63410 15946
55325 -73135 12143
55325 -60900 12963
55325 -78990 16024
55325 -72865 13530
55325 -75615 15431
55325 -70510 16034
55325 -64455 15397
55325 -72870 13027
55325 -66875 17066
55325 -72020 10184
55325 -64155 9018
55325 -73030 11120
55325 -64780 21952
55325 -64645 16716
55325 -70220 17736
55325 -75380 15458
55325 -71395 21255
55325 -64835 26054
55325 -72865 14518
55325 -66455 16995
55325 -64445 20466
55325 -72865 17798
55325 -72865 17004
55325 -64645 16810
55325 -70320 14777
55325 -72870 18657
55325 -72330 16909
55325 -76695 24851
55325 -61820 23124
55325 -64185 20682
55325 -57540 30944
55325 -63100 24712
55325 -76830 21328
55325 -60570 24061
55325 -65930 17475
55325 -79125 15638
55325 -64370 16797
55325 -72865 21551
55325 -60970 19707
55325 -71750 22140
55325 -64780 25846
55325 -64385 19231
55325 -64645 18396
55325 -66665 20676
55325 -65090 22523
55325 -64580 24382
55325 -71350 19652
55325 -72760 21340
55325 -39980 24905
55325 -67010 18599
55325 -59560 22095
55325 -34810 26031
55325 -71245 22512
55325 -67020 20237
55325 -64590 20855
55325 -60890 23127
55325 -61385 19521
55325 -60675 22288
55325 -75650 11907
55325 -59005 17022
55325 -73140 18021
55325 -68285 15827
55325 -60875 18901
55325 -63430 20237
55325 -76425 25075
55325 -64780 20042
55325 -71750 21660
55325 -63745 22040
55325 -67010 25004
55325 -34810 23562
55325 -64580 20019
55325 -78180 22387
55325 -57540 28347
55325 -34540 30544
55325 -72020 20157
55325 -71755 16506
55325 -59560 21048
55325 -60900 23867
55325 -72020 22225
55325 -68600 25770
55325 -57540 23594
55325 -56765 26025
55325 -57540 17752
55325 -60780 21046
55325 -60680 21572
55325 -72020 20166
55325 -67010 19484
55325 -67010 22538
55325 -49965 22923
55325 -68825 23627
55325 -72760 22833
55325 -60780 21116
55325 -68420 24141
55325 -62385 20691
55325 -66800 23332
55325 -67010 23043
55325 -66800 20607
55325 -66800 19440
55325 -65660 23292
55325 -60890 21966
55325 -59880 21089
55325 -64100 20250
55325 -64780 14648
55325 -71750 21034
55325 -63395 24123
55325 -56840 28863
55325 -70320 24377
55325 -66800 26129
55325 -64780 22471
55325 -71820 17678
55325 -76215 18050
55325 -57540 28568
55325 -64455 22774
55325 -34810 33195
55325 -66875 29242
55325 -61955 20813
55325 -73135 24005
55325 -66590 22982
55325 -61505 32386
55325 -34810 30641
55325 -69205 26327
55325 -68280 24433
55325 -62480 27414
55325 -67020 23799
55325 -73135 26666
55325 -34810 27886
55325 -57540 20136
55325 -66395 18183
55325 -55640 23663
55325 -25685 35532
55325 -66590 27446
55325 -65660 29290
55325 -53940 27655
55325 -57120 32062
55325 -57880 30745
55325 -26190 36502
55325 -55965 32805
55325 -62225 30467
55325 -73135 29420
55325 -58050 27478
55325 -69865 22182
55325 -66875 16391
55325 -51720 23509
55325 -41800 28858
55325 -65940 27698
55325 -56870 34268
55325 -43760 32169
55325 -64780 29358
55325 -24070 33534
55325 -72020 24329
55325 -64445 24370
55325 -61215 26991
55325 -59170 21027
55325 -57920 28468
55325 -76695 30437
55325 -64645 33086
55325 -60055 31626
55325 -66665 26931
55325 -60675 27215
55325 -71320 22505
55325 -58660 24107
55325 -63880 23031
55325 -59070 27091
55325 -34810 35222
55325 -77775 28736
55325 -59780 28586
55325 -40520 27743
55325 -70420 24033
55325 -65585 30823
55325 -62700 26689
55325 -34810 25652
55325 -60055 27896
55325 -62180 31048
55325 -65585 31734
55325 -58550 33817
55325 -59005 30010
55325 -65930 30341
55325 -66665 27346
55325 -64645 30324
55325 -66875 23735
55325 -60055 24970
55325 -59670 24263
55325 -58660 28391
55325 -67020 22438
55325 -59560 21353
55325 -65940 21673
55325 -64645 21620
55325 -76830 26779
55325 -34540 27211
55325 -66615 20044
55325 -67755 24602
55325 -67020 27437
55325 -63190 28529
55325 -66885 27291
55325 -67720 23432
55325 -72870 24403
55325 -64455 27111
55325 -60150 27766
55325 -66455 34087
55325 -48280 35217
55325 -59560 31598
55325 -51720 28955
55325 -59770 32851
55325 -67030 28286
55325 -48850 33447
55325 -61235 34280
55325 -64780 37130
55325 -57540 30253
55325 -46040 31439
55325 -62215 29644
55325 -66885 30147
55325 -29830 31572
55325 -72020 38579
55325 -62570 34023
55325 -25415 36949
55325 -56435 32186
55325 -57920 31881
55325 -67020 29718
55325 -58575 32627
55325 -63265 31630
55325 -66875 32486
55325 -45740 35296
55325 -34640 34508
55325 -64100 30698
55325 -59670 35414
55325 -58550 31800
55325 -63185 37196
55325 -64620 29881
55325 -69090 28149
55325 -75380 28517
55325 -59770 32200
55325 -63190 28866
55325 -59070 35331
55325 -66015 30915
55325 -66665 29915
55325 -65930 33209
55325 -60930 25016
55325 -49560 35441
55325 -42520 36429
55325 -58830 38305
55325 -34810 35886
55325 -58750 33315
55325 -58660 35116
55325 -73030 30972
55325 -31010 33057
55325 -50910 30818
55325 -65190 29431
55325 -36290 27288
55325 -74400 33522
55325 -55840 32145
55325 -75380 28413
55325 -63700 27319
55325 -71150 22773
55325 -56930 27996
55325 -37240 30755
55325 -63700 30929
55325 -27085 30714
55325 -65795 30925
55325 -58655 39538
55325 -20330 43915
55325 -57920 33895
55325 -38420 34310
55325 -66885 33445
55325 -71750 34193
55325 -22560 37404
55325 -39470 39302
55325 -34810 39726
55325 -34810 37175
55325 -34810 37524
55325 -75380 35475
55325 -57540 34548
55325 -72020 40128
55325 -60675 38985
55325 -34810 33663
55325 -72865 29247
55325 -61265 29261
55325 -25120 41231
55325 -73135 31729
55325 -23840 34385
55325 -63565 35069
55325 -71220 30071
55325 -60885 36068
55325 -23845 41254
55325 -26360 36542
55325 -57540 39217
55325 -31165 36400
55325 -66090 33819
55325 -64260 33071
55325 -22350 45099
55325 -72870 41954
55325 -51720 33496
55325 -54360 38586
55325 -57440 36125
55325 -34540 37605
55325 -63700 38902
55325 -57285 30094
55325 -27305 33084
55325 -34810 37976
55325 -33190 37972
55325 -31145 37346
55325 -21050 34943
55325 -58750 31832
55325 -14530 39499
55325 -34810 37821
55325 -60885 34059
55325 -63055 39195
55325 -34810 39937
55325 -56740 33523
55325 -59100 33903
55325 -26105 36582
55325 -32920 37095
55325 -34540 35775
55325 -24655 41281
55325 -34810 39471
55325 -20330 43901
55325 -34540 40889
55325 -59560 38219
55325 -34810 34153
55325 -22350 37549
55325 -58960 38029
55325 -65720 39668
55325 -34810 34895
55325 -34540 38591
55325 -58660 39271
55325 -25040 39693
55325 -25685 38011
55325 -34540 37585
55325 -60045 34761
55325 -58900 38498
55325 -34810 36039
55325 -20330 40951
55325 -26205 37861
55325 -34810 44151
55325 -24535 34701
55325 -67020 30654
55325 -56885 34636
55325 -71320 34317
55325 -63315 34607
55325 -65750 36646
55325 -70075 34005
55325 -60890 39138
55325 -65940 37267
55325 -64515 33218
55325 -59070 40704
55325 -56840 32390
55325 -58655 42424
55325 -34810 38455
55325 -62330 36604
55325 -63410 41226
55325 -29965 41723
55325 -34810 42599
55325 -65720 35284
55325 -66875 35670
55325 -30390 40157
55325 -34810 38277
55325 -29830 39566
55325 -34810 41074
55325 -37240 41005
55325 -63300 39272
55325 -34810 42874
55325 -25660 40429
55325 -26220 42500
55325 -34810 41629
55325 -62770 41060
55325 -27115 43932
55325 -34810 35699
55325 -23160 37285
55325 -62480 36638
55325 -22560 42929
55325 -56555 39857
55325 -22570 43877
55325 -33055 40656
55325 -60780 36707
55325 -22560 43012
55325 -34810 45616
55325 -28130 42077
55325 -34810 36698
55325 -63410 39366
55325 -63410 39158
55325 -59940 39119
55325 -22560 43134
55325 -34810 44709
55325 -56840 42188
55325 -55750 42651
55325 10875 46891
55325 -56940 49065
55325 -24440 43498
55325 -26535 43348
55325 -73140 44514
55325 -66660 42157
55325 -63190 41934
55325 -23000 44278
55325 -72020 38108
55325 -34540 46139
55325 -34810 44405
55325 -65880 42646
55325 -23420 42059
55325 -26355 42606
55325 -34810 40844
55325 -26610 38476
55325 -22570 39421
55325 -60885 36648
55325 -23625 42899
55325 -63565 41335
55325 -20325 42651
55325 -58455 36058
55325 -57920 35429
55325 -30760 40484
55325 -51720 38126
55325 -22560 50183
55325 -22350 45246
55325 -72295 40647
55325 -28130 46382
55325 -26370 43832
55325 -34540 42329
55325 -25685 43284
55325 -22570 42259
55325 -74940 41860
55325 -34810 44428
55325 -25175 45367
55325 -20360 43593
55325 -57920 42093
55325 -5935 46669
55325 -26295 46326
55325 -20330 45374
55325 -22560 38242
55325 -59560 39487
55325 -51180 41607
55325 -34810 46545
55325 -39470 43223
55325 -34810 42420
55325 -34540 41385
55325 -33865 42311
55325 -28055 42019
55325 -57540 43592
55325 -30120 46128
55325 -28265 45921
55325 -20330 45886
55325 -34810 41097
55325 -34540 45651
55325 -22570 46686
55325 -20130 51311
55325 -21145 47198
55325 -34810 42211
55325 -18410 46518
55325 -34540 46289
55325 -34810 42766
55325 -22560 47143
55325 -410 49882
55325 -41245 47653
55325 -27185 47554
55325 -34810 48122
55325 -34810 46224
55325 -22570 46638
55325 12090 50556
55325 -33055 44437
55325 -22560 46106
55325 -63400 43019
55325 -22560 47317
55325 -30 51027
55325 -37140 46255
55325 11010 47655
55325 -22570 48291
55325 10875 47317
55325 -33865 49315
55325 -22560 48619
55325 -20330 46883
55325 -39160 42743
55325 -24655 45136
55325 -20130 47620
55325 -34540 48589
55325 -34540 46251
55325 -27185 48600
55325 -20130 48814
55325 -26055 48290
55325 -20330 48897
55325 -20330 46320
55325 -59070 48830
55325 -20305 49453
55325 -19930 47096
55325 -22350 47325
55325 -17695 46653
55325 -22560 47204
55325 -22570 47695
55325 -21025 49773
55325 -20330 51938
55325 -22560 49150
55325 -34810 51908
55325 -34810 48976
55325 -20330 50710
55325 -34540 46426
55325 70 50513
55325 -20130 49256
55325 10875 49424
55325 -22570 48787
55325 11955 51576
55325 -22570 49831
55325 -33190 48397
55325 -27070 46002
55325 -17695 47944
55325 -24025 47180
55325 -31010 47159
55325 10450 51064
55325 -22350 48963
55325 -32920 44573
55325 -29965 48449
55325 11010 52563
55325 17105 52279
55325 -20330 49044
55325 -3660 50588
55325 -34000 51765
55325 -23170 51018
55325 -25955 48055
55325 -63430 47789
55325 -20330 45419
55325 -26625 49084
55325 -22560 45694
55325 -22560 47886
55325 11010 51030
55325 12225 53012
55325 -22570 46310
55325 -25260 48964
55325 -26430 48766
55325 -26220 46884
55325 -28615 48709
55325 17840 53188
55325 12090 50175
55325 12225 48226
55325 -60085 44716
55325 -22570 50053
55325 -20330 49113
55325 -17645 50945
55325 11010 49077
55325 -29830 49353
55325 -20330 51957
55325 12090 53615
55325 -5920 52180
55325 16290 53103
55325 -3760 51902
55325 -21925 49734
55325 12225 53275
55325 -18030 50541
55325 -28615 52693
55325 14485 52778
55325 11010 50682
55325 10450 52240
55325 17180 53960
55325 -22350 50686
55325 -25175 52381
55325 -23735 50624
55325 -20330 51442
55325 12090 50760
55325 -9525 50848
55325 -27270 47234
55325 14620 53642
55325 -19030 50920
55325 -34540 50879
55325 -18030 50146
55325 10875 49427
55325 -25730 49581
55325 12035 50723
55325 -22570 48311
55325 -22560 47906
55325 -25070 50993
55325 -34540 49606
55325 10875 51104
55325 12225 51834
55325 -24655 52878
55325 12090 52464
55325 -34540 50539
55325 10875 51249
55325 -20330 51354
55325 12225 53284
55325 16185 54189
55325 -28750 52908
55325 -17730 54235
55325 -22560 49601
55325 16185 53924
55325 14485 52459
55325 16185 53268
55325 11280 52463
55325 -34810 51973
55325 17180 54485
55325 14485 53588
55325 13440 51902
55325 14485 52278
55325 13305 51603
55325 -22560 50325
55325 13305 53905
55325 -18105 50770
55325 12035 53579
55325 -20330 50974
55325 13440 53292
55325 13305 53325
55325 -34740 51404
55325 18815 54509
55325 14485 52486
55325 -32650 53457
55325 11010 54664
55325 10875 54662
55325 12225 54426
55325 -17630 51859
55325 14485 54715
55325 19815 54290
55325 11010 52044
55325 11955 54094
55325 12170 53873
55325 11010 52917
55325 -17630 50727
55325 -22570 51279
55325 11280 53127
55325 11955 54042
55325 -1145 52720
55325 -20330 50329
55325 22680 54838
55325 12090 52485
55325 12035 52565
55325 -18030 53115
55325 11010 51618
55325 37080 55053
55325 16395 53373
55325 12090 53038
55325 14485 53577
55325 16395 52276
55325 -22560 53591
55325 14485 54185
55325 11280 52446
55325 -18160 53041
55325 19830 54795
55325 12090 52941
55325 -6155 53762
55325 14485 52070
55325 -22350 53076
55325 -22350 52856
55325 12225 54682
55325 10875 54093
55325 17180 54756
55325 -17630 53683
55325 14485 53898
55325 55325 55325
55325 -20115 51706
55325 55325 55325
55325 10855 54093
55325 14485 53834
55325 27680 54640
55325 -24440 53141
55325 10875 54000
55325 -34810 53334
55325 17840 54766
55325 10875 54000
55325 16995 53653
55325 14485 54715
55325 10875 53461
55325 19815 54795
55325 -23845 54143
55325 55325 55325
55325 18115 54770
55325 12225 54126
55325 17000 53377
55325 55325 55325
55325 16995 54501
55325 55325 55325
55325 11010 54664
55325 -22560 51777
55325 55325 55325
55325 55325 55325
55325 29615 54941
55325 17000 54369
55325 11280 54668
55325 17000 54208
55325 17105 54755
55325 55325 55325
55325 55325 55325
55325 37080 55053
55325 55325 55325
55325 55325 55325
55325 55325 55325
55325 16100 53041
55325 17840 54382
55325 17105 54755
55325 55325 55325
55325 16395 54744
55325 55325 55325
55325 17840 54236
55325 55325 55325
55325 55325 55325
55325 18115 54284
55325 17840 54382
55325 18115 54770
55325 55325 55325
55325 55325 55325
55325 55325 55325
55325 18280 54772
55325 55325 55325
55325 14485 54715
55325 55325 55325
55325 55325 55325
55325 55325 55325
55325 55325 55325
55325 55325 55325
55325 38415 55073
55325 55325 55325
55325 55325 55325
55325 55325 55325
55325 55325 55325
55325 55325 55325
55325 55325 55325
55325 55325 55325
55325 55325 55325
55325 55325 55325
55325 38415 55073
55325 16995 54753
55325 16290 54161
55325 55325 55325
55325 55325 55325
55325 55325 55325
55325 55325 55325
55325 19815 54795
55325 55325 55325
55325 11280 54668
55325 55325 55325
55325 55325 55325
55325 55325 55325
55325 55325 55325
55325 55325 55325
55325 55325 55325
55325 55325 55325
55325 55325 55325
55325 55325 55325
55325 55325 55325
55325 55325 55325
55325 55325 55325
55325 55325 55325
55325 55325 55325
55325 55325 55325
55325 55325 55325
55325 55325 55325
55325 55325 55325
55325 55325 55325
55325 55325 55325
55325 55325 55325
55325 55325 55325
55325 55325 55325
55325 55325 55325
55325 55325 55325
55325 55325 55325
55325 55325 55325
55325 55325 55325
55325 55325 55325
55325 55325 55325
55325 55325 55325
55325 55325 55325
55325 55325 55325
55325 55325 55325
55325 55325 55325
55325 55325 55325
55325 55325 55325
55325 55325 55325
55325 55325 55325
55325 55325 55325
55325 55325 55325
55325 55325 55325
55325 55325 55325
55325 55325 55325
55325 55325 55325
55325 55325 55325
55325 55325 55325
55325 55325 55325
55325 55325 55325
55325 55325 55325
55325 55325 55325
55325 55325 55325
55325 55325 55325
55325 55325 55325
55325 55325 55325
55325 55325 55325
55325 55325 55325
55325 55325 55325
55325 55325 55325
55325 55325 55325
55325 55325 55325
55325 55325 55325
55325 55325 55325
55325 55325 55325
55325 55325 55325
55325 55325 55325
55325 55325 55325
55325 55325 55325
55325 55325 55325
55325 55325 55325
55325 55325 55325
55325 55325 55325
55325 55325 55325
55325 55325 55325
55325 55325 55325
55325 55325 55325
55325 55325 55325
55325 55325 55325
55325 55325 55325
55325 55325 55325
55325 55325 55325
55325 55325 55325
55325 55325 55325
55325 55325 55325
55325 55325 55325
55325 55325 55325
55325 55325 55325
55325 55325 55325
55325 55325 55325
55325 55325 55325
55325 55325 55325
55325 55325 55325
55325 55325 55325
55325 55325 55325
55325 55325 55325
55325 55325 55325
55325 55325 55325
55325 55325 55325
55325 55325 55325
55325 55325 55325
55325 55325 55325
55325 55325 55325
55325 55325 55325
55325 55325 55325
55325 55325 55325
55325 55325 55325
55325 55325 55325
55325 55325 55325
55325 55325 55325
55325 55325 55325
55325 55325 55325
55325 55325 55325
55325 55325 55325
55325 55325 55325
55325 55325 55325
55325 55325 55325
55325 55325 55325
55325 55325 55325
55325 55325 55325
55325 55325 55325
55325 55325 55325
55325 55325 55325
55325 55325 55325
55325 55325 55325
55325 55325 55325
55325 55325 55325
55325 55325 55325
55325 55325 55325
55325 55325 55325
55325 55325 55325
55325 55325 55325
55325 55325 55325
55325 55325 55325
55325 55325 55325
55325 55325 55325
55325 55325 55325
55325 55325 55325
55325 55325 55325
55325 55325 55325
55325 55325 55325
55325 55325 55325
55325 55325 55325
55325 55325 55325
55325 55325 55325
55325 55325 55325
55325 55325 55325
55325 55325 55325
55325 55325 55325
55325 55325 55325
55325 55325 55325
55325 55325 55325
55325 55325 55325
55325 55325 55325
55325 55325 55325
55325 55325 55325
55325 55325 55325
55325 55325 55325
55325 55325 55325
55325 55325 55325
55325 55325 55325
55325 55325 55325
55325 55325 55325
55325 55325 55325
55325 55325 55325
55325 55325 55325
55325 55325 55325
55325 55325 55325
55325 55325 55325
55325 55325 55325
55325 55325 55325
55325 55325 55325
55325 55325 55325
55325 55325 55325
55325 55325 55325
55325 55325 55325
55325 55325 55325
55325 55325 55325
55325 55325 55325
55325 55325 55325
55325 55325 55325
55325 55325 55325
55325 55325 55325
55325 55325 55325
55325 55325 55325
55325 55325 55325
55325 55325 55325
55325 55325 55325
55325 55325 55325
55325 55325 55325
55325 55325 55325
55325 55325 55325
55325 55325 55325
55325 55325 55325
55325 55325 55325
55325 55325 55325
55325 55325 55325
55325 55325 55325
55325 55325 55325
55325 55325 55325
55325 55325 55325
55325 55325 55325
55325 55325 55325
55325 55325 55325
55325 55325 55325
55325 55325 55325
55325 55325 55325
55325 55325 55325
55325 55325 55325
55325 55325 55325
55325 55325 55325
55325 55325 55325
55325 55325 55325
55325 55325 55325
55325 55325 55325
55325 55325 55325
55325 55325 55325
55325 55325 55325
55325 55325 55325
55325 55325 55325
55325 55325 55325
55325 55325 55325
55325 55325 55325
55325 55325 55325
55325 55325 55325
55325 55325 55325
55325 55325 55325
55325 55325 55325
55325 55325 55325
55325 55325 55325
55325 55325 55325
55325 55325 55325
55325 55325 55325
55325 55325 55325
55325 55325 55325
55325 55325 55325
55325 55325 55325
55325 55325 55325
55325 55325 55325
55325 55325 55325
55325 55325 55325
55325 55325 55325
55325 55325 55325
55325 55325 55325
55325 55325 55325
55325 55325 55325
55325 55325 55325
55325 55325 55325
55325 55325 55325
55325 55325 55325
55325 55325 55325
55325 55325 55325
55325 55325 55325
55325 55325 55325
55325 55325 55325
55325 55325 55325
55325 55325 55325
55325 55325 55325
55325 55325 55325
55325 55325 55325
55325 55325 55325
55325 55325 55325
55325 55325 55325
55325 55325 55325
55325 55325 55325
55325 55325 55325
55325 55325 55325
55325 55325 55325
55325 55325 55325
55325 55325 55325
55325 55325 55325
55325 55325 55325
55325 55325 55325
55325 55325 55325
55325 55325 55325
55325 55325 55325
55325 55325 55325
55325 55325 55325
55325 55325 55325
55325 55325 55325
55325 55325 55325
55325 55325 55325
55325 55325 55325
55325 55325 55325
55325 55325 55325
55325 55325 55325
55325 55325 55325
55325 55325 55325
55325 55325 55325
55325 55325 55325
55325 55325 55325
55325 55325 55325
55325 55325 55325
55325 55325 55325
55325 55325 55325
55325 55325 55325
55325 55325 55325
55325 55325 55325
55325 55325 55325
55325 55325 55325
55325 55325 55325
55325 55325 55325
55325 55325 55325
55325 55325 55325
55325 55325 55325
55325 55325 55325
55325 55325 55325
55325 55325 55325
55325 55325 55325
55325 55325 55325
55325 55325 55325
55325 55325 55325
55325 55325 55325
55325 55325 55325
55325 55325 55325
55325 55325 55325
55325 55325 55325
55325 55325 55325
55325 55325 55325
55325 55325 55325
55325 55325 55325
55325 55325 55325
55325 55325 55325
55325 55325 55325
55325 55325 55325
55325 55325 55325
55325 55325 55325
55325 55325 55325
55325 55325 55325
55325 55325 55325
55325 55325 55325
55325 55325 55325
55325 55325 55325
55325 55325 55325
55325 55325 55325
55325 55325 55325
55325 55325 55325
55325 55325 55325
55325 55325 55325
55325 55325 55325
55325 55325 55325
55325 55325 55325
55325 55325 55325
55325 55325 55325
55325 55325 55325
55325 55325 55325
55325 55325 55325
55325 55325 55325
55325 55325 55325
55325 55325 55325
55325 55325 55325
55325 55325 55325
55325 55325 55325
55325 55325 55325
55325 55325 55325
55325 55325 55325
55325 55325 55325
55325 55325 55325
55325 55325 55325
55325 55325 55325
55325 55325 55325
55325 55325 55325
55325 55325 55325
55325 55325 55325
55325 55325 55325
55325 55325 55325
55325 55325 55325
55325 55325 55325
55325 55325 55325
55325 55325 55325
55325 55325 55325
55325 55325 55325
55325 55325 55325
55325 55325 55325
55325 55325 55325
55325 55325 55325
55325 55325 55325
55325 55325 55325
55325 55325 55325
55325 55325 55325
55325 55325 55325
55325 55325 55325
55325 55325 55325
55325 55325 55325
55325 55325 55325
55325 55325 55325
55325 55325 55325
55325 55325 55325
55325 55325 55325
55325 55325 55325
55325 55325 55325
55325 55325 55325
55325 55325 55325
55325 55325 55325
55325 55325 55325
55325 55325 55325
55325 55325 55325
55325 55325 55325
55325 55325 55325
55325 55325 55325
55325 55325 55325
55325 55325 55325
55325 55325 55325
55325 55325 55325
55325 55325 55325
55325 55325 55325
55325 55325 55325
55325 55325 55325
55325 55325 55325
55325 55325 55325
55325 55325 55325
55325 55325 55325
55325 55325 55325
55325 55325 55325
55325 55325 55325
55325 55325 55325
55325 55325 55325
55325 55325 55325
55325 55325 55325
55325 55325 55325
55325 55325 55325
55325 55325 55325
55325 55325 55325
55325 55325 55325
55325 55325 55325
55325 55325 55325
55325 55325 55325
55325 55325 55325
55325 55325 55325
55325 55325 55325
55325 55325 55325
55325 55325 55325
55325 55325 55325
55325 55325 55325
55325 55325 55325
55325 55325 55325
55325 55325 55325
55325 55325 55325
55325 55325 55325
55325 55325 55325
55325 55325 55325
55325 55325 55325
55325 55325 55325
55325 55325 55325
55325 55325 55325
55325 55325 55325
55325 55325 55325
55325 55325 55325
55325 55325 55325
55325 55325 55325
55325 55325 55325
55325 55325 55325
55325 55325 55325
55325 55325 55325
55325 55325 55325
55325 55325 55325
55325 55325 55325
55325 55325 55325
55325 55325 55325
55325 55325 55325
55325 55325 55325
55325 55325 55325
55325 55325 55325
55325 55325 55325
55325 55325 55325
55325 55325 55325
55325 55325 55325
55325 55325 55325
55325 55325 55325
55325 55325 55325
55325 55325 55325
55325 55325 55325
55325 55325 55325
55325 55325 55325
55325 55325 55325
55325 55325 55325
55325 55325 55325
-67010 -78550 -66530
-20490 -73140 -58905
-19515 -73140 -54872
-19515 -72330 -51029
-19515 -73135 -48689
-19515 -73140 -49157
-16595 -73140 -45480
-8655 -78790 -43340
-6035 -72870 -40440
1805 -79260 -43690
1805 -73140 -43083
1805 -79160 -45806
17840 -72020 -43950
17840 -73135 -43807
17840 -72865 -45532
17840 -72260 -41784
17840 -71820 -41307
17840 -71350 -40634
17840 -73135 -41506
17840 -73140 -39485
17840 -71955 -41740
17840 -78315 -45088
18470 -79260 -41172
18470 -79160 -40659
18470 -76100 -40171
18470 -76100 -40381
18470 -72220 -42460
18470 -72865 -40027
18470 -67020 -40930
18470 -64590 -41750
18470 -75340 -42705
18470 -66325 -40832
18470 -73690 -36813
18470 -71920 -35616
18470 -78990 -35598
18470 -77370 -35435
18470 -76100 -35343
18470 -72935 -39730
18470 -72870 -42093
18470 -73490 -39325
18470 -78225 -39906
18470 -72865 -41344
18470 -75900 -44708
18470 -77920 -45128
18470 -72360 -42992
18470 -78120 -41179
18470 -72940 -42304
18470 -72455 -41294
18470 -72870 -42548
18470 -71585 -42356
18470 -73135 -44295
18470 -68420 -41706
18470 -69920 -39759
18470 -72940 -39168
18470 -69770 -38573
18470 -71955 -38210
18470 -71125 -39577
18470 -74750 -41077
18470 -73135 -40978
18470 -71955 -41962
18470 -77450 -44323
18470 -75490 -43631
24775 -78865 -42874
24775 -74300 -42111
24775 -71215 -40803
24775 -75560 -38819
25630 -72600 -39879
25630 -73035 -44184
25630 -74300 -43863
25630 -78930 -44191
25630 -75145 -43608
49645 -79125 -44154
49645 -71720 -40521
49645 -75840 -43202
49645 -75490 -41832
49645 -78450 -42924
49645 -66895 -41465
49645 -72020 -41476
49645 -71075 -40954
49645 -66880 -41026
49645 -77980 -38471
49645 -79060 -39886
49645 -66800 -37650
49645 -73470 -41796
49645 -72290 -38982
49645 -72995 -40678
49645 -71955 -43316
49645 -71215 -42413
49645 -71250 -42017
49645 -71210 -40457
49645 -71110 -41867
49645 -72395 -41918
49645 -67020 -41680
49645 -72865 -43371
49645 -75795 -40244
49645 -72940 -36912
49645 -68685 -39124
49645 -67980 -39479
49645 -75090 -39176
49645 -72670 -41428
49645 -72870 -43646
49645 -73960 -41867
49645 -72600 -41431
49645 -72530 -41093
49645 -69595 -40435
49645 -72600 -42063
49645 -72020 -43818
49645 -72935 -41541
49645 -68295 -40886
49645 -78385 -40455
49645 -73960 -40821
49645 -72490 -40721
49645 -66710 -37861
49645 -77770 -39341
49645 -75795 -40128
49645 -72680 -41222
49645 -68755 -39098
49645 -68660 -39702
49645 -72395 -39213
49645 -72265 -37432
49645 -70210 -36931
49645 -72600 -38147
49645 -69820 -38662
49645 -69175 -38029
49645 -79060 -36399
49645 -72770 -39420
49645 -71785 -39575
49645 -72935 -33158
49645 -69850 -36030
49645 -67980 -35918
49645 -73920 -40403
54865 -71620 -37269
54865 -72930 -41499
54865 -69075 -38281
54865 -74030 -37083
54865 -72840 -38764
54865 -77640 -35857
54865 -72625 -35385
54865 -72495 -38359
54865 -72805 -35076
54865 -71650 -37084
54865 -73140 -38603
54865 -75400 -33962
54865 -66010 -34159
54865 -69780 -35224
54865 -69645 -38379
54865 -78825 -38436
54865 -78730 -38334
54865 -79060 -37807
54865 -71460 -35400
54865 -72940 -34713
54865 -75390 -38074
54865 -72725 -37483
54865 -78630 -36481
54865 -72930 -37077
54865 -72980 -38096
54865 -77820 -35364
54865 -78725 -34138
54865 -71710 -36393
54865 -71820 -34869
54865 -72705 -36138
54865 -73140 -36529
54865 -68455 -37698
54865 -72865 -36713
54865 -73065 -37360
54865 -71655 -36982
54865 -68720 -34604
54865 -72930 -37891
54865 -74165 -38258
54865 -67640 -36213
54865 -72530 -35163
54865 -79025 -38017
54865 -72660 -36406
54865 -71030 -34923
54865 -72000 -32832
54865 -71470 -37028
54865 -72505 -35684
54865 -73225 -36838
54865 -75795 -37021
54865 -75855 -35074
54865 -67290 -33298
54865 -76100 -33175
54865 -71550 -36566
54865 -72940 -35515
54865 -73065 -38270
54865 -67065 -34599
54865 -74845 -36736
54865 -66910 -33531
54865 -73760 -33847
54865 -71555 -34337
54865 -79125 -35635
54865 -72870 -35968
54865 -72940 -32945
54865 -78215 -34869
54865 -72020 -33928
54865 -71480 -33403
54865 -72405 -34244
54865 -68940 -32996
54865 -72120 -37170
54865 -71420 -35271
54865 -68900 -36111
54865 -66880 -33640
54865 -72870 -34298
54865 -72940 -33235
54865 -72960 -34402
54865 -71920 -34875
54865 -72650 -36059
54865 -72360 -34806
54865 -68760 -36625
54865 -78150 -36578
54865 -71290 -33733
54865 -69340 -31720
54865 -71755 -30207
54865 -78720 -33467
54865 -72560 -30831
54865 -69890 -31064
54865 -72960 -35775
54865 -67160 -34526
54865 -70785 -35013
54865 -68720 -36279
54865 -68175 -36217
54865 -79160 -36431
54865 -68590 -33043
54865 -66380 -30552
54865 -68715 -34535
54865 -70110 -33920
54865 -68525 -30622
54865 -68120 -37216
54865 -72720 -36031
54865 -67275 -36199
54865 -67430 -34115
54865 -71360 -37016
54865 -72940 -37615
54865 -69670 -35077
54865 -71390 -35414
54865 -71760 -34882
54865 -71050 -34985
54865 -72295 -32626
54865 -72020 -28737
54865 -77850 -33716
54865 -67560 -36247
54865 -71920 -33596
54865 -77505 -35297
54865 -73840 -29298
54865 -73065 -30108
54865 -70240 -33080
54865 -71820 -31811
54865 -72940 -35104
54865 -70615 -32991
54865 -78990 -32582
54865 -72830 -33611
54865 -72865 -34546
54865 -73065 -32830
54865 -72940 -34592
54865 -69525 -29989
54865 -78925 -29211
54865 -70195 -31436
54865 -72020 -27131
54865 -75900 -30001
54865 -71585 -27791
54865 -66670 -29467
54865 -72810 -33802
54865 -69145 -29607
54865 -68880 -30037
54865 -69340 -28336
54865 -72825 -32743
54865 -69340 -35770
54865 -73070 -34303
54865 -72940 -32768
54865 -70140 -36100
54865 -72390 -34927
54865 -68610 -34990
54865 -69090 -34497
54865 -70985 -33332
54865 -72925 -32273
54865 -71815 -34599
54865 -70635 -34836
54865 -69595 -32467
54865 -72805 -31718
54865 -66840 -30401
54865 -69625 -28897
54865 -72115 -27362
54865 -75560 -28951
54865 -72225 -30802
54865 -73135 -29909
54865 -72020 -30339
54865 -71120 -30984
54865 -75560 -30156
54865 -72870 -28678
54865 -70270 -32528
54865 -68685 -30342
54865 -72260 -33088
54865 -69340 -32285
54865 -75150 -32667
54865 -71665 -32999
54865 -65885 -31935
54865 -75290 -35282
54865 -78930 -30626
54865 -73035 -34069
54865 -71915 -29421
54865 -71720 -31823
54865 -78990 -32368
54865 -73960 -35553
54865 -71740 -32830
54865 -68225 -32127
54865 -71650 -29983
54865 -73140 -29154
54865 -71930 -32568
54865 -69710 -33315
54865 -71995 -35009
54865 -79000 -34463
54865 -72295 -31857
54865 -71660 -31129
54865 -68835 -29755
54865 -72765 -28844
54865 -71490 -30617
54865 -78010 -30814
54865 -73140 -29637
54865 -66540 -30003
54865 -75800 -29843
54865 -69775 -31221
54865 -73140 -32869
54865 -69205 -30635
54865 -65650 -33277
54865 -72695 -34377
54865 -78725 -31558
54865 -72870 -30994
54865 -71625 -28709
54865 -73140 -30157
54865 -69615 -30453
54865 -78890 -32851
54865 -65340 -29041
54865 -69340 -31399
54865 -71050 -31553
54865 -77775 -28862
54865 -66930 -28563
54865 -77915 -27890
54865 -67550 -35852
54865 -70365 -34800
54865 -72940 -30914
54865 -72870 -30673
54865 -72095 -32195
54865 -67010 -26172
54865 -65535 -28581
54865 -70855 -27102
54865 -72155 -27972
54865 -69465 -26032
54865 -75650 -26264
54865 -65645 -26033
54865 -78600 -23726
55065 -78520 -23324
55065 -72395 -29781
55065 -72805 -28613
55065 -73140 -28152
55065 -66870 -29554
55065 -68280 -32996
55065 -67010 -31033
55065 -68000 -30231
55065 -71620 -26004
55065 -67020 -24753
55065 -66745 -27950
55065 -74780 -27057
55065 -71310 -23714
55065 -65140 -29384
55065 -66750 -27390
55065 -69355 -28843
55065 -69210 -28673
55065 -69340 -27017
55065 -69330 -29158
55065 -70190 -22529
55065 -67045 -27690
55065 -67910 -26876
55065 -73060 -26629
55065 -78560 -26483
55065 -69360 -26868
55065 -72600 -28618
55065 -69110 -26199
55065 -68570 -24775
55065 -71755 -29326
55065 -72295 -28074
55065 -67815 -25789
55065 -66775 -25631
55065 -68220 -30146
55065 -72870 -31632
55065 -64865 -29695
55065 -74035 -25815
55065 -67750 -28053
55065 -68375 -26830
55065 -72940 -32214
55065 -72055 -28226
55065 -69100 -27400
55065 -75250 -25419
55065 -74810 -28929
55065 -72800 -30119
55065 -71750 -27247
55065 -68690 -28631
55065 -65140 -28858
55065 -67010 -30865
55065 -67720 -27723
55065 -69240 -26901
55065 -71335 -26422
55065 -69340 -25140
55065 -66800 -24688
55065 -67395 -26900
55065 -72800 -26744
55065 -74810 -28422
55065 -71955 -23301
55065 -68935 -27404
55065 -68185 -23281
55065 -69240 -25589
55065 -68640 -31174
55065 -72910 -29684
55065 -71800 -25219
55065 -69620 -26132
55065 -76190 -21888
55065 -68160 -21791
55065 -72935 -21321
55065 -73895 -22941
55065 -66885 -22392
55065 -72670 -24044
55065 -74430 -22609
55065 -67615 -23409
55065 -66450 -24142
55065 -69805 -26899
55065 -70005 -25894
55065 -66820 -24382
55195 -66920 -20751
55195 -67875 -23819
55195 -70675 -26791
55195 -76065 -27984
55195 -72180 -27096
55195 -66260 -24885
55195 -67010 -21849
55195 -68170 -18559
55195 -65465 -18076
55195 -71595 -23110
55195 -71955 -23104
55195 -72020 -20929
55195 -72940 -15589
55195 -69105 -17604
55195 -69220 -21131
55195 -71415 -23149
55195 -77945 -23872
55195 -66800 -16446
55195 -66700 -20827
55195 -72050 -12381
55195 -67010 -15808
55195 -71600 -17466
55195 -64780 -17564
55325 -68990 -15278
55325 -71220 -16759
55325 -71920 -17987
55325 -67010 -16530
55325 -78855 -13622
55325 -71920 -10920
55325 -66705 -15756
55325 -67475 -20669
55325 -78900 -19908
55325 -78755 -22653
55325 -78520 -20555
55325 -66875 -20051
55325 -78960 -20790
55325 -66635 -22585
55325 -67010 -19469
55325 -73125 -18201
55325 -67980 -17775
55325 -75650 -20782
55325 -72940 -22654
55325 -67020 -23136
55325 -66585 -16735
55325 -71260 -15631
55325 -72880 -18350
55325 -70295 -17670
55325 -72595 -17309
55325 -70255 -19367
55325 -65660 -15692
55325 -72595 -19432
55325 -63430 -8904
55325 -77985 -12724
55325 -77785 -19031
55325 -69205 -15317
55325 -67375 -17951
55325 -73135 -20497
55325 -72935 -19791
55325 -69300 -15726
55325 -74945 -16738
55325 -66800 -17168
55325 -71660 -17916
55325 -72095 -13964
55325 -66880 -16939
55325 -71090 -15708
55325 -72760 -13760
55325 -66530 -12616
55325 -70060 -18410
55325 -71955 -16362
55325 -71750 -22870
55325 -76495 -24709
55325 -74860 -26076
55325 -73070 -21102
55325 -66875 -21034
55325 -71750 -15353
55325 -73135 -15429
55325 -70335 -11075
55325 -66745 -13433
55325 -67995 -13284
55325 -66880 -14633
55325 -72020 -12956
55325 -76830 -12589
55325 -72130 -12431
55325 -66875 -16908
55325 -69205 -20071
55325 -71650 -16827
55325 -69270 -16776
55325 -71750 -20526
55325 -75360 -18972
55325 -79000 -16867
55325 -72490 -14055
55325 -75250 -14729
55325 -66875 -12614
55325 -71755 -17844
55325 -68590 -18558
55325 -65700 -16033
55325 -71575 -17560
55325 -69135 -14192
55325 -78690 -11432
55325 -71140 -10346
55325 -71320 -18420
55325 -72810 -20727
55325 -72870 -17279
55325 -67010 -16367
55325 -72610 -18277
55325 -68310 -9126
55325 -71420 -10692
55325 -71150 -11677
55325 -66880 -3098
55325 -71750 -9056
55325 -71920 -12710
55325 -78180 -10506
55325 -78855 -10711
55325 -67835 -7448
55325 -72610 -14612
55325 -68655 -9527
55325 -66875 -12182
55325 -66850 -6731
55325 -67575 -10145
55325 -71820 -14711
55325 -66750 -12091
55325 -69270 -11316
55325 -78860 -9402
55325 -71450 -10900
55325 -72695 -12159
55325 -66745 -16095
55325 -67150 -14580
55325 -66745 -11973
55325 -67010 -14033
55325 -68965 -13364
55325 -69760 -17831
55325 -74335 -12201
55325 -78855 -8920
55325 -72600 -7671
55325 -67010 -11462
55325 -67590 -13232
55325 -66875 -9354
55325 -66325 -7102
55325 -76830 -9394
55325 -72090 -9367
55325 -78720 -15511
55325 -71155 -13385
55325 -70990 -9777
55325 -65030 -10663
55325 -73140 -13003
55325 -74300 -17222
55325 -65560 -10661
55325 -64780 -11057
55325 -66665 -10467
55325 -74030 -15887
55325 -72940 -10982
55325 -70035 -12815
55325 -72020 -10349
55325 -72020 -10838
55325 -78855 -12073
55325 -78620 -12828
55325 -78855 -10897
55325 -70180 -13398
55325 -72805 -17290
55325 -66780 -6413
55325 -65530 -11527
55325 -72760 -13881
55325 -65320 -9859
55325 -69230 -9266
55325 -64640 -8945
55325 -64040 -6943
55325 -66885 -6187
55325 -70505 -10803
55325 -72655 -13718
55325 -71750 -11571
55325 -72880 -10685
55325 -72770 -16467
55325 -72875 -14729
55325 -72090 -16266
55325 -70055 -17408
55325 -71225 -11776
55325 -72020 -10423
55325 -65975 -11521
55325 -66640 -17464
55325 -71965 -19809
55325 -69975 -18468
55325 -66795 -19791
55325 -66910 -11963
55325 -75650 -14532
55325 -75230 -13963
55325 -71820 -11717
55325 -67020 -12893
55325 -73135 -17898
55325 -72295 -14151
55325 -72100 -18109
55325 -66875 -15440
55325 -71750 -15967
55325 -77775 -16227
55325 -67375 -19387
55325 -72830 -12486
55325 -73690 -13989
55325 -72805 -12061
55325 -66665 -7404
55325 -77640 -8372
55325 -71750 -14934
55325 -78855 -15505
55325 -71850 -14507
55325 -66535 -20008
55325 -69070 -10028
55325 -68760 -10096
55325 -72260 -10285
55325 -72795 -17994
55325 -75290 -15758
55325 -69965 -14465
55325 -72840 -11101
55325 -72830 -16695
55325 -71760 -927
55325 -69780 1762
55325 -73070 -1465
55325 -60690 1714
55325 -73140 321
55325 -73030 759
55325 -79260 1067
55325 -69340 6347
55325 -67165 3469
55325 -73140 -2891
55325 -66800 -2364
55325 -72020 4897
55325 -72020 2492
55325 -63565 5242
55325 -71750 6620
55325 -72865 4264
55325 -64645 12389
55325 -72020 10292
55325 -78180 10540
55325 -69730 7830
55325 -65940 14364
55325 -78855 5778
55325 -60790 4910
55325 -72020 9390
55325 -70320 12241
55325 -62830 13852
55325 -75515 15465
55325 -75380 4345
55325 -60885 10462
55325 -69460 9504
55325 -73140 11143
55325 -74300 6234
55325 -78990 10417
55325 -72865 6736
55325 -62350 6167
55325 -71320 7688
55325 -73135 7790
55325 -70320 3701
55325 -71630 1590
55325 -65585 4786
55325 -75650 4621
55325 -62535 3612
55325 -66885 1337
55325 -63655 8046
55325 -64780 4964
55325 -72020 12067
55325 -67500 8390
55325 -75650 2835
55325 -67485 15367
55325 -72925 10078
55325 -72020 8691
55325 -73140 5923
55325 -58970 7839
55325 -64780 3492
55325 -60785 8125
55325 -64780 6551
55325 -75615 5784
55325 -67440 6231
55325 -67010 4369
55325 -67020 11078
55325 -72190 7760
55325 -72020 9317
55325 -64385 14541
55325 -75650 6821
55325 -79125 10387
55325 -65805 10799
55325 -67020 7728
55325 -66590 4616
55325 -73140 2271
55325 -64780 7759
55325 -57540 12782
55325 -64780 9290
55325 -71420 10054
55325 -64645 12864
55325 -72870 4586
55325 -63205 12734
55325 -71125 10456
55325 -70310 7958
55325 -71820 9648
55325 -67160 6993
55325 -60780 10600
55325 -65720 15800
55325 -63700 14897
55325 -72020 18702
55325 -72020 11173
55325 -61170 13218
55325 -65585 14023
55325 -71550 20572
55325 -64485 23480
55325 -59770 23270
55325 -65375 12395
55325 -68455 13088
55325 -62880 10349
55325 -64000 4150
55325 -71140 728
55325 -63250 11410
55325 -60890 8734
55325 -68410 14771
55325 -64445 13413
55325 -66405 7191
55325 -63005 11699
55325 -72020 8033
55325 -70880 11660
55325 -61090 15639
55325 -65205 8564
55325 -72020 11798
55325 -71210 12468
55325 -73135 11199
55325 -66585 7948
55325 -79125 7142
55325 -75650 9461
55325 -64175 13745
55325 -72870 12184
55325 -64385 17282
55325 -72020 12298
55325 -62215 10466
55325 -66800 6670
55325 -72760 5841
55325 -76560 7823
55325 -58995 11664
55325 -62215 14339
55325 -58785 18088
55325 -71760 13027
55325 -69355 10562
55325 -66590 7549
55325 -66390 6942
55325 -63400 11942
55325 -66800 6201
55325 -73135 6492
55325 -64455 6320
55325 -69205 10530
55325 -66395 11354
55325 -77910 11101
55325 -72020 13476
55325 -60895 15361
55325 -72870 10033
55325 -70305 6366
55325 -73140 10599
55325 -66875 7951
55325 -66665 12120
55325 -72020 18952
55325 -70220 22742
55325 -61170 12764
55325 -72020 11053
55325 -63860 8981
55325 -64910 5162
55325 -60900 16022
55325 -72655 16236
55325 -59770 13429
55325 -73135 10422
55325 -61190 19926
55325 -77775 15758
55325 -72020 13493
55325 -71140 12428
55325 -62080 18636
55325 -61195 18062
55325 -72870 10100
55325 -65940 13259
55325 -69625 11261
55325 -63410 11639
55325 -64570 7890
55325 -70740 12128
55325 -71750 14262
55325 -77910 17148
55325 -64090 14821
55325 -71140 14491
55325 -63275 13649
55325 -63410 15946
55325 -73135 12143
55325 -60900 12963
55325 -78990 16024
55325 -72865 13530
55325 -75615 15431
55325 -70510 16034
55325 -64455 15397
55325 -72870 13027
55325 -66875 17066
55325 -72020 10184
55325 -64155 9018
55325 -73030 11120
55325 -64780 21952
55325 -64645 16716
55325 -70220 17736
55325 -75380 15458
55325 -71395 21255
55325 -64835 26054
55325 -72865 14518
55325 -66455 16995
55325 -64445 20466
55325 -72865 17798
55325 -72865 17004
55325 -64645 16810
55325 -70320 14777
55325 -72870 18657
55325 -72330 16909
55325 -76695 24851
55325 -61820 23124
55325 -64185 20682
55325 -57540 30944
55325 -63100 24712
55325 -76830 21328
55325 -60570 24061
55325 -65930 17475
55325 -79125 15638
55325 -64370 16797
55325 -72865 21551
55325 -60970 19707
55325 -71750 22140
55325 -64780 25846
55325 -64385 19231
55325 -64645 18396
55325 -66665 20676
55325 -65090 22523
55325 -64580 24382
55325 -71350 19652
55325 -72760 21340
55325 -39980 24905
55325 -67010 18599
55325 -59560 22095
55325 -34810 26031
55325 -71245 22512
55325 -67020 20237
55325 -64590 20855
55325 -60890 23127
55325 -61385 19521
55325 -60675 22288
55325 -75650 11907
55325 -59005 17022
55325 -73140 18021
55325 -68285 15827
55325 -60875 18901
55325 -63430 20237
55325 -76425 25075
55325 -64780 20042
55325 -71750 21660
55325 -63745 22040
55325 -67010 25004
55325 -34810 23562
55325 -64580 20019
55325 -78180 22387
55325 -57540 28347
55325 -34540 30544
55325 -72020 20157
55325 -71755 16506
55325 -59560 21048
55325 -60900 23867
55325 -72020 22225
55325 -68600 25770
55325 -57540 23594
55325 -56765 26025
55325 -57540 17752
55325 -60780 21046
55325 -60680 21572
55325 -72020 20166
55325 -67010 19484
55325 -67010 22538
55325 -49965 22923
55325 -68825 23627
55325 -72760 22833
55325 -60780 21116
55325 -68420 24141
55325 -62385 20691
55325 -66800 23332
55325 -67010 23043
55325 -66800 20607
55325 -66800 19440
55325 -65660 23292
55325 -60890 21966
55325 -59880 21089
55325 -64100 20250
55325 -64780 14648
55325 -71750 21034
55325 -63395 24123
55325 -56840 28863
55325 -70320 24377
55325 -66800 26129
55325 -64780 22471
55325 -71820 17678
55325 -76215 18050
55325 -57540 28568
55325 -64455 22774
55325 -34810 33195
55325 -66875 29242
55325 -61955 20813
55325 -73135 24005
55325 -66590 22982
55325 -61505 32386
55325 -34810 30641
55325 -69205 26327
55325 -68280 24433
55325 -62480 27414
55325 -67020 23799
55325 -73135 26666
55325 -34810 27886
55325 -57540 20136
55325 -66395 18183
55325 -55640 23663
55325 -25685 35532
55325 -66590 27446
55325 -65660 29290
55325 -53940 27655
55325 -57120 32062
55325 -57880 30745
55325 -26190 36502
55325 -55965 32805
55325 -62225 30467
55325 -73135 29420
55325 -58050 27478
55325 -69865 22182
55325 -66875 16391
55325 -51720 23509
55325 -41800 28858
55325 -65940 27698
55325 -56870 34268
55325 -43760 32169
55325 -64780 29358
55325 -24070 33534
55325 -72020 24329
55325 -64445 24370
55325 -61215 26991
55325 -59170 21027
55325 -57920 28468
55325 -76695 30437
55325 -64645 33086
55325 -60055 31626
55325 -66665 26931
55325 -60675 27215
55325 -71320 22505
55325 -58660 24107
55325 -63880 23031
55325 -59070 27091
55325 -34810 35222
55325 -77775 28736
55325 -59780 28586
55325 -40520 27743
55325 -70420 24033
55325 -65585 30823
55325 -62700 26689
55325 -34810 25652
55325 -60055 27896
55325 -62180 31048
55325 -65585 31734
55325 -58550 33817
55325 -59005 30010
55325 -65930 30341
55325 -66665 27346
55325 -64645 30324
55325 -66875 23735
55325 -60055 24970
55325 -59670 24263
55325 -58660 28391
55325 -67020 22438
55325 -59560 21353
55325 -65940 21673
55325 -64645 21620
55325 -76830 26779
55325 -34540 27211
55325 -66615 20044
55325 -67755 24602
55325 -67020 27437
55325 -63190 28529
55325 -66885 27291
55325 -67720 23432
55325 -72870 24403
55325 -64455 27111
55325 -60150 27766
55325 -66455 34087
55325 -48280 35217
55325 -59560 31598
55325 -51720 28955
55325 -59770 32851
55325 -67030 28286
55325 -48850 33447
55325 -61235 34280
55325 -64780 37130
55325 -57540 30253
55325 -46040 31439
55325 -62215 29644
55325 -66885 30147
55325 -29830 31572
55325 -72020 38579
55325 -62570 34023
55325 -25415 36949
55325 -56435 32186
55325 -57920 31881
55325 -67020 29718
55325 -58575 32627
55325 -63265 31630
55325 -66875 32486
55325 -45740 35296
55325 -34640 34508
55325 -64100 30698
55325 -59670 35414
55325 -58550 31800
55325 -63185 37196
55325 -64620 29881
55325 -69090 28149
55325 -75380 28517
55325 -59770 32200
55325 -63190 28866
55325 -59070 35331
55325 -66015 30915
55325 -66665 29915
55325 -65930 33209
55325 -60930 25016
55325 -49560 35441
55325 -42520 36429
55325 -58830 38305
55325 -34810 35886
55325 -58750 33315
55325 -58660 35116
55325 -73030 30972
55325 -31010 33057
55325 -50910 30818
55325 -65190 29431
55325 -36290 27288
55325 -74400 33522
55325 -55840 32145
55325 -75380 28413
55325 -63700 27319
55325 -71150 22773
55325 -56930 27996
55325 -37240 30755
55325 -63700 30929
55325 -27085 30714
55325 -65795 30925
55325 -58655 39538
55325 -20330 43915
55325 -57920 33895
55325 -38420 34310
55325 -66885 33445
55325 -71750 34193
55325 -22560 37404
55325 -39470 39302
55325 -34810 39726
55325 -34810 37175
55325 -34810 37524
55325 -75380 35475
55325 -57540 34548
55325 -72020 40128
55325 -60675 38985
55325 -34810 33663
55325 -72865 29247
55325 -61265 29261
55325 -25120 41231
55325 -73135 31729
55325 -23840 34385
55325 -63565 35069
55325 -71220 30071
55325 -60885 36068
55325 -23845 41254
55325 -26360 36542
55325 -57540 39217
55325 -31165 36400
55325 -66090 33819
55325 -64260 33071
55325 -22350 45099
55325 -72870 41954
55325 -51720 33496
55325 -54360 38586
55325 -57440 36125
55325 -34540 37605
55325 -63700 38902
55325 -57285 30094
55325 -27305 33084
55325 -34810 37976
55325 -33190 37972
55325 -31145 37346
55325 -21050 34943
55325 -58750 31832
55325 -14530 39499
55325 -34810 37821
55325 -60885 34059
55325 -63055 39195
55325 -34810 39937
55325 -56740 33523
55325 -59100 33903
55325 -26105 36582
55325 -32920 37095
55325 -34540 35775
55325 -24655 41281
55325 -34810 39471
55325 -20330 43901
55325 -34540 40889
55325 -59560 38219
55325 -34810 34153
55325 -22350 37549
55325 -58960 38029
55325 -65720 39668
55325 -34810 34895
55325 -34540 38591
55325 -58660 39271
55325 -25040 39693
55325 -25685 38011
55325 -34540 37585
55325 -60045 34761
55325 -58900 38498
55325 -34810 36039
55325 -20330 40951
55325 -26205 37861
55325 -34810 44151
55325 -24535 34701
55325 -67020 30654
55325 -56885 34636
55325 -71320 34317
55325 -63315 34607
55325 -65750 36646
55325 -70075 34005
55325 -60890 39138
55325 -65940 37267
55325 -64515 33218
55325 -59070 40704
55325 -56840 32390
55325 -58655 42424
55325 -34810 38455
55325 -62330 36604
55325 -63410 41226
55325 -29965 41723
55325 -34810 42599
55325 -65720 35284
55325 -66875 35670
55325 -30390 40157
55325 -34810 38277
55325 -29830 39566
55325 -34810 41074
55325 -37240 41005
55325 -63300 39272
55325 -34810 42874
55325 -25660 40429
55325 -26220 42500
55325 -34810 41629
55325 -62770 41060
55325 -27115 43932
55325 -34810 35699
55325 -23160 37285
55325 -62480 36638
55325 -22560 42929
55325 -56555 39857
55325 -22570 43877
55325 -33055 40656
55325 -60780 36707
55325 -22560 43012
55325 -34810 45616
55325 -28130 42077
55325 -34810 36698
55325 -63410 39366
55325 -63410 39158
55325 -59940 39119
55325 -22560 43134
55325 -34810 44709
55325 -56840 42188
55325 -55750 42651
55325 10875 46891
55325 -56940 49065
55325 -24440 43498
55325 -26535 43348
55325 -73140 44514
55325 -66660 42157
55325 -63190 41934
55325 -23000 44278
55325 -72020 38108
55325 -34540 46139
55325 -34810 44405
55325 -65880 42646
55325 -23420 42059
55325 -26355 42606
55325 -34810 40844
55325 -26610 38476
55325 -22570 39421
55325 -60885 36648
55325 -23625 42899
55325 -63565 41335
55325 -20325 42651
55325 -58455 36058
55325 -57920 35429
55325 -30760 40484
55325 -51720 38126
55325 -22560 50183
55325 -22350 45246
55325 -72295 40647
55325 -28130 46382
55325 -26370 43832
55325 -34540 42329
55325 -25685 43284
55325 -22570 42259
55325 -74940 41860
55325 -34810 44428
55325 -25175 45367
55325 -20360 43593
55325 -57920 42093
55325 -5935 46669
55325 -26295 46326
55325 -20330 45374
55325 -22560 38242
55325 -59560 39487
55325 -51180 41607
55325 -34810 46545
55325 -39470 43223
55325 -34810 42420
55325 -34540 41385
55325 -33865 42311
55325 -28055 42019
55325 -57540 43592
55325 -30120 46128
55325 -28265 45921
55325 -20330 45886
55325 -34810 41097
55325 -34540 45651
55325 -22570 46686
55325 -20130 51311
55325 -21145 47198
55325 -34810 42211
55325 -18410 46518
55325 -34540 46289
55325 -34810 42766
55325 -22560 47143
55325 -410 49882
55325 -41245 47653
55325 -27185 47554
55325 -34810 48122
55325 -34810 46224
55325 -22570 46638
55325 12090 50556
55325 -33055 44437
55325 -22560 46106
55325 -63400 43019
55325 -22560 47317
55325 -30 51027
55325 -37140 46255
55325 11010 47655
55325 -22570 48291
55325 10875 47317
55325 -33865 49315
55325 -22560 48619
55325 -20330 46883
55325 -39160 42743
55325 -24655 45136
55325 -20130 47620
55325 -34540 48589
55325 -34540 46251
55325 -27185 48600
55325 -20130 48814
55325 -26055 48290
55325 -20330 48897
55325 -20330 46320
55325 -59070 48830
55325 -20305 49453
55325 -19930 47096
55325 -22350 47325
55325 -17695 46653
55325 -22560 47204
55325 -22570 47695
55325 -21025 49773
55325 -20330 51938
55325 -22560 49150
55325 -34810 51908
55325 -34810 48976
55325 -20330 50710
55325 -34540 46426
55325 70 50513
55325 -20130 49256
55325 10875 49424
55325 -22570 48787
55325 11955 51576
55325 -22570 49831
55325 -33190 48397
55325 -27070 46002
55325 -17695 47944
55325 -24025 47180
55325 -31010 47159
55325 10450 51064
55325 -22350 48963
55325 -32920 44573
55325 -29965 48449
55325 11010 52563
55325 17105 52279
55325 -20330 49044
55325 -3660 50588
55325 -34000 51765
55325 -23170 51018
55325 -25955 48055
55325 -63430 47789
55325 -20330 45419
55325 -26625 49084
55325 -22560 45694
55325 -22560 47886
55325 11010 51030
55325 12225 53012
55325 -22570 46310
55325 -25260 48964
55325 -26430 48766
55325 -26220 46884
55325 -28615 48709
55325 17840 53188
55325 12090 50175
55325 12225 48226
55325 -60085 44716
55325 -22570 50053
55325 -20330 49113
55325 -17645 50945
55325 11010 49077
55325 -29830 49353
55325 -20330 51957
55325 12090 53615
55325 -5920 52180
55325 16290 53103
55325 -3760 51902
55325 -21925 49734
55325 12225 53275
55325 -18030 50541
55325 -28615 52693
55325 14485 52778
55325 11010 50682
55325 10450 52240
55325 17180 53960
55325 -22350 50686
55325 -25175 52381
55325 -23735 50624
55325 -20330 51442
55325 12090 50760
55325 -9525 50848
55325 -27270 47234
55325 14620 53642
55325 -19030 50920
55325 -34540 50879
55325 -18030 50146
55325 10875 49427
55325 -25730 49581
55325 12035 50723
55325 -22570 48311
55325 -22560 47906
55325 -25070 50993
55325 -34540 49606
55325 10875 51104
55325 12225 51834
55325 -24655 52878
55325 12090 52464
55325 -34540 50539
55325 10875 51249
55325 -20330 51354
55325 12225 53284
55325 16185 54189
55325 -28750 52908
55325 -17730 54235
55325 -22560 49601
55325 16185 53924
55325 14485 52459
55325 16185 53268
55325 11280 52463
55325 -34810 51973
55325 17180 54485
55325 14485 53588
55325 13440 51902
55325 14485 52278
55325 13305 51603
55325 -22560 50325
55325 13305 53905
55325 -18105 50770
55325 12035 53579
55325 -20330 50974
55325 13440 53292
55325 13305 53325
55325 -34740 51404
55325 18815 54509
55325 14485 52486
55325 -32650 53457
55325 11010 54664
55325 10875 54662
55325 12225 54426
55325 -17630 51859
55325 14485 54715
55325 19815 54290
55325 11010 52044
55325 11955 54094
55325 12170 53873
55325 11010 52917
55325 -17630 50727
55325 -22570 51279
55325 11280 53127
55325 11955 54042
55325 -1145 52720
55325 -20330 50329
55325 22680 54838
55325 12090 52485
55325 12035 52565
55325 -18030 53115
55325 11010 51618
55325 37080 55053
55325 16395 53373
55325 12090 53038
55325 14485 53577
55325 16395 52276
55325 -22560 53591
55325 14485 54185
55325 11280 52446
55325 -18160 53041
55325 19830 54795
55325 12090 52941
55325 -6155 53762
55325 14485 52070
55325 -22350 53076
55325 -22350 52856
55325 12225 54682
55325 10875 54093
55325 17180 54756
55325 -17630 53683
55325 14485 53898
55325 55325 55325
55325 -20115 51706
55325 55325 55325
55325 10855 54093
55325 14485 53834
55325 27680 54640
55325 -24440 53141
55325 10875 54000
55325 -34810 53334
55325 17840 54766
55325 10875 54000
55325 16995 53653
55325 14485 54715
55325 10875 53461
55325 19815 54795
55325 -23845 54143
55325 55325 55325
55325 18115 54770
55325 12225 54126
55325 17000 53377
55325 55325 55325
55325 16995 54501
55325 55325 55325
55325 11010 54664
55325 -22560 51777
55325 55325 55325
55325 55325 55325
55325 29615 54941
55325 17000 54369
55325 11280 54668
55325 17000 54208
55325 17105 54755
55325 55325 55325
55325 55325 55325
55325 37080 55053
55325 55325 55325
55325 55325 55325
55325 55325 55325
55325 16100 53041
55325 17840 54382
55325 17105 54755
55325 55325 55325
55325 16395 54744
55325 55325 55325
55325 17840 54236
55325 55325 55325
55325 55325 55325
55325 18115 54284
55325 17840 54382
55325 18115 54770
55325 55325 55325
55325 55325 55325
55325 55325 55325
55325 18280 54772
55325 55325 55325
55325 14485 54715
55325 55325 55325
55325 55325 55325
55325 55325 55325
55325 55325 55325
55325 55325 55325
55325 38415 55073
55325 55325 55325
55325 55325 55325
55325 55325 55325
55325 55325 55325
55325 55325 55325
55325 55325 55325
55325 55325 55325
55325 55325 55325
55325 55325 55325
55325 38415 55073
55325 16995 54753
55325 16290 54161
55325 55325 55325
55325 55325 55325
55325 55325 55325
55325 55325 55325
55325 19815 54795
55325 55325 55325
55325 11280 54668
55325 55325 55325
55325 55325 55325
55325 55325 55325
55325 55325 55325
55325 55325 55325
55325 55325 55325
55325 55325 55325
55325 55325 55325
55325 55325 55325
55325 55325 55325
55325 55325 55325
55325 55325 55325
55325 55325 55325
55325 55325 55325
55325 55325 55325
55325 55325 55325
55325 55325 55325
55325 55325 55325
55325 55325 55325
55325 55325 55325
55325 55325 55325
55325 55325 55325
55325 55325 55325
55325 55325 55325
55325 55325 55325
55325 55325 55325
55325 55325 55325
55325 55325 55325
55325 55325 55325
55325 55325 55325
55325 55325 55325
55325 55325 55325
55325 55325 55325
55325 55325 55325
55325 55325 55325
55325 55325 55325
55325 55325 55325
55325 55325 55325
55325 55325 55325
55325 55325 55325
55325 55325 55325
55325 55325 55325
55325 55325 55325
55325 55325 55325
55325 55325 55325
55325 55325 55325
55325 55325 55325
55325 55325 55325
55325 55325 55325
55325 55325 55325
55325 55325 55325
55325 55325 55325
55325 55325 55325
55325 55325 55325
55325 55325 55325
55325 55325 55325
55325 55325 55325
55325 55325 55325
55325 55325 55325
55325 55325 55325
55325 55325 55325
55325 55325 55325
55325 55325 55325
55325 55325 55325
55325 55325 55325
55325 55325 55325
55325 55325 55325
55325 55325 55325
55325 55325 55325
55325 55325 55325
55325 55325 55325
55325 55325 55325
55325 55325 55325
55325 55325 55325
55325 55325 55325
55325 55325 55325
55325 55325 55325
55325 55325 55325
55325 55325 55325
55325 55325 55325
55325 55325 55325
55325 55325 55325
55325 55325 55325
55325 55325 55325
55325 55325 55325
55325 55325 55325
55325 55325 55325
55325 55325 55325
55325 55325 55325
55325 55325 55325
55325 55325 55325
55325 55325 55325
55325 55325 55325
55325 55325 55325
55325 55325 55325
55325 55325 55325
55325 55325 55325
55325 55325 55325
55325 55325 55325
55325 55325 55325
55325 55325 55325
55325 55325 55325
55325 55325 55325
55325 55325 55325
55325 55325 55325
55325 55325 55325
55325 55325 55325
55325 55325 55325
55325 55325 55325
55325 55325 55325
55325 55325 55325
55325 55325 55325
55325 55325 55325
55325 55325 55325
55325 55325 55325
55325 55325 55325
55325 55325 55325
55325 55325 55325
55325 55325 55325
55325 55325 55325
55325 55325 55325
55325 55325 55325
55325 55325 55325
55325 55325 55325
55325 55325 55325
55325 55325 55325
55325 55325 55325
55325 55325 55325
55325 55325 55325
55325 55325 55325
55325 55325 55325
55325 55325 55325
55325 55325 55325
55325 55325 55325
55325 55325 55325
55325 55325 55325
55325 55325 55325
55325 55325 55325
55325 55325 55325
55325 55325 55325
55325 55325 55325
55325 55325 55325
55325 55325 55325
55325 55325 55325
55325 55325 55325
55325 55325 55325
55325 55325 55325
55325 55325 55325
55325 55325 55325
55325 55325 55325
55325 55325 55325
55325 55325 55325
55325 55325 55325
55325 55325 55325
55325 55325 55325
55325 55325 55325
55325 55325 55325
55325 55325 55325
55325 55325 55325
55325 55325 55325
55325 55325 55325
55325 55325 55325
55325 55325 55325
55325 55325 55325
55325 55325 55325
55325 55325 55325
55325 55325 55325
55325 55325 55325
55325 55325 55325
55325 55325 55325
55325 55325 55325
55325 55325 55325
55325 55325 55325
55325 55325 55325
55325 55325 55325
55325 55325 55325
55325 55325 55325
55325 55325 55325
55325 55325 55325
55325 55325 55325
55325 55325 55325
55325 55325 55325
55325 55325 55325
55325 55325 55325
55325 55325 55325
55325 55325 55325
55325 55325 55325
55325 55325 55325
55325 55325 55325
55325 55325 55325
55325 55325 55325
55325 55325 55325
55325 55325 55325
55325 55325 55325
55325 55325 55325
55325 55325 55325
55325 55325 55325
55325 55325 55325
55325 55325 55325
55325 55325 55325
55325 55325 55325
55325 55325 55325
55325 55325 55325
55325 55325 55325
55325 55325 55325
55325 55325 55325
55325 55325 55325
55325 55325 55325
55325 55325 55325
55325 55325 55325
55325 55325 55325
55325 55325 55325
55325 55325 55325
55325 55325 55325
55325 55325 55325
55325 55325 55325
55325 55325 55325
55325 55325 55325
55325 55325 55325
55325 55325 55325
55325 55325 55325
55325 55325 55325
55325 55325 55325
55325 55325 55325
55325 55325 55325
55325 55325 55325
55325 55325 55325
55325 55325 55325
55325 55325 55325
55325 55325 55325
55325 55325 55325
55325 55325 55325
55325 55325 55325
55325 55325 55325
55325 55325 55325
55325 55325 55325
55325 55325 55325
55325 55325 55325
55325 55325 55325
55325 55325 55325
55325 55325 55325
55325 55325 55325
55325 55325 55325
55325 55325 55325
55325 55325 55325
55325 55325 55325
55325 55325 55325
55325 55325 55325
55325 55325 55325
55325 55325 55325
55325 55325 55325
55325 55325 55325
55325 55325 55325
55325 55325 55325
55325 55325 55325
55325 55325 55325
55325 55325 55325
55325 55325 55325
55325 55325 55325
55325 55325 55325
55325 55325 55325
55325 55325 55325
55325 55325 55325
55325 55325 55325
55325 55325 55325
55325 55325 55325
55325 55325 55325
55325 55325 55325
55325 55325 55325
55325 55325 55325
55325 55325 55325
55325 55325 55325
55325 55325 55325
55325 55325 55325
55325 55325 55325
55325 55325 55325
55325 55325 55325
55325 55325 55325
55325 55325 55325
55325 55325 55325
55325 55325 55325
55325 55325 55325
55325 55325 55325
55325 55325 55325
55325 55325 55325
55325 55325 55325
55325 55325 55325
55325 55325 55325
55325 55325 55325
55325 55325 55325
55325 55325 55325
55325 55325 55325
55325 55325 55325
55325 55325 55325
55325 55325 55325
55325 55325 55325
55325 55325 55325
55325 55325 55325
55325 55325 55325
55325 55325 55325
55325 55325 55325
55325 55325 55325
55325 55325 55325
55325 55325 55325
55325 55325 55325
55325 55325 55325
55325 55325 55325
55325 55325 55325
55325 55325 55325
55325 55325 55325
55325 55325 55325
55325 55325 55325
55325 55325 55325
55325 55325 55325
55325 55325 55325
55325 55325 55325
55325 55325 55325
55325 55325 55325
55325 55325 55325
55325 55325 55325
55325 55325 55325
55325 55325 55325
55325 55325 55325
55325 55325 55325
55325 55325 55325
55325 55325 55325
55325 55325 55325
55325 55325 55325
55325 55325 55325
55325 55325 55325
55325 55325 55325
55325 55325 55325
55325 55325 55325
55325 55325 55325
55325 55325 55325
55325 55325 55325
55325 55325 55325
55325 55325 55325
55325 55325 55325
55325 55325 55325
55325 55325 55325
55325 55325 55325
55325 55325 55325
55325 55325 55325
55325 55325 55325
55325 55325 55325
55325 55325 55325
55325 55325 55325
55325 55325 55325
55325 55325 55325
55325 55325 55325
55325 55325 55325
55325 55325 55325
55325 55325 55325
55325 55325 55325
55325 55325 55325
55325 55325 55325
55325 55325 55325
55325 55325 55325
55325 55325 55325
55325 55325 55325
55325 55325 55325
55325 55325 55325
55325 55325 55325
55325 55325 55325
55325 55325 55325
55325 55325 55325
55325 55325 55325
55325 55325 55325
55325 55325 55325
55325 55325 55325
55325 55325 55325
55325 55325 55325
55325 55325 55325
55325 55325 55325
55325 55325 55325
55325 55325 55325
55325 55325 55325
55325 55325 55325
55325 55325 55325
55325 55325 55325
55325 55325 55325
55325 55325 55325
55325 55325 55325
55325 55325 55325
55325 55325 55325
55325 55325 55325
55325 55325 55325
55325 55325 55325
55325 55325 55325
55325 55325 55325
55325 55325 55325
55325 55325 55325
55325 55325 55325
55325 55325 55325
55325 55325 55325
55325 55325 55325
55325 55325 55325
55325 55325 55325
55325 55325 55325
55325 55325 55325
55325 55325 55325
55325 55325 55325
55325 55325 55325
55325 55325 55325
55325 55325 55325
55325 55325 55325
55325 55325 55325
55325 55325 55325
55325 55325 55325
55325 55325 55325
55325 55325 55325
55325 55325 55325
55325 55325 55325
55325 55325 55325
55325 55325 55325
55325 55325 55325
55325 55325 55325
55325 55325 55325
55325 55325 55325
55325 55325 55325
55325 55325 55325
55325 55325 55325
55325 55325 55325
55325 55325 55325
55325 55325 55325
55325 55325 55325
55325 55325 55325
55325 55325 55325
55325 55325 55325
55325 55325 55325
55325 55325 55325
55325 55325 55325
55325 55325 55325
55325 55325 55325
55325 55325 55325
55325 55325 55325
55325 55325 55325
55325 55325 55325
55325 55325 55325
55325 55325 55325
55325 55325 55325
55325 55325 55325
55325 55325 55325
55325 55325 55325
55325 55325 55325
55325 55325 55325
55325 55325 55325
55325 55325 55325
55325 55325 55325
55325 55325 55325
55325 55325 55325
55325 55325 55325
55325 55325 55325
55325 55325 55325
55325 55325 55325
55325 55325 55325
55325 55325 55325
55325 55325 55325
55325 55325 55325
55325 55325 55325
55325 55325 55325
55325 55325 55325
55325 55325 55325
55325 55325 55325
55325 55325 55325
55325 55325 55325
55325 55325 55325
55325 55325 55325
55325 55325 55325
55325 55325 55325
55325 55325 55325
55325 55325 55325
55325 55325 55325
55325 55325 55325
55325 55325 55325
