-9420	-8175	-9163
-4230	-9050	-8146
-4230	-8445	-7671
-4230	-8450	-7411
-3690	-8575	-7343
-3690	-8305	-7088
-1895	-8255	-6905
-1895	-8345	-6668
-1895	-8440	-6668
-1895	-8535	-6491
-1895	-8325	-6236
-1895	-8550	-6216
-1895	-8610	-5982
-1895	-8605	-5834
-1895	-8610	-5619
1335	-8610	-5391
1335	-8535	-5336
1335	-8315	-5029
1335	-8375	-5179
1335	-8470	-5189
1335	-8320	-4999
1335	-8475	-5069
1335	-8475	-4950
1335	-8370	-4630
1335	-8375	-4835
1335	-8375	-4847
1335	-8240	-4941
1335	-8270	-4845
1335	-8275	-4770
1335	-8370	-4757
1335	-8265	-4698
1335	-8205	-4630
1335	-8370	-4642
1335	-8240	-4534
1335	-8205	-4541
1335	-8210	-4565
1335	-8285	-4525
1335	-8275	-4545
2035	-8380	-4470
2035	-8275	-4403
2035	-8450	-4512
2035	-8235	-4206
2035	-8375	-4245
2035	-8370	-4169
2035	-8540	-4444
2035	-8515	-4132
2035	-8375	-4163
2035	-8375	-4123
2035	-8275	-4037
2035	-8350	-4108
2035	-8275	-3973
2035	-8715	-4188
2035	-8475	-4277
2035	-8605	-4084
2035	-8605	-3928
2035	-8370	-3854
2035	-8305	-3833
2035	-8605	-3934
2035	-8410	-3766
2035	-8605	-3644
2035	-8485	-3817
2035	-8375	-3625
2035	-8610	-3424
2035	-8350	-3305
2035	-8370	-3461
2035	-8375	-3336
2035	-8460	-3433
2035	-8375	-3379
2035	-8505	-3237
2035	-8240	-3218
2035	-8445	-3219
2035	-8350	-3299
2035	-8465	-3114
2035	-8605	-3331
2035	-8520	-3200
2035	-8605	-3219
2035	-8290	-3237
2035	-8510	-3300
2035	-8515	-3164
2035	-8395	-3061
2035	-8610	-3319
2035	-8475	-3219
2035	-8375	-3116
2035	-8290	-3096
2035	-8375	-2924
2035	-8260	-2764
2035	-8290	-2878
2035	-8275	-2872
2035	-8295	-2930
2035	-8275	-2607
2035	-8160	-2714
2035	-8290	-2899
2035	-8140	-2848
2035	-8175	-2697
2035	-8150	-2496
2035	-8140	-2802
2035	-8140	-2639
2035	-8180	-2600
2035	-8105	-2562
2035	-8205	-2603
2035	-8175	-2731
2035	-7840	-2412
2035	-8270	-2831
2035	-8205	-2809
2035	-8125	-2630
2035	-8205	-2686
2035	-8270	-2784
2035	-8075	-2440
2035	-8205	-2741
2035	-8240	-2606
2035	-7975	-2394
2035	-8210	-2746
2035	-8075	-2313
2035	-8185	-2379
2035	-8150	-2500
2035	-8205	-2609
2035	-8070	-2508
2035	-8205	-2663
2035	-8235	-2424
2035	-8270	-2730
2035	-8070	-2186
2035	-8260	-2584
2035	-8110	-2488
2035	-8040	-2298
2035	-7975	-2368
2035	-8185	-2439
2035	-8105	-2324
2035	-8110	-2500
2035	-8105	-2425
2035	-8140	-2458
2035	-8060	-2359
2035	-8120	-2390
2035	-7925	-1962
2035	-8045	-2198
2035	-8055	-2319
2035	-7990	-2446
2035	-7990	-2330
2035	-8005	-2113
2035	-8025	-2429
2035	-8200	-2341
2035	-8205	-2335
2035	-7970	-2343
2035	-8200	-2226
2035	-7940	-2091
2035	-8065	-2273
2035	-8140	-2337
2035	-8055	-2195
2035	-8235	-2545
2035	-8055	-2192
2035	-8025	-2249
2035	-7760	-2120
2035	-7905	-2047
2035	-8160	-2291
2035	-8060	-2232
2035	-7940	-2154
2035	-8140	-2404
2035	-7920	-2145
2035	-8105	-2393
2035	-7885	-2076
2035	-7970	-2272
2035	-7835	-2041
2230	-7970	-2297
2230	-7870	-1758
2230	-7970	-2194
2230	-7935	-1877
2230	-7755	-2080
2230	-7940	-2214
2230	-7975	-2135
2230	-7855	-1945
2230	-7760	-1812
2320	-7950	-2029
2320	-7780	-1892
2320	-7905	-2078
2320	-8060	-2122
2320	-8075	-2212
2320	-7965	-1992
2320	-8060	-1852
2320	-7885	-2054
2320	-8090	-2007
2320	-7890	-1976
2320	-7940	-2012
2320	-7940	-1984
2320	-8035	-1977
2320	-7805	-2079
2320	-7965	-1936
2320	-7940	-2008
2320	-7890	-2021
2320	-7840	-1798
2320	-8040	-2147
2320	-8140	-2276
2320	-7770	-1918
2320	-7860	-1768
2320	-7835	-1860
2320	-7695	-1846
2320	-7755	-1747
2320	-7905	-2170
2320	-7670	-1845
2320	-8075	-2174
2320	-7950	-1852
2320	-7810	-1718
2320	-7945	-1889
2320	-7770	-1848
2320	-7665	-1771
2320	-8040	-1982
2320	-7875	-1837
2320	-7665	-1721
2320	-7940	-1822
2320	-7770	-1842
2320	-7580	-1612
2320	-7675	-1699
2320	-8040	-1852
2320	-7795	-1661
2320	-7585	-1641
2320	-7575	-1635
2320	-7385	-1433
2320	-7870	-1951
2320	-7780	-1919
2320	-7565	-1647
2320	-8045	-1872
2320	-7460	-1505
2320	-7785	-1720
2320	-7760	-1669
2320	-7970	-1818
2320	-7810	-1700
2320	-7510	-1558
2320	-7675	-1582
2320	-7770	-1812
2320	-7575	-1567
2320	-7645	-1587
2320	-7925	-1701
2320	-7670	-1657
2320	-7725	-1667
2320	-7440	-1470
2320	-7735	-1587
2320	-7870	-1914
2320	-7855	-1860
2320	-7735	-1536
2320	-7955	-1731
2320	-7640	-1451
2320	-7730	-1666
2320	-7840	-1627
2320	-7675	-1539
2320	-7810	-1654
2320	-7675	-1753
2320	-7870	-1823
2320	-7815	-1610
2320	-7905	-1671
2320	-7620	-1489
5550	-7580	-1628
5550	-7565	-1389
5550	-7835	-1664
5550	-7760	-1494
5550	-7750	-1442
5550	-7540	-1339
5550	-7975	-1528
5550	-7760	-1412
5550	-7840	-1710
5550	-7815	-1589
5550	-8025	-1753
5550	-7625	-1357
5550	-7650	-1595
5550	-7835	-1633
5550	-7620	-1263
5550	-7885	-1684
5550	-7760	-1354
5550	-7470	-1149
5550	-7435	-1133
5550	-7170	-944
5550	-7675	-1184
5550	-7865	-1537
5550	-7650	-1240
5550	-7905	-1337
5550	-7760	-1513
5550	-7675	-1418
5550	-7870	-1670
5550	-7840	-1516
5550	-7785	-1486
5550	-7455	-1281
5550	-7405	-1083
5550	-7530	-1433
5550	-7440	-1178
5550	-7520	-1279
5550	-7465	-1092
5550	-7330	-1123
5550	-7560	-1210
5550	-7370	-1091
5550	-7305	-1047
5550	-7330	-1087
5550	-6880	-703
5550	-7515	-1076
5550	-7465	-985
5550	-7635	-880
5550	-7580	-1073
5550	-7675	-1281
5550	-7675	-1012
5550	-7550	-863
5550	-7905	-1509
5740	-7700	-1132
5740	-7760	-1140
5740	-7650	-1019
5740	-7625	-1079
5740	-7580	-1063
5740	-7700	-889
5740	-7760	-1127
5740	-7580	-1090
5740	-7670	-1028
5740	-7740	-1153
5740	-7235	-589
5740	-7760	-1066
5740	-7750	-940
5740	-7605	-1028
5740	-7635	-988
5740	-7535	-891
5740	-7330	-782
5740	-7845	-917
5740	-7700	-1186
5740	-7580	-924
5740	-7935	-1097
5740	-7455	-807
5740	-7160	-562
5740	-7600	-794
5740	-7800	-1029
5740	-7735	-938
5740	-7480	-538
5740	-7465	-921
5740	-7430	-566
5740	-7835	-827
5740	-7465	-671
5740	-7500	-694
5740	-7635	-970
5740	-7655	-865
5740	-7770	-830
5740	-7635	-784
5740	-7730	-859
5740	-7400	-564
5740	-6950	-239
5740	-7540	-781
5740	-7520	-560
5740	-7400	-471
5740	-7425	-787
5740	-7535	-346
5740	-7575	-686
5740	-7580	-753
5740	-7655	-543
5740	-7330	-273
5740	-7100	-179
5740	-7380	-272
5740	-7360	-233
5740	-7615	-494
5740	-7530	-597
5740	-7510	-358
5740	-7540	-384
5740	-7735	-662
5740	-7580	-289
5740	-7595	-541
5740	-7270	-412
5740	-7420	-347
5740	-7425	-358
5740	-7740	-780
5740	-7675	-473
5740	-7325	-197
5740	-7390	-187
5740	-7505	-405
5740	-7440	-45
5740	-7505	-201
5740	-7390	-353
5740	-7305	-115
5740	-7195	150
5740	-7435	-185
5740	-7485	-154
5740	-7800	-448
5740	-7265	20
5740	-7245	-65
5740	-7800	-599
5740	-7760	-494
5740	-7440	-155
5740	-7140	199
5740	-7620	50
5740	-7625	81
5740	-7365	-158
5740	-7470	-117
5740	-7410	-14
5740	-7540	-154
5740	-7330	-119
5740	-7400	-59
5740	-7475	-56
5740	-7250	258
5740	-7060	208
5740	-7060	209
5740	-7630	-257
5740	-7905	-556
5740	-7830	-81
5740	-7140	295
5740	-7555	1
5740	-7335	65
5740	-7390	167
5740	-7700	27
5740	-7570	200
5740	-7545	-46
5740	-7155	258
5740	-7750	59
5740	-7180	517
5740	-7515	-141
5740	-7195	425
5740	-7250	401
5740	-7560	348
5740	-7350	146
5740	-7465	590
5740	-7225	527
5740	-7225	450
5740	-7500	345
5740	-7425	595
5740	-6930	713
5740	-6955	836
5740	-7360	606
5740	-7235	559
5740	-7425	603
5740	-7060	694
5740	-7075	769
5740	-7320	650
5740	-7030	1005
5740	-7360	876
5740	-7160	695
5740	-7465	589
5740	-7130	611
5740	-7230	903
5740	-7225	795
5740	-7435	835
5740	-7835	360
5740	-7445	570
5740	-7430	630
5740	-7535	665
5740	-7265	1006
5740	-7305	746
5740	-6515	1118
5740	-7460	712
5740	-7260	1216
5740	-7845	733
5740	-7265	928
5740	-7440	890
5740	-7030	1239
5740	-6960	966
5740	-6595	1248
5740	-7300	828
5740	-6855	1160
5740	-6995	1027
5740	-7035	1171
5740	-7440	973
5740	-6830	1288
5740	-7080	943
5740	-6730	1277
5740	-6615	1362
5740	-7715	1005
5740	-7245	1241
5740	-7395	766
5740	-7050	1162
5740	-7265	1020
5740	-7285	873
5740	-7340	911
5740	-7025	1284
5740	-7470	985
5740	-7420	1221
5740	-6655	1235
5740	-6915	1166
5740	-7330	942
5740	-7035	1275
5740	-7230	887
5740	-6810	1229
5740	-6435	1478
5740	-6630	1513
5740	-7540	968
5740	-7190	1115
5740	-7330	1271
5740	-6550	1503
5740	-6740	1606
5740	-6765	1548
5740	-7295	1091
5740	-7195	1167
5740	-7060	1357
5740	-6315	1589
5740	-7075	1199
5740	-6965	1120
5740	-7330	1111
5740	-7320	1221
5740	-7195	1221
5740	-7145	1086
5740	-7325	1127
5740	-7140	1235
5740	-6855	1162
5740	-6515	1475
5740	-7145	1116
5740	-6525	1522
5740	-6515	1498
5740	-7170	1293
5740	-7445	1179
5740	-7670	1203
5740	-7220	1548
5740	-6280	1557
5740	-7140	1290
5740	-4470	1867
5740	-6865	1455
5740	-6930	1402
5740	-7035	1174
5740	-6915	1410
5740	-5640	1590
5740	-7130	1302
5740	-6520	1486
5740	-6630	1494
5740	-4875	1512
5740	-7035	1351
5740	-6760	1340
5740	-6920	1435
5740	-6935	1537
5740	-6935	1298
5740	-6890	1511
5740	-6150	1530
5740	-6880	1491
5740	-6495	1398
5740	-5065	1767
5740	-6285	1597
5740	-6930	1430
5740	-7330	1280
5740	-6950	1090
5740	-6265	1544
5740	-5320	1571
5740	-5105	1588
5740	-7135	1200
5740	-6025	1864
5740	-6520	1549
5740	-6450	1653
5740	-6145	1826
5740	-4740	1808
5740	-6295	1667
5740	-6595	1505
5740	-6415	1388
5740	-6740	1406
5740	-6695	1406
5740	-4745	1807
5740	-5990	1399
5740	-6535	1568
5740	-7240	1076
5740	-6585	1676
5740	-6630	1387
5740	-6890	1567
5740	-6085	1865
5740	-4780	1640
5740	-6225	1413
5740	-5065	1866
5740	-7245	1265
5740	-6185	1555
5740	-6820	1340
5740	-6795	1624
5740	-6765	1398
5740	-6845	1320
5740	-6095	1717
5740	-6295	1615
5740	-5340	1603
5740	-6815	1389
5740	-4875	1803
5740	-5455	1463
5740	-6085	1619
5740	-5065	1674
5740	-4875	2067
5740	-6895	1600
5740	-5990	1675
5740	-6045	1770
5740	-5540	1599
5740	-6045	1657
5740	-6450	1785
5740	-6515	1466
5740	-4740	1830
5740	-6195	1894
5740	-6315	1846
5740	-4875	1579
5740	-5215	1546
5740	-6525	1466
5740	-6415	1831
5740	-6795	1424
5740	-6015	1712
5740	-5420	1748
5740	-6995	1326
5740	-6655	1475
5740	-6440	1524
5740	-5065	1691
5740	-4780	1894
5740	-4875	1905
5740	-6285	1665
5740	-5985	1614
5740	-6530	1397
5740	-6435	1546
5740	-6295	1665
5740	-6515	1565
5740	-4660	1891
5740	-6105	1689
5740	-5065	1871
5740	-4645	1802
5740	-5910	1906
5740	-4375	1879
5740	-7220	1484
5740	-4875	1669
5740	-5035	1722
5740	-4645	1917
5740	-4745	1827
5740	-4240	2120
5740	-4065	1885
5740	-4200	2184
5740	-5695	1867
5740	-4875	1737
5740	-5000	1908
5740	-6420	1763
5740	-5065	1814
5740	-4695	1685
5740	-6630	1655
5740	-7140	1666
5740	-4535	2016
5740	-4605	2066
5740	-4730	2036
5740	-5870	1797
5740	-4695	1732
5740	-6205	1688
5740	-4605	1900
5740	-4930	1951
5740	-6395	1603
5740	-4875	2062
5740	-4065	2058
5740	-4200	1915
5740	-4930	1876
5740	-5065	1931
5740	-4240	1908
5740	-4660	2175
5740	-4875	1856
5740	-4740	2015
5740	-4780	2073
5740	-4780	2030
5740	-4255	1987
5740	-4840	2043
5740	-6095	1924
5740	-5320	2024
5740	-4875	1849
5740	-5065	1767
5740	-4605	1908
5740	-4335	2098
5740	-4875	1945
5740	-4255	2233
5740	-4645	1936
5740	-4780	1859
5740	-4750	1977
5740	-4875	1881
5740	-5065	2013
5740	-5870	1611
5740	-4525	2099
5740	-4930	1990
5740	-4525	2017
5740	-4740	2206
5740	-4875	2059
5740	-4875	2200
5740	-4660	2151
5740	-5065	1799
5740	-4470	2197
5740	-4065	2154
5740	-4065	2210
5740	-4740	2155
5740	-5335	1690
5740	-4065	2156
5740	-4335	1839
5740	-4605	2029
5740	-4470	1833
5740	-4875	1783
5740	-4065	2102
5740	-4660	1971
5740	-4740	2012
5740	-4065	1755
5740	-4780	2002
5740	-4930	2020
5740	-4240	2006
5740	-4200	1996
5740	-4375	2080
5740	-3965	2155
5740	-4255	2106
5740	-4065	2223
5740	-4335	1980
5740	-4875	1857
5740	-4525	2022
5740	-4525	2175
5740	-4335	2155
5740	-3920	2272
5740	-4060	1961
5740	-4645	2259
5740	-4060	2314
5740	-4740	2094
5740	-5320	1941
5740	-4645	2145
5740	-3850	2401
5740	-4255	2228
5740	-4250	2147
5740	-5560	2171
5740	-4010	2286
5740	-4240	2135
5740	-4240	2269
5740	-4605	1870
5740	-4255	2181
5740	-4645	1950
5740	-4255	2261
5740	-4605	1965
5740	-4255	2197
5740	-4065	2013
5740	-4255	2199
5740	-4395	2169
5740	-4120	2042
5740	-4605	2088
5740	-3965	2072
5740	-4390	2083
5740	-3965	2241
5740	-4740	2076
5740	-4255	2012
5740	-3930	2047
5740	-4645	2296
5740	-4065	2333
5740	-4740	1927
5740	-4060	2339
5740	-3925	2491
5740	-3730	2178
5740	-4510	2080
5740	-3830	2130
5740	-3735	2500
5740	-4060	2364
5740	-3905	2391
5740	-4060	2412
5740	-4040	2365
5740	-4065	2246
5740	-3830	2284
5740	-3835	2341
5740	-4060	2164
5740	-3965	2409
5740	-4240	2348
5740	-3850	2301
5740	-4060	2164
5740	-3755	2566
5740	-4060	2166
5740	-3525	2717
5740	-4065	2079
5740	-4200	2546
5740	-4255	2330
5740	-3885	2455
5740	-4065	2263
5740	-4740	1958
5740	-3930	2276
5740	-3970	2156
5740	-3920	2337
5740	-3970	2380
5740	-4200	2270
5740	-3845	2388
5740	-4200	2401
5740	-4065	2459
5740	-3930	2364
5740	-3930	2339
5740	-3715	2822
5740	-3830	2392
5740	-3920	2289
5740	-3830	2064
5740	-3795	2493
5740	-4255	2121
5740	-3660	2520
5740	-3835	2413
5740	-3920	2345
5740	-3925	2471
5740	-4740	2097
5740	-3700	2311
5740	-4065	2153
5740	-3920	2106
5740	-3755	2593
5740	-3920	2491
5740	-3830	2673
5740	-3905	2304
5740	-3730	2687
5740	-4060	2258
5740	-3735	2450
5740	-4065	2360
5740	-3730	2291
5740	-3695	2785
5740	-3920	2428
5740	-3745	2569
5740	-3535	2807
5740	-3730	2684
5740	-3725	2609
5740	-3715	2607
5740	-3595	2702
5740	-3885	2457
5740	-3965	2276
5740	-3655	2630
5740	-3695	2561
5740	-3640	2561
5740	-4065	2504
5740	-3695	2502
5740	-3640	2625
5740	-3755	2692
5740	-3745	2484
5740	-3785	2523
5740	-3785	2771
5740	-3850	2190
5740	-3925	2516
5740	-3425	2815
5740	-3845	2477
5740	-3630	2596
5740	-3730	2534
5740	-4525	1982
5740	-4335	2253
5740	-3695	2642
5740	-3660	2707
5740	-3425	2726
5740	-3935	2632
5740	-3635	2756
5740	-3530	2946
5740	-3530	2906
5740	-3715	2600
5740	-3630	2513
5740	-3830	2498
5740	-3660	2586
5740	-3615	2788
5740	-3525	2670
5740	-3525	2528
5740	-3385	2875
5740	-3925	2439
5740	-3755	2628
5740	-3905	2545
5740	-3640	2681
5740	-3700	2413
5740	-3630	2780
5740	-3720	2713
5740	-4040	2430
5740	-3465	2927
5740	-3745	2495
5740	-3640	2511
5740	-3640	2647
5740	-3515	2986
5740	-3620	2520
5740	-3970	2371
5740	-3930	2248
5740	-3530	2776
5740	-3425	2721
5740	-3525	2622
5740	-3430	2981
5740	-3530	3104
5740	-3400	2924
5740	-3250	2875
5740	-3255	2758
5740	-3640	2444
5740	-3565	2986
5740	-3465	2599
5740	-3295	3023
5740	-3545	2715
5740	-3545	2743
5740	-3545	2886
5740	-3640	2600
5740	-3715	2702
5740	-3830	2667
5740	-3430	2921
5740	-3830	2652
5740	-3435	2727
5740	-3640	2600
5740	-3530	2814
5740	-3515	2873
5740	-3600	2552
5740	-4240	2383
5740	-3505	2642
5740	-3655	2684
5740	-3530	2630
5740	-3430	2865
5740	-3250	3006
5740	-3745	2501
5740	-3630	2729
5740	-3745	2813
5740	-3430	2852
5740	-2840	3346
5740	-3430	2932
5740	-3205	3211
5740	-3125	3224
5740	-3425	3013
5740	-2940	3222
5740	-3610	2935
5740	-3655	2847
5740	-3525	2838
5740	-3500	2821
5740	-3525	3034
5740	-3190	2785
5740	-3650	2699
5740	-3230	3010
5740	-3195	3086
5740	-3585	2765
5740	-3230	3040
5740	-3525	2762
5740	-3695	2633
5740	-3430	2731
5740	-3525	2879
5740	-3430	2917
5740	-3430	3041
5740	-3620	2952
5740	-3610	2913
5740	-3660	3120
5740	-3350	3049
5740	-3620	2943
5740	-3395	2920
5740	-2935	3245
5740	-3430	3139
5740	-3130	3098
5740	-3235	3059
5740	-3330	3218
5740	-3130	3218
5740	-3250	3066
5740	-3430	3037
5740	-2930	3214
5740	-3250	3057
5740	-3125	3290
5740	-3445	2824
5740	-2815	3236
5740	-3535	3044
5740	-3060	3292
5740	-3330	2972
5740	-3015	3397
5740	-2940	3217
5740	-3520	2938
5740	-2935	3499
5740	-3480	3059
5740	-3125	3294
5740	-2965	3235
5740	-3130	3215
5740	-2915	3457
5740	-3295	2873
5740	-3110	3011
5740	-3335	3148
5740	-3255	3654
5740	-3330	2937
5740	-3030	3039
5740	-3060	3460
5740	-3035	3322
5740	-3250	3007
5740	-3020	3372
5740	-2860	3284
5740	-2830	3443
5740	-2735	3282
5740	-3535	3122
5740	-3010	3209
5740	-3125	2999
5740	-3020	3489
5740	-3255	3163
5740	-3205	3133
5740	-2720	3333
5740	-2655	3432
5740	-3035	3427
5740	-3130	3080
5740	-2855	3552
5740	-2995	3227
5740	-3020	3477
5740	-2440	3583
5740	-3150	3165
5740	-2995	3180
5740	-3430	3214
5740	-2935	3343
5740	-3430	3036
5740	-2625	3232
5740	-3060	3150
5740	-2925	3408
5740	-2805	3442
5740	-3020	3303
5740	-3465	2928
5740	-2610	3697
5740	-2925	3231
5740	-2880	3519
5740	-3070	3557
5740	-2490	3628
5740	-2900	3169
5740	-2805	3615
5740	-3055	3362
5740	-3015	3367
5740	-3035	3403
5740	-2860	3491
5740	-3390	2758
5740	-2710	3425
5740	-2805	3602
5740	-2845	3458
5740	-3430	3294
5740	-2700	3570
5740	-2790	3430
5740	-2660	3553
5740	-2720	3606
5740	-2475	3699
5740	-2995	3351
5740	-2915	3285
5740	-2615	3428
5740	-2105	3707
5740	-3105	3263
5740	-2495	3954
5740	-2820	3416
5740	-3525	3001
5740	-3120	3438
5740	-3020	3167
5740	-3130	3404
5740	-2485	3736
5740	-2295	3749
5740	-2990	3575
5740	-2505	3448
5740	-2635	3358
5740	-2935	3338
5740	-2405	3722
5740	-1880	3979
5740	15	3989
5740	-2490	3789
5740	-2485	3653
5740	-2385	3849
5740	290	3929
5740	-2485	3614
5740	-1880	3930
5740	-1880	3751
5740	-2300	3685
5740	-2385	3718
5740	-2385	3712
5740	-1880	3846
5740	-2805	3368
5740	-2120	3896
5740	-2230	3913
5740	-3020	3378
5740	-2575	3772
5740	-3060	3341
5740	-2920	3386
5740	-1990	3924
5740	-2720	3627
5740	-2310	3733
5740	-2710	3813
5740	-2315	3542
5740	-2175	3632
5740	-1915	4023
5740	-2085	3866
5740	-2310	3934
5740	-2250	3820
5740	-1195	3921
5740	-1795	4093
5740	-2505	3487
5740	-2310	3615
5740	-1880	4120
5740	-2170	3909
5740	-2685	3651
5740	-2395	3802
5740	290	4029
5740	-2190	3843
5740	-2230	3986
5740	-2405	3528
5740	-2050	3876
5740	-2700	3691
5740	-2285	3883
5740	-2000	3718
5740	-2000	3730
5740	-2320	3816
5740	-2515	3681
5740	-2405	3674
5740	-2285	3746
5740	385	4279
5740	-1685	3877
5740	-2385	3854
5740	-2310	3824
5740	-1330	4002
5740	-2490	3853
5740	290	4302
5740	-1990	3975
5740	-1895	3908
5740	-2310	3875
5740	-1880	4045
5740	290	4340
5740	-1885	4042
5740	-1990	3848
5740	-2310	3906
5740	290	4062
5740	-2105	3756
5740	425	4039
5740	425	4233
5740	-1990	4039
5740	-1880	4030
5740	-2825	3755
5740	-1880	4207
5740	-1880	3964
5740	290	4119
5740	-2090	3881
5740	-1990	3829
5740	-1495	4260
5740	-2085	3917
5740	290	4165
5740	-2755	3575
5740	-1880	3820
5740	290	4199
5740	290	3930
5740	575	4376
5740	385	4053
5740	425	4339
5740	425	4059
5740	425	4242
5740	-1880	4257
5740	290	4082
5740	290	4026
5740	385	4203
5740	385	4231
5740	-2195	3704
5740	290	4172
5740	290	4371
5740	290	4215
5740	290	4178
5740	290	4078
5740	385	4270
5740	290	4177
5740	290	4156
5740	290	4127
5740	290	4076
5740	425	4290
5740	290	4112
5740	290	4146
5740	290	4082
5740	290	4195
5740	290	4344
5740	575	4447
5740	575	4221
5740	290	4112
5740	-1880	4172
5740	310	4263
5740	575	4389
5740	290	4138
5740	290	4166
5740	425	4177
5740	290	4218
5740	425	4153
5740	385	4383
5740	830	4436
5740	575	4187
5740	385	4375
5740	575	4190
5740	310	4129
5740	575	4466
5740	575	4523
5740	385	4426
5740	425	4158
5740	790	4329
5740	425	4262
5740	385	4389
5740	290	4157
5740	385	4367
5740	1100	4595
5740	290	4559
5740	385	4334
5740	710	4487
5740	385	4428
5740	575	4371
5740	290	4318
5740	575	4342
5740	385	4372
5740	385	4102
5740	425	4284
5740	610	4476
5740	575	4461
5740	980	4480
5740	710	4423
5740	1100	4557
5740	710	4563
5740	1100	4577
5740	425	4547
5740	575	4285
5740	1100	4640
5740	1105	4816
5740	695	4564
5740	575	4306
5740	575	4507
5740	575	4485
5740	695	4315
5740	695	4502
5740	710	4564
5740	710	4632
5740	425	4512
5740	425	4326
5740	575	4285
5740	425	4272
5740	575	4481
5740	710	4467
5740	385	4092
5740	575	4203
5740	695	4443
5740	290	4279
5740	575	4621
5740	980	4752
5740	830	4589
5740	425	4485
5740	575	4462
5740	710	4430
5740	710	4509
5740	695	4718
5740	1385	4900
5740	1100	4677
5740	1100	4711
5740	980	4581
5740	1250	4621
5740	790	4774
5740	575	4549
5740	710	4554
5740	1105	4777
5740	980	4615
5740	575	4432
5740	980	4407
5740	1100	4664
5740	1105	4799
5740	1100	4673
5740	830	4708
5740	830	4507
5740	830	4553
5740	1315	4803
5740	790	4562
5740	1100	4892
5740	790	4606
5740	965	4505
5740	575	4517
5740	1100	4735
5740	1100	4644
5740	1100	4777
5740	1195	4714
5740	1100	4836
5740	1335	5001
5740	1115	4616
5740	1250	4856
5740	1385	4851
5740	1385	4804
5740	1115	4730
5740	1315	4869
5740	1100	4821
5740	1115	4854
5740	965	4741
5740	1385	4953
5740	575	4572
5740	1100	4786
5740	1100	4818
5740	1250	4923
5740	965	4658
5740	1105	4848
5740	1100	4764
5740	1195	4871
5740	1250	4995
5740	1250	4931
5740	1435	4880
5740	1105	4740
5740	1390	4765
5740	965	4656
5740	1100	4810
5740	1105	4935
5740	1315	4835
5740	1105	4892
5740	1315	4915
5740	1420	5162
5740	1505	4964
5740	1410	5125
5740	1505	5059
5740	1410	5076
5740	1385	4952
5740	1390	4975
5740	1335	4963
5740	1385	5023
5740	1315	4728
5740	1470	5105
5740	1315	4977
5740	1115	4837
5740	1385	4954
5740	1435	5057
5740	1385	4818
5740	1525	5343
5740	1390	5016
5740	1420	4964
5740	1470	5064
5740	1335	4986
5740	1635	5263
5740	1335	4758
5740	965	4768
5740	1315	4984
5740	1250	4915
5740	1195	4704
5740	1620	5247
5740	1435	5100
5740	1390	5185
5740	1470	4975
5740	1505	5139
5740	1620	5284
5740	1315	5095
5740	1820	5574
5740	1535	5172
5740	1195	5018
5740	1435	5210
5740	1505	5102
5740	1535	5221
5740	1435	4988
5740	1410	5028
5740	1390	5096
5740	1435	5219
5740	1525	5417
5740	1335	5059
5740	1420	5061
5740	1470	5041
5740	1420	4872
5740	1505	5225
5740	1470	5115
5740	1385	5221
5740	1470	5195
5740	1470	5048
5740	1525	5170
5740	1435	5271
5740	1435	5127
5740	1470	5020
5740	1535	5366
5740	1435	5285
5740	1620	5386
5740	1335	4971
5740	1535	5294
5740	1505	5281
5740	1525	5222
5740	1530	5261
5740	1525	5294
5740	1705	5528
5740	1630	5449
5740	1720	5503
5740	1620	5291
5740	1535	5307
5740	1735	5564
5740	1635	5313
5740	1505	5221
5740	1630	5369
5740	1635	5427
5740	1735	5509
5740	1530	5406
5740	1470	5036
5740	1470	5159
5740	1620	5385
5740	1620	5329
5740	1470	5279
5740	1505	5170
5740	1720	5520
5740	1535	5399
5740	1530	5349
5740	1470	5165
5740	1820	5524
5740	1810	5491
5740	1720	5545
5740	1635	5506
5740	2035	5590
5740	1830	5579
5740	1820	5519
5740	2510	5714
5740	2320	5655
5740	1830	5504
5740	1830	5513
5740	2510	5714
5740	1830	5546
5740	5740	5740
5740	5740	5740
5740	1635	5451
5740	1630	5474
5740	5740	5740
5740	2510	5714
5740	1635	5546
5740	1635	5623
5740	1920	5590
5740	2020	5624
5740	3835	5730
5740	1830	5568
5740	1630	5493
5740	2035	5677
5740	2035	5686
5740	5740	5740
5740	1735	5584
5740	1735	5525
5740	5740	5740
5740	5740	5740
5740	5740	5740
5740	5740	5740
5740	5740	5740
5740	2510	5663
5740	5740	5740
5740	5740	5740
5740	5740	5740
5740	5740	5740
5740	5740	5740
5740	2320	5680
5740	5740	5740
5740	5740	5740
5740	2035	5563
5740	5740	5740
5740	5740	5740
5740	5740	5740
5740	5740	5740
5740	5740	5740
5740	5740	5740
5740	5740	5740
5740	5740	5740
5740	5740	5740
5740	5740	5740
5740	5740	5740
5740	5740	5740
5740	5740	5740
5740	5740	5740
5740	2035	5563
5740	5740	5740
5740	2035	5721
5740	5740	5740
5740	5740	5740
5740	5740	5740
5740	5740	5740
5740	5740	5740
5740	5740	5740
5740	5740	5740
5740	5740	5740
5740	5740	5740
5740	5740	5740
5740	5740	5740
5740	5740	5740
5740	5740	5740
5740	5740	5740
5740	5740	5740
5740	5740	5740
5740	5740	5740
5740	5740	5740
5740	5740	5740
5740	5740	5740
5740	5740	5740
5740	5740	5740
5740	5740	5740
5740	5740	5740
5740	5740	5740
5740	5740	5740
5740	5740	5740
5740	5740	5740
5740	5740	5740
5740	5740	5740
5740	5740	5740
5740	5740	5740
5740	5740	5740
5740	5740	5740
5740	5740	5740
5740	5740	5740
5740	5740	5740
5740	5740	5740
5740	5740	5740
5740	5740	5740
5740	5740	5740
5740	5740	5740
5740	5740	5740
5740	5740	5740
5740	5740	5740
5740	5740	5740
5740	5740	5740
5740	5740	5740
5740	5740	5740
5740	5740	5740
5740	5740	5740
5740	5740	5740
5740	5740	5740
5740	5740	5740
5740	5740	5740
5740	5740	5740
5740	5740	5740
5740	5740	5740
5740	5740	5740
5740	5740	5740
5740	5740	5740
5740	5740	5740
5740	5740	5740
5740	5740	5740
5740	5740	5740
5740	5740	5740
5740	5740	5740
5740	5740	5740
5740	5740	5740
5740	5740	5740
5740	5740	5740
5740	5740	5740
5740	5740	5740
5740	5740	5740
5740	5740	5740
5740	5740	5740
5740	5740	5740
5740	5740	5740
5740	5740	5740
5740	5740	5740
5740	5740	5740
5740	5740	5740
5740	5740	5740
5740	5740	5740
5740	5740	5740
5740	5740	5740
5740	5740	5740
5740	5740	5740
5740	5740	5740
5740	5740	5740
5740	5740	5740
5740	5740	5740
5740	5740	5740
5740	5740	5740
5740	5740	5740
5740	5740	5740
5740	5740	5740
5740	5740	5740
5740	5740	5740
5740	5740	5740
5740	5740	5740
5740	5740	5740
5740	5740	5740
5740	5740	5740
5740	5740	5740
5740	5740	5740
5740	5740	5740
5740	5740	5740
5740	5740	5740
5740	5740	5740
5740	5740	5740
5740	5740	5740
5740	5740	5740
5740	5740	5740
5740	5740	5740
5740	5740	5740
5740	5740	5740
5740	5740	5740
5740	5740	5740
5740	5740	5740
5740	5740	5740
5740	5740	5740
5740	5740	5740
5740	5740	5740
5740	5740	5740
5740	5740	5740
5740	5740	5740
5740	5740	5740
5740	5740	5740
5740	5740	5740
5740	5740	5740
5740	5740	5740
5740	5740	5740
5740	5740	5740
5740	5740	5740
5740	5740	5740
5740	5740	5740
5740	5740	5740
5740	5740	5740
5740	5740	5740
5740	5740	5740
5740	5740	5740
5740	5740	5740
5740	5740	5740
5740	5740	5740
5740	5740	5740
5740	5740	5740
5740	5740	5740
5740	5740	5740
5740	5740	5740
5740	5740	5740
5740	5740	5740
5740	5740	5740
5740	5740	5740
5740	5740	5740
5740	5740	5740
5740	5740	5740
5740	5740	5740
5740	5740	5740
5740	5740	5740
5740	5740	5740
5740	5740	5740
5740	5740	5740
5740	5740	5740
5740	5740	5740
5740	5740	5740
5740	5740	5740
5740	5740	5740
5740	5740	5740
5740	5740	5740
5740	5740	5740
5740	5740	5740
5740	5740	5740
5740	5740	5740
5740	5740	5740
5740	5740	5740
5740	5740	5740
5740	5740	5740
5740	5740	5740
5740	5740	5740
5740	5740	5740
5740	5740	5740
5740	5740	5740
5740	5740	5740
5740	5740	5740
5740	5740	5740
5740	5740	5740
5740	5740	5740
5740	5740	5740
5740	5740	5740
5740	5740	5740
5740	5740	5740
5740	5740	5740
5740	5740	5740
5740	5740	5740
5740	5740	5740
5740	5740	5740
5740	5740	5740
5740	5740	5740
5740	5740	5740
5740	5740	5740
5740	5740	5740
5740	5740	5740
5740	5740	5740
5740	5740	5740
5740	5740	5740
5740	5740	5740
5740	5740	5740
5740	5740	5740
5740	5740	5740
5740	5740	5740
5740	5740	5740
5740	5740	5740
5740	5740	5740
5740	5740	5740
5740	5740	5740
5740	5740	5740
5740	5740	5740
5740	5740	5740
5740	5740	5740
5740	5740	5740
5740	5740	5740
5740	5740	5740
5740	5740	5740
5740	5740	5740
5740	5740	5740
5740	5740	5740
5740	5740	5740
5740	5740	5740
5740	5740	5740
5740	5740	5740
5740	5740	5740
5740	5740	5740
5740	5740	5740
5740	5740	5740
5740	5740	5740
5740	5740	5740
5740	5740	5740
5740	5740	5740
5740	5740	5740
5740	5740	5740
5740	5740	5740
5740	5740	5740
5740	5740	5740
5740	5740	5740
5740	5740	5740
5740	5740	5740
5740	5740	5740
5740	5740	5740
5740	5740	5740
5740	5740	5740
5740	5740	5740
5740	5740	5740
5740	5740	5740
5740	5740	5740
5740	5740	5740
5740	5740	5740
5740	5740	5740
5740	5740	5740
5740	5740	5740
5740	5740	5740
5740	5740	5740
5740	5740	5740
5740	5740	5740
5740	5740	5740
5740	5740	5740
5740	5740	5740
5740	5740	5740
5740	5740	5740
5740	5740	5740
5740	5740	5740
5740	5740	5740
5740	5740	5740
5740	5740	5740
5740	5740	5740
5740	5740	5740
5740	5740	5740
5740	5740	5740
5740	5740	5740
5740	5740	5740
5740	5740	5740
5740	5740	5740
5740	5740	5740
5740	5740	5740
5740	5740	5740
5740	5740	5740
5740	5740	5740
5740	5740	5740
5740	5740	5740
5740	5740	5740
5740	5740	5740
5740	5740	5740
5740	5740	5740
5740	5740	5740
5740	5740	5740
5740	5740	5740
5740	5740	5740
5740	5740	5740
5740	5740	5740
5740	5740	5740
5740	5740	5740
5740	5740	5740
5740	5740	5740
5740	5740	5740
5740	5740	5740
5740	5740	5740
5740	5740	5740
5740	5740	5740
5740	5740	5740
5740	5740	5740
5740	5740	5740
5740	5740	5740
5740	5740	5740
5740	5740	5740
5740	5740	5740
5740	5740	5740
5740	5740	5740
5740	5740	5740
5740	5740	5740
5740	5740	5740
5740	5740	5740
5740	5740	5740
5740	5740	5740
5740	5740	5740
5740	5740	5740
5740	5740	5740
5740	5740	5740
5740	5740	5740
5740	5740	5740
5740	5740	5740
5740	5740	5740
5740	5740	5740
5740	5740	5740
5740	5740	5740
5740	5740	5740
5740	5740	5740
5740	5740	5740
5740	5740	5740
5740	5740	5740
5740	5740	5740
5740	5740	5740
5740	5740	5740
5740	5740	5740
5740	5740	5740
5740	5740	5740
5740	5740	5740
5740	5740	5740
5740	5740	5740
5740	5740	5740
5740	5740	5740
5740	5740	5740
5740	5740	5740
5740	5740	5740
5740	5740	5740
5740	5740	5740
5740	5740	5740
5740	5740	5740
5740	5740	5740
5740	5740	5740
5740	5740	5740
5740	5740	5740
5740	5740	5740
5740	5740	5740
5740	5740	5740
5740	5740	5740
5740	5740	5740
5740	5740	5740
5740	5740	5740
5740	5740	5740
5740	5740	5740
5740	5740	5740
5740	5740	5740
5740	5740	5740
5740	5740	5740
5740	5740	5740
5740	5740	5740
5740	5740	5740
5740	5740	5740
5740	5740	5740
5740	5740	5740
5740	5740	5740
5740	5740	5740
5740	5740	5740
5740	5740	5740
5740	5740	5740
5740	5740	5740
5740	5740	5740
5740	5740	5740
5740	5740	5740
5740	5740	5740
5740	5740	5740
5740	5740	5740
5740	5740	5740
5740	5740	5740
5740	5740	5740
5740	5740	5740
5740	5740	5740
5740	5740	5740
5740	5740	5740
5740	5740	5740
5740	5740	5740
5740	5740	5740
5740	5740	5740
5740	5740	5740
5740	5740	5740
5740	5740	5740
5740	5740	5740
5740	5740	5740
5740	5740	5740
5740	5740	5740
5740	5740	5740
5740	5740	5740
5740	5740	5740
5740	5740	5740
5740	5740	5740
5740	5740	5740
5740	5740	5740
5740	5740	5740
5740	5740	5740
5740	5740	5740
5740	5740	5740
5740	5740	5740
5740	5740	5740
5740	5740	5740
5740	5740	5740
5740	5740	5740
5740	5740	5740
5740	5740	5740
5740	5740	5740
5740	5740	5740
5740	5740	5740
5740	5740	5740
5740	5740	5740
5740	5740	5740
5740	5740	5740
5740	5740	5740
5740	5740	5740
5740	5740	5740
5740	5740	5740
5740	5740	5740
5740	5740	5740
5740	5740	5740
5740	5740	5740
5740	5740	5740
5740	5740	5740
5740	5740	5740
5740	5740	5740
5740	5740	5740
5740	5740	5740
5740	5740	5740
5740	5740	5740
5740	5740	5740
5740	5740	5740
5740	5740	5740
5740	5740	5740
5740	5740	5740
5740	5740	5740
5740	5740	5740
5740	5740	5740
5740	5740	5740
5740	5740	5740
5740	5740	5740
5740	5740	5740
5740	5740	5740
5740	5740	5740
5740	5740	5740
5740	5740	5740
5740	5740	5740
5740	5740	5740
5740	5740	5740
5740	5740	5740
5740	5740	5740
5740	5740	5740
5740	5740	5740
5740	5740	5740
5740	5740	5740
5740	5740	5740
5740	5740	5740
5740	5740	5740
5740	5740	5740
5740	5740	5740
5740	5740	5740
5740	5740	5740
5740	5740	5740
5740	5740	5740
5740	5740	5740
5740	5740	5740
5740	5740	5740
5740	5740	5740
5740	5740	5740
5740	5740	5740
5740	5740	5740
5740	5740	5740
5740	5740	5740
5740	5740	5740
5740	5740	5740
5740	5740	5740
5740	5740	5740
5740	5740	5740
5740	5740	5740
5740	5740	5740
5740	5740	5740
5740	5740	5740
5740	5740	5740
5740	5740	5740
5740	5740	5740
5740	5740	5740
5740	5740	5740
5740	5740	5740
5740	5740	5740
5740	5740	5740
5740	5740	5740
5740	5740	5740
5740	5740	5740
5740	5740	5740
5740	5740	5740
5740	5740	5740
5740	5740	5740
5740	5740	5740
5740	5740	5740
5740	5740	5740
5740	5740	5740
5740	5740	5740
5740	5740	5740
5740	5740	5740
5740	5740	5740
5740	5740	5740
5740	5740	5740
5740	5740	5740
5740	5740	5740
5740	5740	5740
5740	5740	5740
5740	5740	5740
5740	5740	5740
5740	5740	5740
5740	5740	5740
5740	5740	5740
5740	5740	5740
5740	5740	5740
5740	5740	5740
5740	5740	5740
5740	5740	5740
5740	5740	5740
5740	5740	5740
5740	5740	5740
5740	5740	5740
5740	5740	5740
5740	5740	5740
5740	5740	5740
5740	5740	5740
5740	5740	5740
5740	5740	5740
5740	5740	5740
5740	5740	5740
5740	5740	5740
5740	5740	5740
5740	5740	5740
5740	5740	5740
5740	5740	5740
5740	5740	5740
5740	5740	5740
5740	5740	5740
5740	5740	5740
5740	5740	5740
5740	5740	5740
5740	5740	5740
5740	5740	5740
5740	5740	5740
5740	5740	5740
5740	5740	5740
5740	5740	5740
5740	5740	5740
5740	5740	5740
5740	5740	5740
5740	5740	5740
5740	5740	5740
5740	5740	5740
5740	5740	5740
5740	5740	5740
5740	5740	5740
5740	5740	5740
5740	5740	5740
5740	5740	5740
5740	5740	5740
5740	5740	5740
5740	5740	5740
5740	5740	5740
5740	5740	5740
5740	5740	5740
5740	5740	5740
5740	5740	5740
5740	5740	5740
5740	5740	5740
5740	5740	5740
5740	5740	5740
5740	5740	5740
5740	5740	5740
5740	5740	5740
5740	5740	5740
5740	5740	5740
