-50925	-53425	-55760
-46360	-51815	-50263
-46360	-55820	-51453
-46360	-53010	-50060
-46360	-54360	-50282
-46360	-50340	-48958
-46360	-51900	-48602
-46360	-53365	-49392
-46360	-51035	-48502
-46360	-53385	-49450
-46360	-57545	-49856
-46360	-61615	-51218
-46360	-53040	-49112
-46360	-57580	-50777
-46360	-54255	-49701
-46360	-61880	-52539
-46360	-54790	-49899
-46360	-51760	-48818
-46360	-51520	-49149
-46360	-51960	-48884
-46360	-57580	-49664
-46360	-55625	-49824
-46360	-51900	-48422
-46360	-56895	-50634
-46360	-54445	-48537
-46360	-51635	-48939
-46360	-51535	-48321
-46360	-54890	-49915
-46360	-57480	-50800
-46360	-52495	-48632
-46360	-57630	-50979
-46360	-56110	-50189
-46360	-55055	-49589
-46360	-53520	-48993
-46360	-55280	-48930
-46360	-56270	-49776
-32155	-52320	-46649
-32155	-55690	-48425
-32155	-52405	-46628
-32155	-50365	-46507
-32155	-54635	-47812
-32155	-51955	-47090
-32155	-57270	-48311
-32155	-52280	-47412
-32155	-55420	-48475
-32155	-53900	-47645
-32155	-53220	-46875
-32155	-55055	-48032
-32155	-53255	-47135
-32155	-51500	-47219
-32155	-54545	-48096
-32155	-55845	-47742
-32155	-54555	-47716
-32155	-53750	-46822
-32155	-61315	-47435
-32155	-56945	-47282
-32155	-58775	-46441
-32155	-55245	-47138
-32155	-55440	-46352
-32155	-53760	-46387
-32155	-57270	-47961
-32155	-60050	-46958
-32155	-56140	-47481
-32155	-52810	-46294
-32155	-53855	-46254
-32155	-52500	-46349
-32155	-57610	-47194
-32155	-54695	-47084
-32155	-56715	-47349
-32155	-52585	-45801
-32155	-56790	-47324
-32155	-50845	-45596
-32155	-51060	-45513
-32155	-56305	-47124
-32155	-53045	-46108
-32155	-51695	-45768
-32155	-55830	-46286
-32155	-54440	-46496
-32155	-52380	-45385
-32155	-55920	-47127
-32155	-61255	-47365
-32155	-56200	-47097
-32155	-55285	-46239
-32155	-56400	-46431
-32155	-53990	-46757
-32155	-61120	-48307
-29305	-53030	-44086
-29305	-55700	-45341
-29305	-55820	-45982
-29305	-55475	-44498
-29305	-56400	-45685
-29305	-61690	-47333
-29305	-56100	-45697
-29305	-51905	-43974
-29305	-53870	-44447
-29305	-55630	-44752
-29305	-51190	-43029
-29305	-51790	-43037
-29305	-54005	-44755
-29305	-54365	-44227
-29305	-52400	-43762
-29305	-60625	-46558
-29305	-49855	-42941
-29305	-53845	-43740
-29305	-57780	-45155
-29305	-53295	-43808
-29305	-60310	-44522
-29305	-55165	-42936
-29305	-55650	-44324
-29305	-54520	-43893
-29305	-58655	-43799
-29305	-60180	-44892
-29305	-55880	-44100
-29305	-55320	-43199
-29305	-51720	-42769
-29305	-57680	-45006
-29305	-50760	-41150
-29305	-56385	-42874
-29305	-49400	-39149
-29305	-55025	-42555
-29305	-54375	-42996
-29305	-56715	-43500
-29305	-53340	-42772
-29305	-53580	-39573
-29305	-52170	-41735
-29305	-53410	-41845
-29305	-55690	-42733
-29305	-53925	-41828
-29305	-52855	-41900
-29305	-57630	-42370
-29305	-57580	-43479
-29305	-52645	-41555
-29305	-57840	-41480
-29305	-57520	-43434
-29305	-55770	-41739
-29305	-51165	-39508
-29305	-56750	-41041
-29305	-52880	-40532
-29305	-52135	-41209
-29305	-50555	-40372
-29305	-55510	-42431
-29305	-52770	-41163
-29305	-61960	-44040
-29305	-52370	-41250
-29305	-51450	-40670
-29305	-53995	-41666
-29305	-53790	-41729
-29305	-52825	-40995
-29305	-60280	-42875
-29305	-53680	-40930
-29305	-52970	-39712
-29305	-51925	-41404
-29305	-55830	-42797
-29305	-55480	-41038
-29305	-54765	-41042
-29305	-53275	-41242
-29305	-52030	-41248
-29305	-56830	-41826
-29305	-51650	-39546
-29305	-53540	-41042
-29305	-61810	-43472
-29305	-52955	-40862
-29305	-55085	-42039
-29305	-52120	-41077
-29305	-52475	-41033
-29305	-51450	-40693
-29305	-56665	-42952
-29305	-56490	-41390
-29305	-53425	-41060
-29305	-56945	-43050
-29305	-53225	-39930
-29305	-58920	-42140
-29305	-57035	-41504
-29305	-54320	-41639
-29305	-56080	-41693
-29305	-49055	-39626
-29305	-52450	-40918
-29305	-51550	-40168
-29305	-52275	-40825
-29305	-57440	-42277
-29305	-51955	-41279
-29305	-52485	-41298
-29305	-55560	-40133
-29305	-51350	-40644
-29305	-56300	-41580
-29305	-56205	-41579
-29305	-55315	-41474
-29305	-55825	-41691
-29305	-52390	-41174
-29305	-52525	-41159
-29305	-54050	-41694
-29305	-53545	-38774
-29305	-50485	-40391
-29305	-53165	-41241
-29305	-54230	-41331
-29305	-60860	-43199
-29305	-56185	-42369
-29305	-51035	-39824
-29305	-56055	-43395
-29305	-54780	-40627
-29305	-55730	-42364
-29305	-52090	-40892
-29305	-53320	-41689
-29305	-59355	-42173
-29305	-57610	-42250
-29305	-53530	-40940
-29305	-58555	-42024
-29305	-55940	-42594
-29305	-50730	-40560
-29305	-54870	-41569
-29305	-55850	-42203
-29305	-54350	-41476
-29305	-53940	-41480
-29305	-56945	-41835
-29305	-59040	-42030
-29305	-54925	-40684
-29305	-52385	-40617
-29305	-53165	-41615
-29305	-58635	-42110
-29305	-55150	-42001
-29305	-54105	-41572
-29305	-51115	-38854
-29305	-56045	-42044
-29305	-57140	-42385
-29305	-49920	-40133
-29305	-51280	-40277
-29305	-57120	-41892
-29305	-56875	-41855
-29305	-55080	-42150
-29305	-52230	-40547
-29305	-51775	-40433
-21880	-55200	-39070
-21880	-52210	-40451
-21880	-51515	-39300
-21880	-51140	-38405
-21880	-54295	-41125
-21880	-54510	-40359
-21880	-54080	-40513
-21880	-51885	-37841
-21880	-58040	-41849
-21880	-56210	-40107
-21880	-54985	-40264
-21880	-56440	-40801
-21880	-53030	-40017
-21880	-53055	-40042
-21880	-52200	-39931
-21880	-54010	-40830
-21880	-55400	-41075
-21880	-52900	-40249
-21880	-55180	-40676
-21880	-57925	-41991
-21880	-61490	-42792
-21880	-55880	-40526
-21880	-52990	-40073
-16915	-53130	-36641
-16915	-56410	-39321
-16915	-51985	-38129
-16915	-53285	-39164
-16915	-52535	-38324
-16915	-51425	-37617
-16915	-60780	-41978
-16915	-55610	-37951
-16915	-50245	-36229
-16915	-55590	-39833
-16915	-52030	-35386
-16915	-53095	-37779
-16915	-54430	-36300
-16915	-55960	-38298
-16915	-50640	-36413
-16915	-56205	-38007
-16915	-52045	-35818
-16915	-52580	-35513
-16915	-57560	-38802
-16915	-54900	-38569
-16915	-54740	-35225
-16915	-55520	-37285
-16915	-53890	-37593
-16915	-54675	-36567
-16915	-55755	-38201
-16915	-54620	-34283
-16915	-56080	-36643
-16915	-58530	-38668
-16915	-53375	-34601
-16915	-50260	-31739
-16915	-55450	-37812
-16915	-59450	-38896
-16915	-55145	-37292
-16915	-55030	-36709
-16915	-52810	-33541
-16915	-53140	-35644
-16915	-57020	-36776
-16915	-50780	-35077
-16915	-53300	-35915
-16915	-55520	-33683
-16915	-55880	-36869
-16915	-53065	-31489
-16915	-51060	-33877
-16915	-54745	-36570
-16915	-56990	-37614
-16915	-54170	-36026
-16915	-52485	-33358
-16915	-53355	-35818
-16915	-50325	-34244
-16915	-53055	-33803
-16915	-50400	-35377
-16915	-50630	-33006
-16915	-58745	-37535
-16915	-51605	-32773
-16915	-56880	-37592
-16915	-54640	-36736
-16915	-56285	-37805
-16915	-57680	-37610
-16915	-52505	-33226
-16915	-55105	-36889
-16915	-53235	-33532
-16915	-52345	-32463
-16915	-52775	-35262
-16915	-58690	-36927
-16915	-53580	-35452
-16915	-51045	-32007
-16915	-56925	-37202
-16915	-53680	-35125
-16915	-56100	-35916
-16915	-55450	-36577
-16915	-53885	-35675
-16915	-54140	-32112
-16915	-53095	-26784
-16915	-53995	-35400
-16915	-50760	-33454
-16915	-52845	-34966
-16915	-48540	-29620
-16915	-54050	-34975
-16915	-55820	-35583
-16915	-54395	-35755
-16915	-54390	-35611
-16915	-57745	-35058
-16915	-56580	-35488
-14815	-50040	-24374
-14815	-52235	-31098
-14815	-52285	-33390
-14815	-57555	-34000
-14815	-51735	-32814
-14815	-53305	-33066
-14815	-51860	-33619
-14815	-50135	-30353
-14815	-54165	-34671
-14815	-51005	-31257
-14815	-53940	-32222
-14815	-51475	-30349
-14815	-51395	-29893
-14815	-56380	-34125
-14815	-52425	-30335
-14815	-51835	-27360
-14815	-56130	-35045
-14815	-49515	-32285
-14720	-55485	-27505
-14720	-54500	-33371
-14720	-50425	-32677
-14720	-52755	-33570
-14720	-53125	-32940
-14720	-56910	-32209
-14720	-55670	-33405
-14720	-55160	-33899
-14720	-53390	-33556
-14720	-50590	-32606
-14720	-53385	-32575
-14720	-55820	-34402
-14720	-57990	-35026
-14720	-50895	-29367
-14720	-55120	-32112
-14720	-53370	-29752
-14720	-49450	-31554
-14720	-51765	-32344
-14720	-52550	-31380
-14720	-56050	-34425
-14720	-53885	-33573
-14720	-55760	-32638
-14720	-55250	-32527
-14720	-51180	-31557
-14720	-55820	-34486
-14720	-52090	-32757
-14720	-49560	-27290
-14720	-52170	-29635
-14720	-54415	-33669
-14720	-51010	-32388
-14720	-51455	-33181
-14720	-55320	-33823
-14720	-54670	-33986
-14720	-55850	-31175
-14720	-56805	-34229
-14675	-51440	-29418
-14675	-52810	-32558
-14675	-55860	-33984
-14675	-58690	-34257
-14675	-56035	-33596
-14675	-49275	-30773
-14675	-50490	-32193
-14675	-52460	-32383
-14675	-51255	-29877
-14675	-57505	-34649
-14675	-52045	-32290
-14675	-57285	-33476
-14675	-54825	-33459
-14675	-56310	-34214
-14675	-53130	-32853
-14675	-56775	-33912
-14675	-51590	-29090
-14675	-55460	-32973
-14675	-53855	-33675
-14675	-54075	-32913
-14675	-55030	-33889
-14675	-50510	-31898
-14675	-49800	-27084
-14675	-51140	-32541
-14675	-51710	-28982
-14675	-50365	-32299
-14675	-52210	-29909
-14675	-54400	-33479
-14675	-54395	-32881
-14675	-60205	-30425
-14675	-53795	-28527
-14675	-51180	-24204
-14675	-60745	-34689
-14675	-59900	-34641
-14675	-51365	-32447
-14675	-51230	-32899
-14675	-51600	-32337
-14675	-56975	-28571
-14675	-56115	-33486
-14675	-55120	-33598
-14675	-50265	-32369
-14675	-50230	-30570
-14675	-55620	-33271
-14675	-51700	-29318
-14350	-60810	-31932
-14350	-60080	-32394
-14350	-55080	-33319
-14350	-48685	-30008
-14350	-51850	-32533
-14350	-49085	-28184
-14350	-53860	-27812
-14350	-49480	-28708
-14350	-50835	-28813
-14350	-50325	-32347
-14350	-49855	-29296
-14350	-59150	-34242
-14350	-51950	-30506
-14350	-50470	-28743
-14350	-55150	-31337
-14350	-51020	-32143
-14350	-56910	-30627
-14350	-55930	-30851
-14350	-51075	-29400
-14350	-50815	-32404
-14350	-54070	-32884
-14350	-51665	-32115
-14350	-49330	-28577
-14350	-55745	-29780
-14350	-58780	-32807
-14350	-51150	-29314
-14350	-54200	-33118
-14350	-51790	-31553
-14350	-51320	-31758
-14350	-52345	-29972
-14350	-51510	-25852
-14350	-55190	-29955
-14350	-49985	-28016
-14350	-52985	-32559
-14350	-58995	-31012
-14350	-50465	-32230
-14350	-50975	-29689
-14350	-54155	-32389
-14350	-50175	-31566
-14350	-49365	-28153
-14350	-56485	-33047
-14350	-53615	-32579
-14350	-60265	-35326
-14350	-52485	-28255
-14350	-51960	-28957
-14350	-50970	-26811
-14350	-55360	-30995
-14350	-49585	-30485
-14350	-50600	-30757
-14350	-56645	-33180
-14350	-57500	-33860
-14350	-53140	-33234
-14350	-52020	-32506
-14350	-53455	-32629
-14350	-55045	-33113
-14350	-53265	-32232
-14350	-49980	-30576
-14350	-53205	-29185
-14350	-48120	-25103
-14350	-52945	-29632
-14350	-49620	-31156
-14350	-54755	-32269
-14350	-50875	-30979
-14350	-51830	-32657
-14350	-54090	-33148
-14350	-55790	-33093
-14350	-51330	-29450
-14350	-54680	-30176
-14350	-53195	-30523
-14350	-49610	-28538
-14350	-49560	-31560
-14350	-52830	-32454
-14350	-53505	-29774
-14350	-56145	-33595
-14350	-54820	-33074
-14350	-56615	-33976
-14350	-51785	-28817
-14350	-49480	-28946
-14350	-53115	-32415
-12975	-53430	-29746
-12975	-57540	-30456
-12975	-56385	-29613
-12975	-52200	-32427
-12975	-51905	-32332
-12975	-55900	-32993
-12975	-50285	-31662
-12975	-52180	-31575
-12975	-50955	-28567
-12975	-53735	-32390
-12975	-55750	-33185
-12975	-59230	-33873
-12975	-57770	-30650
-12975	-53915	-30798
-12975	-51320	-31564
-12975	-55305	-30020
-12975	-53780	-28788
-12975	-48215	-30532
-12975	-54275	-32344
-12975	-50905	-25724
-12975	-52105	-31709
-12975	-50185	-30974
-12975	-51355	-32013
-12975	-51480	-28988
-12975	-52435	-31971
-12975	-51355	-30274
-12975	-56300	-31673
-12975	-52940	-32100
-12975	-52800	-32287
-12975	-61710	-34815
-12975	-52420	-32002
-12975	-50785	-28394
-12975	-54900	-33052
-12975	-54380	-31999
-12975	-51310	-31904
-12975	-53065	-29249
-12975	-52560	-31218
-12975	-55265	-32588
-12975	-52925	-28473
-12975	-51915	-29260
-12975	-55620	-33138
-12975	-54995	-32624
-12975	-52240	-32622
-12975	-52360	-33017
-12975	-55620	-31626
-12975	-49160	-28245
-12975	-50935	-29037
-12975	-54735	-32223
-12975	-53360	-27443
-12975	-56960	-29735
-12975	-52795	-28069
-12975	-54290	-32316
-12975	-61075	-27747
-12975	-52205	-32483
-12975	-54610	-29003
-12975	-53780	-29301
-12975	-50125	-31964
-12975	-52815	-30567
-12975	-50875	-28809
-12975	-51085	-24892
-12975	-52420	-29429
-12975	-50355	-29050
-12975	-50915	-32009
-12975	-56815	-33162
-12975	-55805	-29925
-12975	-52950	-31789
-12975	-53570	-32692
-12975	-51020	-26514
-12975	-49985	-30675
-12975	-48180	-27409
-12975	-55580	-33697
-12975	-56140	-29075
-12975	-51535	-31936
-12975	-51245	-29469
-12975	-49165	-27386
-12975	-56280	-30826
-12975	-52375	-32957
-12975	-52620	-31364
-12975	-53555	-31613
-12975	-53190	-32270
-12975	-57510	-30637
-12975	-55870	-34250
-12975	-50040	-31833
-12975	-52205	-29694
-12975	-50905	-25402
-12975	-57500	-29258
-12975	-52310	-32258
-12975	-50750	-29204
-12975	-53020	-32385
-12975	-52700	-29632
-12975	-51480	-31433
-12975	-54405	-32750
-12975	-57460	-33245
-12975	-54400	-32711
-12975	-51615	-31116
-12975	-51525	-28933
-12975	-51760	-32214
-12975	-51930	-30832
-12975	-60430	-33862
-12975	-51760	-30590
-12975	-52190	-32028
-12975	-49925	-26760
-12975	-51555	-28922
-12975	-51555	-30987
-12975	-53680	-32550
-12975	-57550	-28783
-12975	-52080	-32333
-12975	-52965	-32367
-12975	-51075	-28899
-12975	-60685	-33596
-12975	-52395	-32079
-12975	-51115	-30962
-12975	-50340	-27813
-12975	-58875	-34504
-12975	-50045	-31260
-12975	-53295	-32324
-12975	-52880	-24302
-12975	-52975	-31621
-12975	-50470	-29843
-12975	-55320	-32420
-12975	-52170	-31040
-12975	-51200	-28405
-12975	-49475	-27677
-12975	-51975	-30606
-12975	-56055	-32382
-12975	-49360	-22844
-12975	-51080	-28750
-12975	-51220	-31682
-12975	-55125	-32893
-12975	-52935	-32325
-12975	-50020	-30772
-12975	-55860	-29488
-12975	-51680	-31993
-12975	-51425	-28359
-12975	-52805	-32446
-12975	-51665	-27292
-12975	-51090	-32143
-12975	-52770	-32569
-12975	-53045	-29107
-12975	-51280	-30799
-12975	-50775	-28516
-12975	-53195	-28823
-12975	-50140	-31838
-12975	-52935	-29473
-12975	-49485	-20389
-12975	-51785	-31956
-12975	-50745	-31548
-12975	-50920	-31197
-12975	-50380	-27926
-12975	-52445	-31954
-12975	-53420	-31326
-12975	-49210	-27835
-12975	-59130	-32936
-12975	-52065	-32284
-12975	-53065	-32698
-12975	-51610	-32368
-12975	-52575	-29757
-12975	-51560	-29772
-12975	-51735	-26713
-12975	-47460	-25136
-12975	-56900	-33127
-12975	-51235	-30756
-12975	-51220	-28533
-12975	-52810	-27596
-12975	-52890	-29174
-12975	-51100	-22235
-12975	-55095	-29655
-12975	-50810	-31530
-12975	-51300	-32093
-12975	-51280	-28607
-12975	-50600	-27473
-12975	-53435	-30207
-12975	-51885	-30539
-12975	-54860	-32245
-12975	-53370	-27762
-12975	-51295	-30499
-12975	-59650	-32408
-12975	-50920	-25971
-12975	-54820	-32906
-12975	-50540	-29028
-12975	-51500	-28274
-12975	-51455	-26851
-12975	-52395	-32050
-12975	-57245	-31877
-12975	-49945	-29834
-12975	-50600	-23587
-12975	-55085	-33326
-12975	-55160	-32569
-12975	-51595	-28649
-12975	-51735	-24119
-12975	-57305	-33572
-12975	-50710	-24679
-12975	-56030	-28995
-12975	-51315	-22705
-12975	-56055	-31832
-12975	-52035	-29199
-12975	-54570	-32116
-12975	-52570	-28508
-12975	-51805	-28673
-12975	-51245	-28147
-12975	-52220	-30747
-12975	-49360	-25188
-12975	-51160	-25318
-12975	-51255	-31893
-12975	-54765	-27084
-12975	-54590	-30453
-12975	-54810	-30249
-12975	-51170	-26883
-12975	-49840	-26503
-12975	-53970	-27415
-12975	-51865	-31671
-12975	-52465	-31883
-12975	-51510	-28601
-12975	-56775	-32755
-12975	-49325	-21820
-12975	-55495	-26342
-12975	-51010	-28564
-12975	-51185	-26858
-12975	-57315	-33885
-12975	-55820	-32885
-12975	-51290	-28460
-12975	-48940	-25142
-12975	-53860	-33203
-12975	-49015	-21026
-12975	-51550	-31506
-12975	-50370	-24646
-12975	-51790	-28880
-12975	-50995	-25097
-12975	-55025	-32730
-12975	-50535	-29101
-12975	-50360	-30151
-12975	-49640	-24625
-12975	-49365	-25942
-12975	-52105	-21619
-12975	-51720	-29380
-12975	-53985	-32431
-12975	-59910	-34266
-12975	-54185	-28505
-12975	-51485	-28835
-12975	-52210	-30707
-12975	-48980	-27727
-12975	-51425	-27702
-12975	-51225	-27591
-12975	-57275	-31876
2710	-50465	-23952
2710	-52485	-24347
2710	-54825	-26168
2710	-51130	-26947
2710	-52595	-30422
2710	-51570	-23799
2710	-55760	-23654
2710	-51350	-24195
2710	-52340	-27113
2710	-52330	-30514
2710	-60000	-32386
2710	-51130	-27379
2710	-47150	-19187
2710	-56895	-29364
2710	-52265	-30143
2710	-53550	-26837
2710	-54335	-28284
2710	-53430	-31077
2710	-55720	-30271
2710	-53910	-31205
2710	-57165	-24923
2710	-55720	-28320
2710	-52355	-24658
2710	-50390	-23860
2710	-52115	-30705
2710	-50180	-29574
2710	-38975	-15094
2710	-50685	-25678
2710	-21640	-13453
2710	-51615	-26320
2710	-55140	-31097
2710	-51550	-23113
2710	-49645	-22529
2710	-53080	-27816
2710	-51180	-23449
2710	-54680	-30185
2710	-50470	-19949
2710	-55550	-31725
2710	-53860	-31021
2710	-49295	-26212
2710	-50650	-29520
2710	-55720	-30379
2710	-61745	-28908
2710	-51440	-24362
2710	-50735	-23344
2710	-61275	-28459
2710	-52900	-27384
2710	-52450	-26377
2710	-51605	-26923
2710	-51380	-24614
2710	-51815	-27006
2710	-53230	-27705
2710	-52095	-23068
2710	-51765	-27200
2710	-53525	-25436
2710	-54680	-31498
2710	-52305	-27440
2710	-51120	-24709
2710	-54820	-24268
2710	-54855	-25814
2710	-51315	-25946
2710	-51515	-23491
2710	-52325	-22821
2710	-50015	-26533
2710	-51905	-26463
2710	-53080	-28039
2710	-55690	-31351
2710	-50880	-23661
2710	-54900	-27264
2710	-59615	-31691
2710	-49835	-26324
2710	-52360	-23916
2710	-51815	-26646
2710	-54900	-28348
2710	-55030	-23962
2710	-54465	-30898
2710	-55030	-28316
2710	-53080	-28398
2710	-54760	-29708
2710	-56790	-29682
2710	-54780	-31031
2710	-56410	-25464
2710	-50315	-29621
2710	-52205	-27493
2710	-53080	-28078
4745	-51075	-21183
4745	-51820	-22445
4745	-54995	-25665
4745	-54900	-26357
4745	-52290	-21385
4745	-54660	-27483
4745	-50535	-18733
4745	-52715	-19253
4745	-49715	-20890
4745	-52930	-25470
4745	-54850	-25720
4745	-54780	-28805
4745	-52440	-22377
4745	-51535	-25732
4745	-52240	-26822
4745	-49785	-14295
4745	-51540	-21748
4745	-49185	-21971
4745	-60615	-23099
4745	-51325	-27872
4745	-55840	-22725
4745	-50535	-19299
4745	-51750	-24788
4745	-51510	-21142
4745	-54730	-27233
4745	-51190	-20153
4745	-49920	-27636
4745	-54820	-24717
4745	-54740	-24622
4745	-48945	-17921
4745	-53675	-22178
4745	-52160	-22887
4745	-54460	-21797
4745	-49845	-20462
4745	-54000	-28902
4745	-50985	-19482
4745	-54645	-29542
4745	-50140	-22860
4745	-60565	-26640
4745	-54245	-28485
4745	-51680	-24685
4745	-52910	-28461
4745	-55350	-29418
4745	-58825	-26745
4745	-55880	-28972
4745	-58140	-29946
4745	-49895	-17841
4745	-49350	-21029
4745	-48435	-22826
4745	-53080	-28560
11405	-47635	-15507
11405	-53705	-22221
11405	-47735	-14745
11405	-50345	-14235
11405	-51105	-22970
11405	-48885	-15931
11405	-53350	-19490
11405	-57285	-21004
11405	-52355	-16798
11405	-52355	-17195
11405	-48960	-18876
11405	-52275	-14612
11405	-52075	-19614
11405	-48205	-13102
11405	-49275	-12777
11405	-49020	-12832
11405	-48490	-13287
11405	-49485	-11684
11405	-51720	-19285
11405	-53670	-11216
11405	-51595	-18019
11405	-50505	-9441
11405	-55420	-22280
11405	-51705	-20943
11405	-50335	-9857
11405	-48745	-13599
11405	-50830	-17927
11405	-50385	-17907
11405	-50410	-14165
11405	-52245	-18443
11405	-50545	-16814
11405	-51795	-18010
11405	-40775	-8266
11405	-50915	-17709
11405	-50850	-16258
11405	-51945	-18405
11405	-50385	-14305
11405	-49270	-14373
11405	-50615	-18820
11405	-50135	-17843
11405	-50325	-14533
11405	-51295	-16824
11405	-50430	-11266
11405	-51700	-18071
11405	-50540	-11738
11405	-32580	-6894
11405	-50325	-13026
11405	-50940	-17039
11405	-50775	-11586
11405	-50455	-13508
11405	-49130	-18240
11405	-49535	-13050
11405	-49205	-15790
11405	-53650	-13734
11405	-47150	-7034
11405	-50170	-16660
11405	-48150	-6166
11405	-52145	-20426
11405	-51110	-19731
11405	-50490	-14255
11405	-49405	-13852
11405	-48105	-13605
11405	-51055	-9868
11405	-49205	-13449
11405	-48920	-13409
11405	-51785	-19833
11405	-52275	-19790
11405	-49560	-9857
11405	-52270	-20507
11405	-52355	-15336
11405	-51570	-13523
11405	-50325	-16260
11405	-47510	-7451
11405	-50630	-16272
11405	-47850	-12610
11405	-48635	-11207
11405	-48620	-10090
11405	-51450	-16980
11405	-55190	-18955
11405	-50360	-18624
11405	-59525	-17847
11405	-50420	-13303
11405	-53600	-16244
11405	-52180	-11286
11405	-51435	-15703
11405	-51135	-15856
11405	-50325	-12913
11405	-55935	-13005
11405	-49985	-19722
13845	-50595	-7412
13845	-51560	-12402
13845	-59105	-16772
14045	-50805	-9538
14045	-47175	-9357
14045	-47960	-11263
14045	-51945	-18645
14045	-49935	-13734
14045	-48185	-6946
14045	-51420	-17658
14045	-52950	-15779
14045	-48925	-12497
14045	-51740	-16135
14045	-48715	-12074
14045	-48755	-8798
14045	-50405	-11457
14045	-50085	-13253
14045	-51420	-16118
14045	-51905	-15370
14045	-49645	-11996
14045	-50010	-18547
14045	-54235	-15520
14045	-49045	-12384
14045	-50895	-15109
14045	-59110	-14137
14045	-53530	-11245
14045	-48860	-16244
14045	-49210	-15225
14045	-48955	-11640
14045	-50730	-10060
14045	-48725	-11523
14045	-49135	-7320
14045	-49370	-13295
14045	-49100	-8920
14045	-51520	-11777
14045	-47960	-11241
14045	-48015	-5079
14045	-49975	-5073
14045	-49270	-11487
14045	-49565	-9102
14045	-51550	-12890
14045	-51445	-10362
14045	-30940	-599
14045	-48525	-11655
14045	-48945	-14767
14045	-52140	-12969
14045	-49040	-8476
14045	-48290	-6969
14045	-57670	-19378
14045	-52150	-15446
14045	-48815	-6940
14045	-47960	-10906
14045	-47765	-11551
14045	-51590	-11302
14045	-48900	-10703
14045	-51520	-14931
14045	-24295	3624
14045	-48395	-10499
14045	-51965	-11869
14045	-50145	-14554
14045	-51285	-8389
14045	-48310	-15080
14045	-49560	-2272
14045	-53950	-11994
14045	-48185	-12386
14045	-51485	-14770
14045	-49305	-8513
14045	-50870	-13546
14045	-48515	-12030
14045	-48215	-10560
14045	-49835	-10948
14045	-47375	-8980
14045	-50510	-8124
14045	-48310	-4783
14045	-49830	-15265
14045	-51445	-5561
14045	-48620	-11648
14045	-48000	-2224
14050	-49340	-1263
14050	-49460	-9162
14050	-51510	-11719
14050	-59055	-12803
14050	-40145	-2470
14050	-51815	-10700
14050	-49005	-13149
14050	-50000	-8735
14050	-48310	-4715
14050	-53180	-18134
14050	-51510	-16674
14050	-51380	-10979
14050	-49055	-13850
14050	-47765	-7377
14050	-48355	-6329
14050	-48765	-10895
14050	-49000	-6788
14050	-49620	-7036
14050	-53750	-12491
14050	-50950	-14367
14050	-51520	-14304
14050	-51615	-10812
14050	-49560	-7533
14050	-51515	-11222
14050	-51515	-18011
14050	-48400	-6913
14050	-49735	-17112
14050	-47840	-4455
14050	-51420	-14766
14050	-45895	-3958
14050	-50140	-10868
14050	-58710	-10818
14050	-52425	-12270
14050	-56085	-17665
14050	-48690	-6626
14050	-50850	-10153
14050	-48440	-5553
14050	-57875	-9228
14050	-54615	-15339
14305	-48180	-7323
14305	-47855	-5306
14305	-48310	-7971
14305	-51305	-14156
14305	-47965	-7354
14305	-21395	4239
14305	-51615	-8248
14305	-51305	-13301
14305	-26595	-2077
14305	-48335	-4207
14305	-50210	52
14305	-48715	-11027
14305	-51095	-10872
14305	-50710	-14720
14305	-59325	-20346
14305	-51510	-6314
14305	-51090	-11353
14305	-55820	-19378
14305	-47430	-7446
14305	-51040	-8993
14305	-49270	-8895
14305	-51915	-13939
14305	-50370	-4280
14305	-49415	-4430
14305	-46235	709
14305	-47960	-4720
14305	-49435	-4326
14310	-39590	1332
14310	-49685	-13711
14310	-49410	-11322
14310	-48410	-9078
14310	-52260	-16594
14310	-51510	-5368
14310	-51510	-7422
14310	-51510	-10835
14310	-49830	-2212
14310	-51090	-17354
14310	-48320	-10877
14310	-49570	-7698
14310	-51200	-766
14310	-48315	-10620
14310	-48520	-4201
14310	-22980	4733
14310	-48970	-6709
14310	-17295	5223
14310	-54875	-9149
14310	-52055	-15177
14310	-49050	-6381
14310	-51160	-2177
14310	-20580	4153
14310	-50710	-10104
14310	-35450	-292
14310	-51090	-14111
14310	-51290	-45
14310	-49190	-8285
14310	-49560	-11610
14310	-17125	-40
14310	-51795	-11790
14310	-16635	3185
14310	-51510	-12087
14410	-47755	-4505
14670	-49830	1369
14670	-51410	-5152
15350	-50055	-5191
15350	-48715	-7664
15350	-49870	-9950
15350	-45095	-1869
15350	-47225	-3536
15350	-50285	-4072
15350	-50955	-7957
15350	-48215	-4010
15350	-49560	-4891
15350	-48900	-9529
15350	-43330	-673
15350	-22245	-1691
15350	-57410	-18783
15350	-48860	-10772
15350	-19955	2047
15350	-49090	-7903
15350	-47810	-1315
15350	-42505	-671
15350	-50755	-14419
15350	-33830	1671
15350	-50200	-2949
15350	-53950	-8271
15350	-47240	-1423
15350	-49560	-4290
15350	-46660	-3814
15350	-50000	-10962
15350	-50000	-8540
15350	-49170	-3707
15350	-50000	-2931
15350	-45005	-1018
15610	-39050	3905
15610	-48450	-5962
15610	-18695	5158
17175	-50000	-7449
17175	-47160	-5678
17175	-46560	3490
17175	-53245	-10652
17175	-50000	-5444
17175	-21350	1639
17175	-47475	-2280
17175	-20030	562
17175	-15290	3544
17175	-49990	-11166
19260	-17845	12247
19260	-44805	-6052
19260	-16890	6365
19260	-46660	4854
19260	-46025	1409
19260	-14525	8113
19260	-19530	3693
19260	-47760	3079
19260	-50580	3286
19260	-46930	-4155
19260	-49745	3784
19260	-31040	2638
19260	-13765	8684
19260	-46440	-7846
19260	-24805	3994
19330	-45205	5213
19330	-51200	-2335
19330	-21625	7892
19330	-23485	3204
19330	-51030	-6473
19330	-23920	5131
19330	-25125	6703
19330	-42660	766
19330	-16190	8610
19330	-18285	2287
19330	-45470	5547
19330	-50735	-12481
19330	-39665	5244
19330	-11780	7823
19330	-45905	-205
19330	-45725	3262
19330	-19350	5461
19345	-8755	15195
19345	-48015	-2884
19345	-30950	9768
19345	-50275	-1027
19345	-21625	7199
19345	-38175	1487
19345	-45630	-4280
19345	-44495	6428
19345	-17395	10560
19345	-46360	4314
19345	-23545	5735
19345	-21895	7419
19345	-44060	5951
19345	-21380	2831
19345	-18565	8043
19345	-47570	-4572
19345	13205	17652
19345	-14370	6492
19345	-42810	2168
19345	-47960	-6524
19345	-45160	-2372
19345	-19830	1997
19345	-22400	8205
19345	-26125	4373
19345	-35110	31
19345	-12380	6049
19345	-5870	14960
19345	-47560	-3719
19345	-46530	-182
19345	-15515	6396
19345	-14170	8865
19405	-17215	7182
19405	-14230	9508
19405	-19930	2670
19735	-13585	12358
19735	-13605	9701
19735	-14955	11960
19735	-46585	-4538
19735	-37075	2122
19735	-42735	6050
19735	-42605	5573
19735	-17030	5800
19735	-10380	14301
19735	-16215	14098
19735	14610	18244
19735	-13580	7430
19735	-42245	1957
19735	-14975	9182
19735	-22420	11387
19735	-15650	14833
19735	-18490	8061
19735	-26095	1495
19735	-42390	4850
19735	-13185	11959
19735	-41395	8913
19735	-13900	10197
19735	-15870	5712
19735	-17515	6048
19735	-15650	9629
19735	-25545	-290
19735	-21850	10763
19735	-22935	7877
19735	-17215	4590
19735	-39930	2427
19735	-13710	9650
19735	-17400	5339
19735	-51050	5802
19760	-14200	12401
19760	-11655	6445
19760	-12350	12065
19760	-22080	4628
19760	-10545	11952
19760	-21780	7712
19890	-21475	6217
19890	9150	16938
19890	-15730	5611
19890	-10885	14271
19890	-9905	8164
19890	-14640	11381
19890	-13310	9445
19890	-17715	11191
20255	-17175	12791
20255	-13840	10139
20255	-22075	7699
20255	-20905	8776
20255	-17910	5875
20255	-17645	8859
20255	-13770	6769
20255	-42160	1741
20255	-30325	-31
20255	-20850	10400
20255	-16815	14081
20255	-42110	7739
20255	-20870	11861
20255	-16400	10620
20300	-16050	10141
46345	15570	21909
46345	-10515	19090
46345	-15805	18023
46345	-15285	23440
46345	9090	30425
46345	-20645	19864
46345	-17255	32004
46345	12145	39456
46345	-18075	27480
46345	-18395	23964
46345	-15725	33307
46345	-18075	29800
46345	-18075	30698
46345	14365	34305
46345	-17055	33044
46345	-18075	23601
46345	12415	31048
46345	16400	40368
46345	10670	37012
46345	44915	46202
46345	-18075	30223
46345	9000	34147
46345	-17240	30689
46345	-18075	26535
46345	16370	43241
46415	11760	36234
46415	14600	40368
46415	-18075	30044
46415	12215	34820
46415	-18075	23009
46415	-16115	30968
46605	14770	43256
46605	-24905	19516
46605	14770	43269
46605	-18075	20570
46605	9025	32955
46605	9120	33642
46605	-18075	29880
46605	-18075	20771
46605	-16115	35366
46605	46415	46554
46605	8310	35301
46605	12405	40008
46605	-21790	32819
46605	12505	39992
46605	-17870	30393
46605	-18075	32539
46605	16410	40591
46605	11945	36809
46605	9015	36438
46605	-18075	36389
46605	8445	39595
46605	-17455	38296
46605	-18075	31015
46605	-18075	29317
46605	17625	40819
46605	10955	33590
46605	9220	39853
46605	15825	40532
46605	-17340	30944
46605	8375	39433
46605	-18075	27525
46605	18055	42192
46605	-23155	23759
46605	-16125	27967
46605	-18075	20653
46605	-18075	30240
46605	9390	39668
46605	17170	43646
46605	-18075	33771
46605	-16185	25834
46605	26505	44575
46605	-18075	29162
46605	-18075	36582
46605	13385	34906
46605	-18075	40124
46605	46025	46501
46605	46535	46598
46605	16525	43584
46605	-18075	20585
46605	14570	40215
46605	11670	38130
46605	10955	36526
46605	-16815	30967
46605	9120	37929
46605	-16125	20366
46605	15920	37555
46605	14015	43306
46605	46605	46605
46605	46475	46579
46605	46415	46586
46605	15825	43481
46605	11190	39920
46605	-18075	29944
46605	16560	40667
46605	-17505	40181
46605	-15725	33335
46605	46415	46586
46605	10955	39630
46605	9060	39224
46605	45635	46508
46605	14770	40310
46605	-17055	33682
46605	-18075	20064
46605	-850	39019
46605	-18075	16917
46605	46605	46605
46605	-18075	32915
46605	-17340	33777
46605	10335	39415
46605	46415	46586
46605	46605	46605
46605	14570	38901
46605	-18075	28358
46605	46385	46583
46605	12405	37972
46605	-18075	36386
46605	12405	36998
46605	46605	46605
46605	46605	46605
46605	16655	43474
46605	26505	44595
46605	26505	44595
46605	18390	42323
46605	11055	36986
46605	46475	46592
46605	-18075	30467
46605	-18075	31328
46605	15170	40318
46605	8730	36255
46605	46605	46605
46605	46475	46592
46605	15470	40528
46605	26505	44576
46605	46605	46605
46605	46605	46605
46605	9160	40039
46605	46605	46605
46605	46415	46586
46605	16395	43584
46605	-18075	20733
46605	9120	42857
46605	-18075	33904
46605	15570	43502
46605	46605	46605
46605	-18075	27358
46605	46605	46605
46605	-17900	36728
46605	11280	36086
46605	-18075	36994
46605	9445	42857
46605	-13265	36991
46605	10955	36200
46605	15065	43451
46605	46605	46605
46605	46605	46605
46605	46605	46605
46605	17525	43697
46605	46475	46592
46605	46605	46605
46605	18390	43771
46605	-18075	31247
46605	46605	46605
46605	12405	43185
46605	46415	46586
46605	46605	46605
46605	46605	46605
46605	46605	46605
46605	46605	46605
46605	46605	46605
46605	46605	46605
46605	46605	46605
46605	31970	45142
46605	46605	46605
46605	46405	46585
46605	46605	46605
46605	46605	46605
46605	46605	46605
46605	16655	43591
46605	46605	46605
46605	-17900	30737
46605	46605	46605
46605	46605	46605
46605	46605	46605
46605	46605	46605
46605	46605	46605
46605	16655	43610
46605	46345	46579
46605	46605	46605
46605	46605	46605
46605	12405	40094
46605	46605	46605
46605	46605	46605
46605	46605	46605
46605	46605	46605
46605	46605	46605
46605	46605	46605
46605	46605	46605
46605	46605	46605
46605	46605	46605
46605	46605	46605
46605	46605	46605
46605	46605	46605
46605	46605	46605
46605	46605	46605
46605	46605	46605
46605	46605	46605
46605	46605	46605
46605	46605	46605
46605	46605	46605
46605	46605	46605
46605	-18075	40137
46605	46605	46605
46605	46605	46605
46605	46605	46605
46605	46605	46605
46605	46605	46605
46605	46605	46605
46605	46605	46605
46605	46605	46605
46605	46605	46605
46605	46605	46605
46605	46605	46605
46605	46605	46605
46605	46605	46605
46605	46605	46605
46605	46605	46605
46605	46605	46605
46605	46605	46605
46605	46605	46605
46605	46605	46605
46605	46605	46605
46605	46605	46605
46605	46605	46605
46605	46605	46605
46605	46605	46605
46605	46605	46605
46605	46605	46605
46605	46605	46605
46605	46605	46605
46605	46605	46605
46605	46605	46605
46605	46605	46605
46605	46605	46605
46605	46605	46605
46605	46605	46605
46605	46605	46605
46605	46605	46605
46605	46605	46605
46605	46605	46605
46605	46605	46605
46605	46605	46605
46605	46605	46605
46605	46605	46605
46605	-18075	40137
46605	46605	46605
46605	-18075	40137
46605	46605	46605
46605	46605	46605
46605	46605	46605
46605	46605	46605
46605	46605	46605
46605	46605	46605
46605	46605	46605
46605	46605	46605
46605	46605	46605
46605	46605	46605
46605	46605	46605
46605	46605	46605
46605	46605	46605
46605	46605	46605
46605	46605	46605
46605	-18075	40137
46605	46605	46605
46605	46605	46605
46605	46605	46605
46605	46605	46605
46605	46605	46605
46605	46605	46605
46605	46605	46605
46605	46605	46605
46605	46605	46605
46605	-18075	40137
46605	46605	46605
46605	46605	46605
46605	46605	46605
46605	46605	46605
46605	46605	46605
46605	46605	46605
46605	46605	46605
46605	46605	46605
46605	46605	46605
46605	46605	46605
46605	46605	46605
46605	46605	46605
46605	46605	46605
46605	46605	46605
46605	46605	46605
46605	46605	46605
46605	46605	46605
46605	46605	46605
46605	-18075	33669
46605	46605	46605
46605	46605	46605
46605	-18075	33669
46605	46605	46605
46605	46605	46605
46605	46605	46605
46605	46605	46605
46605	46605	46605
46605	46605	46605
46605	46605	46605
46605	46605	46605
46605	46605	46605
46605	46605	46605
46605	46605	46605
46605	46605	46605
46605	46605	46605
46605	46605	46605
46605	46605	46605
46605	46605	46605
46605	46605	46605
46605	46605	46605
46605	46605	46605
46605	46605	46605
46605	46605	46605
46605	46605	46605
46605	46605	46605
46605	46605	46605
46605	46605	46605
46605	46605	46605
46605	46605	46605
46605	46605	46605
46605	46605	46605
46605	46605	46605
46605	46605	46605
46605	46605	46605
46605	46605	46605
46605	46605	46605
46605	46605	46605
46605	46605	46605
46605	46605	46605
46605	46605	46605
46605	46605	46605
46605	46605	46605
46605	46605	46605
46605	46605	46605
46605	46605	46605
46605	-18075	40137
46605	46605	46605
46605	46605	46605
46605	46605	46605
46605	46605	46605
46605	46605	46605
46605	46605	46605
46605	46605	46605
46605	-18075	33669
46605	46605	46605
46605	46605	46605
46605	46605	46605
46605	46605	46605
46605	46605	46605
46605	-18075	27201
46605	46605	46605
46605	46605	46605
46605	46605	46605
46605	46605	46605
46605	46605	46605
46605	46605	46605
46605	-18075	40137
46605	46605	46605
46605	46605	46605
46605	46605	46605
46605	46605	46605
46605	46605	46605
46605	46605	46605
46605	46605	46605
46605	46605	46605
46605	46605	46605
46605	46605	46605
46605	-18075	40137
46605	46605	46605
46605	46605	46605
46605	46605	46605
46605	46605	46605
46605	46605	46605
46605	-18075	40137
46605	46605	46605
46605	46605	46605
46605	46605	46605
46605	46605	46605
46605	46605	46605
46605	46605	46605
46605	46605	46605
46605	46605	46605
46605	46605	46605
46605	46605	46605
46605	46605	46605
46605	46605	46605
46605	46605	46605
46605	46605	46605
46605	46605	46605
46605	46605	46605
46605	46605	46605
46605	46605	46605
46605	46605	46605
46605	46605	46605
46605	46605	46605
46605	-18075	27201
46605	46605	46605
46605	46605	46605
46605	46605	46605
46605	46605	46605
46605	46605	46605
46605	46605	46605
46605	46605	46605
46605	46605	46605
46605	46605	46605
46605	46605	46605
46605	46605	46605
46605	46605	46605
46605	46605	46605
46605	46605	46605
46605	46605	46605
46605	46605	46605
46605	46605	46605
46605	-18075	40137
46605	46605	46605
46605	46605	46605
46605	46605	46605
46605	46605	46605
46605	46605	46605
46605	46605	46605
46605	46605	46605
46605	-18075	40137
46605	46605	46605
46605	46605	46605
46605	46605	46605
46605	46605	46605
46605	46605	46605
46605	46605	46605
46605	-18075	40137
46605	46605	46605
46605	46605	46605
46605	46605	46605
46605	46605	46605
46605	46605	46605
46605	46605	46605
46605	46605	46605
46605	46605	46605
46605	46605	46605
46605	46605	46605
46605	46605	46605
46605	46605	46605
46605	46605	46605
46605	46605	46605
46605	46605	46605
46605	46605	46605
46605	46605	46605
46605	46605	46605
46605	46605	46605
46605	46605	46605
46605	46605	46605
46605	46605	46605
46605	46605	46605
46605	46605	46605
46605	46605	46605
46605	46605	46605
46605	46605	46605
46605	46605	46605
46605	46605	46605
46605	46605	46605
46605	-18075	40137
46605	46605	46605
46605	46605	46605
46605	46605	46605
46605	46605	46605
46605	46605	46605
46605	46605	46605
46605	46605	46605
46605	-18075	33669
46605	46605	46605
46605	46605	46605
46605	46605	46605
46605	-18075	40137
46605	46605	46605
46605	46605	46605
46605	46605	46605
46605	46605	46605
46605	46605	46605
46605	46605	46605
46605	46605	46605
46605	46605	46605
46605	46605	46605
46605	46605	46605
46605	46605	46605
46605	46605	46605
46605	46605	46605
46605	-18075	40137
46605	46605	46605
46605	46605	46605
46605	46605	46605
46605	46605	46605
46605	46605	46605
46605	46605	46605
46605	46605	46605
46605	46605	46605
46605	46605	46605
46605	46605	46605
46605	46605	46605
46605	-18075	40137
46605	-18075	33669
46605	-18075	40137
46605	46605	46605
46605	46605	46605
46605	46605	46605
46605	46605	46605
46605	46605	46605
46605	46605	46605
46605	46605	46605
46605	46605	46605
46605	46605	46605
46605	46605	46605
46605	-18075	40137
46605	46605	46605
46605	46605	46605
46605	46605	46605
46605	46605	46605
46605	46605	46605
46605	46605	46605
46605	46605	46605
46605	-18075	33669
46605	46605	46605
46605	46605	46605
46605	46605	46605
46605	46605	46605
46605	46605	46605
46605	46605	46605
46605	46605	46605
46605	46605	46605
46605	46605	46605
46605	46605	46605
46605	46605	46605
46605	46605	46605
46605	-18075	40137
46605	46605	46605
46605	46605	46605
46605	46605	46605
46605	46605	46605
46605	46605	46605
46605	46605	46605
46605	46605	46605
46605	46605	46605
46605	46605	46605
46605	46605	46605
46605	46605	46605
46605	46605	46605
46605	46605	46605
46605	46605	46605
46605	-18075	33669
46605	-18075	40137
46605	46605	46605
46605	46605	46605
46605	46605	46605
46605	46605	46605
46605	46605	46605
46605	46605	46605
46605	-18075	33669
46605	46605	46605
46605	46605	46605
46605	46605	46605
46605	46605	46605
46605	-18075	27201
46605	46605	46605
46605	46605	46605
46605	46605	46605
46605	46605	46605
46605	46605	46605
46605	-18075	33669
46605	46605	46605
46605	46605	46605
46605	46605	46605
46605	-18075	40137
46605	46605	46605
46605	46605	46605
46605	46605	46605
46605	46605	46605
46605	46605	46605
46605	46605	46605
46605	46605	46605
46605	46605	46605
46605	46605	46605
46605	46605	46605
46605	-18075	40137
46605	46605	46605
46605	46605	46605
46605	46605	46605
46605	46605	46605
46605	46605	46605
46605	46605	46605
46605	46605	46605
46605	46605	46605
46605	46605	46605
46605	46605	46605
46605	46605	46605
46605	-18075	40137
46605	46605	46605
46605	46605	46605
46605	46605	46605
46605	46605	46605
46605	46605	46605
46605	46605	46605
46605	46605	46605
46605	46605	46605
46605	46605	46605
46605	46605	46605
46605	46605	46605
46605	46605	46605
46605	46605	46605
46605	46605	46605
46605	46605	46605
46605	46605	46605
46605	-18075	40137
46605	-18075	40137
46605	46605	46605
46605	46605	46605
46605	46605	46605
46605	46605	46605
46605	46605	46605
46605	46605	46605
46605	46605	46605
46605	46605	46605
46605	-18075	40137
46605	46605	46605
46605	46605	46605
46605	46605	46605
46605	46605	46605
46605	46605	46605
46605	-18075	40137
46605	46605	46605
46605	46605	46605
46605	46605	46605
46605	46605	46605
46605	46605	46605
46605	-18075	40137
46605	46605	46605
46605	46605	46605
46605	46605	46605
46605	46605	46605
46605	46605	46605
46605	46605	46605
46605	46605	46605
46605	-18075	40137
46605	46605	46605
46605	46605	46605
46605	46605	46605
46605	46605	46605
46605	46605	46605
46605	46605	46605
46605	-18075	40137
46605	46605	46605
46605	46605	46605
46605	46605	46605
46605	-18075	40137
46605	46605	46605
46605	46605	46605
46605	46605	46605
46605	46605	46605
46605	46605	46605
