-9420	-8175	-9163
-4845	-10095	-8657
-4845	-9895	-8297
-4845	-9995	-8033
-4780	-9610	-7766
-4780	-9660	-7529
-4315	-10130	-7429
-4465	-9630	-7354
-4465	-9190	-7295
-4410	-10130	-7154
-4080	-9740	-7149
-3970	-10130	-7017
-3430	-10130	-6991
-2620	-10130	-6971
-3560	-9705	-6862
-3330	-10130	-6929
-2810	-10130	-6645
-2810	-9995	-6628
-3155	-9960	-6415
-2930	-9605	-6225
-2965	-10095	-6190
-2235	-9600	-6013
-2685	-9605	-5891
-2270	-9860	-5893
-2820	-10130	-5884
-2715	-9995	-5712
-2935	-10130	-5744
-2460	-10130	-5659
-2460	-9710	-5619
-2400	-10000	-5612
-2405	-9565	-5778
-2515	-9825	-5640
-2315	-9860	-5432
-1950	-9690	-5483
-2315	-9735	-5163
-185	-9350	-5332
-2110	-9575	-5193
-100	-10130	-5215
-1340	-9665	-5361
890	-10230	-5284
250	-9350	-5121
120	-9415	-5278
125	-10130	-5415
125	-9220	-5318
-475	-9575	-5251
-475	-9865	-5503
-2365	-10095	-5334
-2505	-9425	-5380
-1300	-9385	-5404
500	-9895	-5431
725	-9860	-5176
270	-9725	-5612
470	-9995	-5329
-470	-9960	-5343
-2325	-9435	-5349
-1540	-9555	-5405
-1400	-9590	-5225
-1500	-9630	-5337
-1535	-9475	-5137
-1975	-9795	-5309
-2120	-9665	-5111
-1835	-9300	-5273
-2080	-9245	-5288
120	-10000	-5076
120	-9100	-5072
120	-9735	-5042
-690	-9310	-5475
-2030	-9445	-5345
525	-9825	-5337
425	-9505	-5179
-2060	-9560	-5379
-2525	-9590	-5398
-2285	-9605	-5350
-2250	-9280	-5304
-2250	-9630	-5435
-2040	-9220	-5055
-1990	-9860	-5181
-2220	-9340	-5178
-2420	-9465	-4936
-2205	-9335	-5290
-1975	-9690	-5192
-2185	-9185	-4932
775	-9190	-4880
705	-8850	-4857
775	-9155	-5048
490	-9930	-4955
490	-9185	-5036
-755	-9120	-4984
-1645	-9640	-5054
-1950	-9480	-4984
-1880	-9040	-5042
-1625	-9030	-4790
-1865	-9630	-5413
-1605	-9260	-5442
-1940	-9630	-5312
-2205	-9065	-5175
-1835	-9295	-5009
-1890	-9165	-5001
390	-9260	-5150
-1840	-9605	-5137
290	-9665	-5049
-1745	-9640	-5175
280	-9010	-5240
-1830	-9270	-5185
-1935	-9320	-5183
-1995	-9360	-5173
-1395	-9610	-5345
-1395	-9555	-5089
-2045	-9235	-5474
-2105	-9895	-4944
-460	-9520	-5007
-2085	-9725	-5032
-2150	-9590	-5370
-2285	-9450	-5020
-2220	-9995	-5371
-2120	-9895	-4959
-1840	-10095	-5075
-1340	-9860	-5112
-1955	-9080	-5338
-1670	-9390	-5509
815	-9995	-5150
815	-9760	-5491
-1155	-8985	-5009
-2035	-9355	-5127
-1795	-9525	-5072
-1610	-9865	-5229
435	-9930	-5425
575	-9595	-5236
410	-9525	-5045
-370	-9340	-5145
-370	-9865	-5027
250	-9440	-5103
320	-9700	-4822
-170	-9695	-5261
260	-9930	-5549
-390	-9480	-5489
-250	-9340	-5439
-250	-9960	-5411
-250	-9995	-5245
210	-9895	-5157
-1985	-9145	-5494
-2070	-9995	-5381
-1345	-9570	-5369
-1760	-9530	-5213
-160	-9530	-5167
-1900	-9660	-5116
-1365	-9505	-5166
-1425	-9475	-5099
655	-9565	-5301
-155	-10130	-5297
-155	-10100	-5047
-400	-9145	-5134
260	-9635	-5055
30	-10030	-5175
30	-9860	-5303
-1425	-9505	-5330
-1700	-9865	-5325
1335	-9330	-5233
725	-9560	-5373
635	-9375	-5386
-100	-9690	-5311
250	-9760	-5598
-140	-9640	-5707
-140	-9475	-5167
-580	-9760	-5451
-1840	-9830	-5675
-1840	-9725	-5421
10	-10000	-5350
50	-9765	-5228
-1450	-9930	-5266
675	-9995	-5290
740	-9765	-4919
-1190	-9230	-5191
-1170	-9895	-5379
440	-10130	-5200
-700	-9820	-5120
-35	-9690	-5280
310	-9435	-5159
-50	-9585	-5064
450	-9295	-5332
1045	-9505	-5169
350	-9625	-5085
1930	-9150	-5211
1860	-10100	-4932
1270	-9895	-5305
-1195	-9930	-5192
-490	-9800	-5124
-940	-9575	-5094
-1630	-9505	-5150
-1590	-9795	-5195
-1765	-9340	-5233
-2270	-9505	-5542
320	-9825	-5257
-1840	-9560	-5153
-1495	-9895	-5144
-1800	-9590	-5109
435	-9435	-4942
-1190	-9145	-4945
-1435	-9730	-5253
-650	-9065	-5202
-850	-9470	-5186
-780	-9195	-4957
-1820	-9695	-5120
-800	-9215	-5289
-1990	-9260	-5105
765	-9570	-5371
565	-9395	-5151
765	-9560	-5017
755	-9835	-4864
-350	-9370	-4762
-1190	-9960	-5039
-1145	-9490	-4784
-1880	-9470	-4962
-980	-9640	-5028
-850	-9895	-5056
-850	-9760	-4921
-1985	-9365	-5302
-340	-9520	-5003
-340	-9625	-4776
5	-9530	-5028
-1265	-9660	-4932
110	-9135	-5074
-765	-8920	-5325
-735	-9470	-5076
-945	-9595	-5170
-1965	-9930	-5033
550	-9960	-5099
-1545	-9555	-4976
-2040	-9735	-4931
-860	-9760	-5173
-1905	-9525	-5280
-1505	-9455	-4977
-1505	-9770	-5067
-1540	-9495	-4920
-1540	-9375	-5113
-1000	-9440	-4819
-1445	-8985	-4847
-1035	-9090	-4721
-865	-9625	-4722
-860	-9075	-4943
-780	-9960	-5161
-850	-9530	-5278
-2110	-9795	-5256
-1700	-9660	-5337
-1690	-9540	-5218
-1695	-9595	-5032
-1715	-9610	-5074
-1640	-9795	-5232
-1895	-9725	-5005
-1895	-9490	-4903
-1705	-9740	-5091
-1540	-9310	-5427
-1720	-9335	-5075
-1935	-9400	-5215
-1980	-9625	-5213
-1090	-9625	-5281
-1165	-9530	-5089
-2055	-9280	-5501
-2055	-9595	-5304
-1935	-9650	-5574
-1730	-9625	-5310
-1540	-9830	-5101
-1410	-9210	-5349
-1005	-9800	-5502
-1080	-9795	-5407
-1545	-9725	-5296
-1815	-9245	-5690
-1815	-9495	-5643
-1950	-9395	-5348
-1130	-9260	-5264
-2030	-9365	-5223
-1745	-9625	-5597
-1645	-9730	-5483
-1855	-9735	-5211
-2115	-9700	-5277
-1880	-9425	-5403
-1990	-9530	-5227
-2340	-9315	-5573
-1845	-9450	-5681
-1255	-9665	-5434
-940	-9440	-5261
-1545	-9530	-5159
-1850	-9490	-4830
660	-9460	-4936
260	-9200	-4879
-1710	-9085	-4803
-2120	-9895	-5288
1040	-9015	-4823
1040	-9195	-4957
820	-10095	-4970
1315	-9765	-4977
1110	-9625	-4791
1195	-9995	-4670
660	-9895	-4841
-930	-9505	-4889
170	-10030	-4798
-125	-9170	-4760
-885	-9360	-4639
-960	-9475	-4726
-885	-9320	-4699
-1270	-9185	-4806
-1270	-9395	-4696
-470	-8985	-4822
-40	-9310	-4674
-1760	-9105	-5009
-1675	-9725	-4800
80	-8875	-4487
80	-9475	-4874
-2310	-9100	-5025
-2235	-9540	-5020
-800	-9400	-5163
-1385	-9660	-4927
-1055	-9340	-4657
-730	-9455	-4856
-1340	-9590	-4838
-1315	-9610	-4750
-1315	-9530	-4793
-1525	-9455	-4787
-1375	-8880	-4776
-1910	-8810	-4927
-1910	-8785	-4848
-1810	-9150	-4839
480	-8995	-4707
60	-9085	-4798
-1405	-9460	-4896
-1495	-9355	-4766
0	-10000	-4823
335	-9315	-5076
-1660	-10030	-4890
-1555	-9590	-4836
-745	-10030	-4918
-815	-8900	-4832
-780	-8870	-4905
-1080	-9190	-4793
-920	-9355	-4984
-1670	-9460	-4924
-1460	-9795	-4872
-1805	-9640	-4717
-380	-9385	-4831
-1340	-9115	-4837
-1410	-9760	-4722
-1830	-10000	-4824
-1830	-9465	-4803
-1500	-9110	-4617
145	-9055	-4679
-1395	-9210	-4680
-1975	-9735	-4905
-1955	-10000	-4856
-70	-8985	-4775
-1385	-9995	-4652
-1685	-9725	-5005
-1555	-8980	-4883
-1615	-9065	-4857
-1615	-9085	-4764
-1955	-9795	-4685
-1840	-9355	-4717
-1805	-9710	-5081
-2200	-9760	-4986
-1910	-9100	-4753
-2145	-9110	-4671
-2180	-9565	-4852
65	-8620	-4565
-1770	-8780	-4447
-1500	-9850	-4553
-1680	-9325	-4354
-1585	-9190	-4416
-1590	-9120	-4599
-1175	-9290	-4675
-1500	-9125	-4992
-945	-9420	-4543
-1505	-9795	-4632
-1775	-9695	-4825
-1020	-9965	-4610
-455	-8815	-4480
-1050	-8835	-4517
-765	-9860	-4519
-970	-9565	-4712
-1275	-9470	-4866
-520	-9505	-4618
-20	-9285	-4700
-110	-9320	-4543
-315	-9330	-4928
205	-9325	-4719
-1520	-9025	-4735
-430	-8920	-4593
260	-9660	-4852
535	-8905	-4689
785	-9895	-4536
915	-9190	-4352
915	-9220	-4280
580	-9725	-4551
770	-9210	-4264
-10	-9290	-4695
-1020	-8660	-4687
-445	-9320	-4708
-2035	-9390	-4774
1125	-9725	-4732
-1560	-9760	-4954
-370	-8920	-4863
895	-9530	-4719
-1525	-9225	-4625
-380	-9260	-4709
-1050	-9590	-4843
1065	-8915	-4668
-130	-9660	-4753
-730	-9090	-4692
-405	-9865	-4950
1075	-9015	-4917
1815	-9320	-4587
1265	-9595	-4817
-1535	-8890	-4917
410	-9425	-5058
855	-9460	-4994
2025	-9020	-4830
2345	-9380	-5171
-1810	-9235	-4849
-1800	-9475	-4849
-1865	-9725	-4745
625	-9380	-4608
625	-9320	-4908
625	-9380	-4734
-1025	-9250	-4974
-2090	-9205	-4894
210	-8960	-4555
-270	-9370	-4861
-2150	-9360	-4996
0	-9245	-5014
-35	-8995	-4477
-1880	-9340	-4906
-2060	-9295	-5134
25	-9110	-4939
215	-8960	-4915
215	-8920	-4797
-660	-9100	-5002
400	-9225	-4978
400	-8910	-4909
-1935	-9765	-4902
-1965	-9560	-4731
-1690	-9300	-5042
-1955	-9440	-4933
-2025	-9725	-4722
-2160	-9590	-4790
-2040	-9365	-4962
-1650	-9575	-4807
-1610	-9160	-4989
480	-9070	-4661
-1435	-9225	-4648
-605	-8830	-4389
710	-9015	-4681
530	-9115	-4497
120	-8970	-4704
-165	-9375	-4661
-165	-9760	-4359
-1390	-9400	-5022
-1545	-8740	-4893
-1610	-9530	-4877
-1845	-8925	-4879
-2260	-9505	-4772
-1905	-9610	-4873
-1845	-9320	-4873
-2020	-9320	-4666
-1740	-9510	-4787
-1760	-9630	-4784
-690	-9265	-4744
-1930	-9730	-4726
-1230	-9145	-4942
-1815	-8725	-4634
55	-8805	-4731
-1490	-9640	-4835
-1935	-9025	-4569
-1800	-9530	-4708
-1800	-8905	-4397
-1275	-9400	-4661
-1885	-9730	-4674
-2080	-9555	-4493
-1325	-9260	-4538
-270	-9025	-4558
-660	-9425	-4674
-960	-9185	-4539
-1115	-10000	-4608
-60	-9085	-4703
-60	-8540	-4686
-190	-9525	-4614
630	-9085	-4746
-465	-9610	-4822
-565	-9010	-4654
-1535	-9205	-4877
145	-9280	-4933
435	-8865	-4870
45	-9185	-4549
395	-9295	-4663
-1370	-9170	-4904
-1220	-8845	-4664
-1255	-9145	-4674
-445	-9495	-5016
-445	-9575	-4784
-670	-9475	-4952
-530	-9235	-4862
-2050	-9505	-5018
-1915	-9565	-4982
-1985	-9735	-4905
-1960	-9155	-5030
-1660	-9315	-4891
-1425	-8910	-4603
-1425	-9660	-4959
-2250	-10230	-4942
-2120	-9570	-5015
-395	-9395	-4910
-395	-9580	-4918
-1045	-9830	-4772
-1560	-9580	-4877
-1975	-9345	-4884
-2015	-9670	-4974
-1335	-9660	-4824
705	-9490	-4801
-1310	-10000	-4653
-1770	-9065	-4913
-1630	-9860	-4832
-1475	-9165	-4603
-2060	-8790	-4800
-2000	-9450	-4927
-1510	-9210	-4782
-390	-8785	-4654
-1525	-9370	-4769
-1525	-9590	-4987
-1450	-10130	-4631
-860	-9270	-4731
-160	-9290	-4964
-1830	-9030	-4475
-1830	-9060	-4312
-1350	-9115	-4622
-1370	-9125	-4599
-1115	-9200	-4648
-865	-9115	-4937
820	-9795	-4928
-1365	-9895	-4792
-975	-8950	-4784
-1155	-9455	-4595
-980	-9130	-4479
410	-9695	-4494
410	-9395	-4751
-165	-9560	-4604
540	-8550	-4371
-65	-9795	-5041
310	-9175	-4731
-265	-9150	-4939
-135	-9335	-4744
-135	-8860	-4722
-1895	-9600	-4829
-735	-10095	-4866
-1455	-9575	-4959
-1040	-9420	-4796
-2065	-9150	-4888
-1420	-9285	-4744
290	-9360	-4633
-1010	-9120	-4658
1175	-9015	-4559
1175	-9155	-4568
795	-9265	-4587
1175	-9335	-4688
1175	-9320	-4641
1175	-8975	-4535
-710	-9490	-4670
-795	-8965	-4495
-385	-9020	-4560
260	-9045	-4564
260	-8920	-4230
420	-8945	-4710
970	-9285	-4829
970	-9605	-4508
940	-9440	-4436
-495	-9480	-4657
635	-8795	-4433
640	-9575	-4527
680	-9995	-4407
810	-9705	-4551
-1810	-9705	-4382
290	-9935	-4395
290	-9625	-4300
910	-9420	-4500
910	-9730	-4264
1040	-9590	-4327
780	-9080	-4237
380	-9250	-4314
-130	-9235	-4189
-950	-9505	-4309
500	-8880	-4000
500	-10095	-4358
380	-9355	-3923
-430	-9355	-3816
-720	-8805	-4093
-60	-9320	-4129
-1285	-9345	-4157
-1485	-9895	-4163
-175	-9730	-4244
900	-9860	-4289
900	-9310	-4318
1270	-8880	-4136
1205	-9310	-4076
805	-9575	-4106
605	-9320	-4259
605	-9435	-3865
-1530	-9055	-3974
1255	-9825	-4230
1325	-8625	-3964
1325	-9175	-3951
1295	-9035	-4074
1295	-9560	-4062
1295	-8945	-4170
1110	-9415	-4140
-55	-9305	-4296
-1135	-9730	-4330
260	-8915	-4302
395	-8865	-4085
930	-9165	-3968
-1005	-9415	-4247
-1005	-9165	-4069
-585	-9555	-4088
-1450	-9485	-4175
-1030	-8595	-4184
-780	-9035	-4373
-775	-9320	-4159
-875	-9130	-4337
10	-9835	-4142
10	-9280	-4066
-650	-8945	-4225
-680	-9825	-4173
-1590	-9770	-4137
-1135	-8990	-4138
-1095	-9490	-4260
-770	-8915	-4301
-135	-9475	-4328
-1475	-9960	-4435
920	-9150	-4523
-1310	-8715	-4272
90	-8915	-4200
450	-9490	-4293
-1630	-9960	-4263
-1600	-9420	-3965
-1270	-9725	-3974
-1270	-9600	-3923
470	-9525	-4132
605	-8560	-4139
-1265	-9285	-4148
-1385	-8815	-4457
-1025	-9015	-4433
-1025	-8950	-4429
-610	-9525	-4182
-350	-9595	-4130
-20	-9595	-4186
-30	-9040	-4063
-490	-9995	-4212
-1040	-9525	-4473
-1285	-9860	-4623
-1435	-9415	-4293
-1445	-9280	-4308
785	-9285	-4010
1255	-9185	-4088
1025	-9960	-3937
-1395	-8680	-4080
-1365	-9040	-4201
-1480	-9485	-3924
850	-9115	-3915
370	-8320	-4045
-290	-8895	-3922
-1455	-8510	-4134
-490	-8975	-3729
-835	-10130	-3956
2285	-9210	-4012
320	-8750	-3795
760	-9145	-4111
-1215	-9795	-4343
-1215	-9665	-3998
-1615	-9295	-4046
-1110	-9155	-4106
-1625	-9050	-4112
-805	-9285	-4468
-1165	-9090	-4442
-1395	-9170	-4125
-1690	-8905	-4174
-1450	-8725	-4398
-20	-9480	-4390
-1475	-8790	-3990
-725	-9130	-4189
-655	-9465	-4534
-165	-9315	-4056
-165	-9365	-4192
1145	-9125	-4179
-1415	-9995	-4247
-1500	-9315	-4195
950	-9200	-4114
810	-9760	-4355
-1375	-8790	-4296
-1610	-9000	-4108
620	-8810	-3847
620	-9155	-4185
620	-9360	-4137
850	-9285	-4027
1290	-9050	-3958
-1570	-9490	-4321
-80	-9045	-4068
680	-8855	-4020
-1335	-8855	-3716
-1555	-8945	-3980
-1475	-9120	-4412
-1410	-8695	-4120
-1310	-8930	-4148
60	-9285	-4213
580	-8990	-4003
-1705	-9305	-4155
-1470	-9130	-4274
-560	-9115	-4149
-230	-9610	-4044
725	-8995	-4088
840	-8475	-4094
710	-9130	-4094
-5	-9075	-4213
750	-9215	-4090
10	-9210	-4011
420	-9190	-4135
-195	-9130	-4285
875	-8425	-4092
875	-9620	-3868
820	-9150	-4136
670	-8580	-3932
695	-9220	-4183
695	-8320	-4010
625	-8670	-3928
625	-9695	-4199
1085	-9460	-4321
855	-9495	-4445
825	-9625	-4226
-1195	-9965	-4453
-1140	-8640	-4095
-505	-8595	-4042
690	-9235	-4355
-1165	-8965	-4362
-1505	-9035	-4383
-550	-9585	-4343
-1100	-9425	-4411
1600	-9285	-4239
695	-9030	-4389
-1520	-9305	-3992
-1065	-8795	-4045
-1065	-9360	-4148
-570	-8950	-4069
-570	-8845	-3855
-505	-9475	-4115
-505	-10230	-4195
-25	-9040	-4365
5	-8210	-4034
-1250	-8670	-4219
-395	-8865	-4250
-190	-8965	-4265
-60	-9995	-4080
950	-9010	-4263
715	-9050	-4230
715	-9135	-3960
-635	-8740	-4077
-1080	-9170	-4221
-1060	-8880	-4122
-1100	-9180	-4340
75	-9490	-4255
-1645	-9080	-4158
-1235	-8955	-4128
-880	-9150	-4192
-1615	-9930	-4404
65	-9825	-4094
65	-9320	-4370
-325	-8950	-4257
-820	-8880	-4434
155	-9210	-4115
385	-9635	-4061
385	-9045	-4278
-1625	-8195	-4099
-1795	-9460	-4252
-1860	-9640	-4146
-1295	-8845	-4229
-1295	-9015	-4197
-1295	-8565	-4169
-1395	-9470	-4207
-1815	-9960	-4425
770	-9075	-4216
1010	-9045	-4426
-300	-9210	-4419
-300	-9165	-4412
465	-9725	-4263
-300	-9180	-4499
-770	-9160	-4292
-1300	-9200	-4249
-985	-9130	-4222
-420	-9795	-4250
-1490	-9340	-4163
-1490	-9725	-4191
-1465	-9420	-4293
1835	-9530	-4086
1835	-9575	-4088
475	-8850	-4082
330	-8665	-4296
-865	-9265	-4092
-940	-8890	-4146
-940	-9665	-4216
-1785	-8850	-4121
-1785	-9130	-4071
-1170	-9460	-4316
-1270	-9050	-4149
-1210	-9010	-4215
580	-9380	-4040
-200	-9690	-4273
-670	-8725	-4175
-140	-8730	-4430
450	-8930	-4509
50	-9000	-4330
-685	-9285	-4455
-685	-8995	-4258
-1120	-9895	-4338
-1120	-9660	-4469
-1300	-9370	-4405
-1455	-8845	-4321
-1455	-9205	-3847
-715	-9225	-4365
-1010	-8820	-4328
-880	-9085	-4364
-1505	-9185	-4374
0	-9050	-4513
-1185	-8950	-4072
-1345	-8905	-4114
1515	-8475	-4103
-1115	-9190	-4407
255	-9285	-4053
255	-8945	-4229
-1750	-9385	-4477
745	-9050	-4346
745	-9075	-4138
995	-8920	-3961
810	-9045	-4168
810	-8385	-3767
885	-9320	-4097
1660	-9290	-4053
745	-8850	-4043
465	-8615	-4091
395	-9020	-3945
1290	-8815	-3935
1245	-9110	-4097
1245	-9390	-4260
1030	-9860	-3967
915	-9180	-3786
915	-9300	-4017
-715	-9210	-3937
1025	-8930	-3849
985	-8655	-3796
1245	-9450	-3877
845	-8080	-3579
-520	-9370	-3864
420	-9130	-4019
840	-8645	-3741
840	-9830	-3926
510	-9345	-3847
840	-8645	-3578
840	-8290	-3553
1405	-8815	-3661
1040	-9150	-3938
1040	-9895	-3620
1040	-9825	-3500
970	-9050	-3776
970	-9360	-3604
970	-8340	-3735
1885	-9795	-3783
1785	-9050	-3521
1785	-8270	-3313
1515	-9080	-3612
1545	-8880	-3554
1545	-9310	-3651
1545	-9960	-3659
1155	-8665	-3528
25	-9420	-3833
540	-9255	-3860
1295	-9200	-3590
675	-9285	-3737
700	-8695	-3600
700	-9730	-3825
740	-8635	-3707
700	-9625	-3612
1025	-9455	-3706
1060	-8555	-3616
1125	-8240	-3659
1475	-9765	-3781
1585	-9080	-3569
1320	-9080	-3537
1435	-8780	-3527
1365	-8520	-3568
1365	-8820	-3561
170	-9005	-3645
1150	-9295	-3574
175	-8680	-3458
-1160	-9155	-3483
-1110	-8655	-3924
735	-9280	-3399
-355	-8950	-3879
-1130	-9070	-3802
515	-7880	-3760
810	-8950	-3815
975	-9340	-3692
905	-8830	-3712
1225	-9830	-3835
870	-8470	-3284
1380	-8330	-3451
1285	-8360	-3443
1415	-8895	-3573
1070	-8300	-3423
1160	-8720	-3224
1290	-8360	-3603
1290	-9210	-3475
1860	-9050	-3625
960	-9145	-3654
1230	-8745	-3644
1230	-8350	-3636
1230	-9130	-3538
1265	-9485	-3837
1320	-8915	-3572
1265	-8895	-3540
1265	-8790	-3428
1530	-8715	-3706
1730	-8665	-3364
755	-9085	-3870
1465	-8680	-3510
1665	-9005	-3771
1665	-9195	-3880
1675	-9440	-3496
805	-9130	-3494
805	-9255	-3644
505	-8930	-3810
505	-9085	-3710
505	-9895	-3625
265	-9155	-3613
-355	-8765	-3360
-1080	-9860	-3659
195	-8945	-3495
795	-9320	-3442
740	-8645	-3355
1215	-8835	-3279
1225	-10030	-3292
1215	-8270	-3366
1215	-8625	-3557
1215	-9590	-3510
1015	-8800	-3338
920	-9015	-3486
2755	-8150	-3034
2500	-8950	-3502
2565	-9085	-3426
2565	-9005	-3596
1100	-9095	-3652
710	-9135	-3831
1170	-9490	-3972
1310	-9205	-3761
1735	-8635	-3544
1615	-8890	-3832
1500	-9860	-4203
1175	-9315	-3903
1140	-9210	-3619
1500	-9860	-3897
1600	-8420	-3530
1200	-9280	-3672
1135	-9320	-3528
1110	-8695	-3741
1475	-9490	-3695
565	-9180	-3602
-110	-9830	-3873
-110	-9930	-3981
-110	-9050	-3703
515	-9965	-3945
905	-9210	-3575
710	-8840	-3726
95	-8850	-3805
1615	-8800	-3538
1715	-9240	-3406
1050	-9080	-3487
1315	-10130	-3549
1090	-10095	-4026
1090	-8945	-3597
265	-9625	-3721
825	-9085	-3598
335	-8690	-3649
295	-8940	-3723
770	-8650	-3795
770	-9070	-3723
575	-8410	-3636
-70	-10095	-4002
60	-9100	-3960
810	-9050	-3849
60	-9490	-3750
1415	-9080	-3582
1080	-9625	-3698
1650	-9490	-3915
1650	-9285	-3806
1400	-8960	-3954
1400	-9325	-3917
1400	-8915	-3958
1145	-9155	-4094
1400	-9430	-3953
1270	-9690	-3904
1020	-9135	-3903
-625	-9050	-3920
-910	-9130	-3899
-465	-9285	-3875
-1425	-9730	-3860
-1615	-9760	-4004
-1085	-9105	-4126
-1330	-8800	-4046
-355	-10100	-3872
-355	-9440	-4095
-1100	-8750	-3701
1075	-8685	-3904
75	-9280	-3983
-255	-9825	-3730
520	-9155	-3737
520	-8945	-3898
595	-10030	-3899
930	-8995	-3908
2155	-9825	-3761
340	-8980	-3858
-905	-9450	-4143
2155	-9740	-3895
2225	-9450	-3947
515	-8275	-4093
-55	-8435	-3751
510	-8660	-3852
510	-9185	-3764
1055	-9150	-3831
1055	-9085	-4073
1055	-8445	-3532
1120	-9690	-3752
1120	-9390	-3847
1220	-9345	-3747
1160	-8645	-3657
1190	-8865	-3809
1485	-9050	-3493
1485	-8500	-3828
1355	-8715	-3616
1210	-8900	-3805
1210	-9015	-3757
1210	-9030	-3708
1205	-9185	-3799
1205	-9190	-3967
1495	-9140	-3868
-480	-8505	-3873
-1535	-9005	-3707
1100	-9065	-3748
945	-8990	-3642
1210	-9185	-3684
-1475	-9185	-3826
-1135	-9150	-3968
1005	-8620	-3784
-485	-9455	-3834
-485	-9330	-3885
-500	-8850	-3736
-360	-9315	-3881
-950	-9340	-3870
1360	-9150	-3927
1360	-8700	-3794
1360	-9010	-3818
1360	-8655	-3626
1360	-9725	-3538
730	-9285	-3664
1360	-8800	-3449
1770	-8485	-3755
540	-8860	-3927
1325	-8820	-3682
1325	-9335	-3580
1450	-8815	-3664
1250	-9265	-3964
1345	-9030	-3735
1325	-9370	-3974
860	-8915	-4044
95	-8845	-3831
95	-8950	-3995
95	-9150	-3883
-35	-9265	-4008
-1185	-8680	-3771
780	-9140	-3771
-1135	-9185	-4020
-1095	-9270	-3771
725	-9400	-3834
595	-8545	-3776
465	-8690	-3963
465	-8690	-3915
465	-9320	-4038
500	-8645	-3898
630	-9315	-3887
630	-9050	-3758
335	-8950	-4063
820	-8990	-3823
375	-8590	-3937
655	-9965	-3933
855	-9640	-3776
545	-9090	-3710
425	-8525	-3786
-1105	-9350	-3848
-1105	-8785	-4000
-30	-9070	-3912
975	-9115	-3503
975	-9185	-3904
415	-9335	-3456
-1225	-9825	-3769
-1310	-9095	-3576
-330	-9625	-3743
-330	-9280	-3307
-260	-9725	-3228
-260	-9340	-3480
-855	-9590	-3626
-730	-9180	-3512
770	-9180	-3609
770	-9995	-3598
770	-9640	-3764
395	-9280	-3645
-285	-8780	-3755
-1080	-8760	-3679
-980	-8955	-3653
-1015	-8950	-3489
-915	-8785	-3368
1405	-9035	-3714
1900	-9015	-3513
1870	-8370	-3120
1250	-8725	-3131
1250	-7940	-2975
760	-9155	-3232
-955	-8975	-3480
-955	-9050	-3351
-890	-8695	-3450
-790	-9050	-3470
1935	-9100	-3267
-790	-9255	-3303
655	-8490	-3338
655	-9285	-3224
655	-9290	-3050
655	-9130	-3342
1275	-9160	-3240
1405	-8605	-3065
1405	-8650	-3304
1625	-9760	-2950
1405	-9210	-2988
1275	-9625	-3376
2165	-8330	-3130
-200	-9605	-3134
1400	-8390	-3196
1285	-9510	-3291
1360	-9760	-3251
1030	-9185	-3584
515	-8950	-3216
-200	-9150	-3089
90	-9625	-3135
480	-9895	-3078
810	-9030	-3357
-1075	-9625	-3305
-195	-8955	-3214
-195	-8830	-3198
-1115	-8915	-3305
-1115	-9150	-3336
-1150	-8515	-3289
370	-8190	-3104
370	-8210	-3180
1595	-8425	-3264
1915	-9590	-3062
1915	-8620	-3109
1915	-8825	-3163
875	-8255	-3270
960	-9440	-3112
1800	-9960	-2989
990	-8890	-3011
1280	-8985	-3164
750	-9695	-3282
705	-9175	-3069
1290	-9355	-3207
750	-8865	-3131
650	-8860	-3201
650	-9130	-3232
970	-9490	-3063
970	-9590	-2974
970	-9190	-3065
970	-8915	-3101
1440	-9830	-2973
1440	-9195	-3065
1600	-9210	-2932
1440	-8435	-2638
1440	-9320	-2634
2035	-9280	-2947
1725	-9995	-3034
1390	-8760	-2839
1340	-9455	-2893
1675	-9525	-2970
1065	-9725	-2726
1225	-9830	-2719
1415	-9960	-2795
1225	-9275	-2604
1235	-9125	-2531
2055	-9860	-2707
2055	-9185	-2613
2095	-9690	-2792
2095	-9370	-3040
1645	-8625	-2578
1355	-9830	-2635
995	-9560	-2493
1080	-9170	-2847
1205	-9625	-3177
970	-9490	-2877
970	-9895	-2904
970	-9830	-2824
495	-9830	-2839
1485	-9180	-2696
580	-9960	-2801
640	-9995	-3456
640	-9760	-2982
640	-9660	-2924
980	-9440	-2862
1320	-9860	-3380
550	-9995	-2792
840	-9825	-3223
1155	-9145	-2808
1155	-9760	-2670
1000	-9965	-2874
1000	-8925	-2830
1175	-9555	-3006
1345	-9860	-2885
1605	-9455	-3093
1585	-9560	-3119
1200	-9555	-3030
1170	-9825	-3067
1145	-8900	-2897
1535	-9795	-3013
1535	-9865	-2784
1535	-9495	-2498
1535	-9725	-2666
1535	-9825	-2555
1545	-9115	-2621
1675	-9655	-2663
1375	-8100	-2591
1175	-9230	-2624
1335	-8720	-2382
1335	-9605	-2325
2510	-9860	-2626
3080	-10000	-2751
970	-9005	-2522
1045	-9100	-2280
1070	-9895	-2476
1455	-8910	-2047
1835	-9010	-2337
1770	-9045	-1978
1755	-8935	-1933
2165	-9425	-2216
1595	-9105	-2068
1595	-9960	-2109
1745	-9430	-2319
1745	-9165	-2561
1545	-8960	-2646
1825	-10230	-2418
1825	-8935	-2242
1705	-9530	-2073
4500	-9860	-2027
4500	-9050	-1971
1780	-9015	-1900
1905	-9285	-1902
1675	-8745	-2107
1875	-9830	-1864
1805	-9440	-1664
1630	-8880	-1619
1630	-9310	-2223
1545	-9760	-1932
1440	-8985	-2082
1440	-9825	-1814
1655	-8720	-1743
1580	-10095	-1906
1745	-9395	-1924
1775	-9965	-2046
2165	-9080	-1285
1865	-9960	-1453
1865	-9835	-1936
2235	-9085	-1437
2235	-9420	-1689
1745	-8880	-1378
1805	-9730	-1285
1805	-9315	-1399
1905	-9080	-1727
2160	-9185	-1630
2160	-10095	-1876
2160	-10030	-1719
2160	-9180	-1669
2160	-9095	-1826
2160	-9730	-1991
1655	-8665	-1630
1705	-8980	-1954
3570	-9285	-2016
3575	-10095	-1909
3575	-8780	-1575
3575	-9315	-1628
3575	-9570	-1555
3640	-9350	-1845
3340	-9860	-1653
1455	-8760	-1688
1455	-9280	-1952
1455	-9900	-1963
1555	-9265	-1827
1555	-9065	-1890
1480	-9760	-1955
1775	-9000	-2035
1775	-9960	-2160
1775	-9315	-1964
1775	-9960	-1691
1700	-9995	-1706
1580	-9470	-2326
1710	-9495	-1991
1565	-9180	-1543
1565	-9590	-1856
1820	-9415	-1928
1920	-9415	-1715
1980	-9150	-1594
1825	-9185	-1754
1825	-8915	-1746
1825	-9300	-1822
1730	-9605	-2209
1920	-9150	-1897
1930	-9290	-1658
1930	-9305	-1569
1635	-9960	-1627
1640	-9415	-1766
1730	-9795	-2063
1960	-10095	-1815
1820	-9825	-1859
2120	-10095	-1571
1820	-9090	-1734
2125	-9285	-1573
1990	-9225	-1838
1675	-9475	-2172
1455	-8880	-1626
1575	-9760	-2064
1575	-9725	-1886
2215	-8990	-1940
2215	-9895	-1988
2085	-10030	-1557
2085	-9180	-1528
1595	-9370	-2290
1475	-9960	-1413
1785	-9165	-2327
1785	-8690	-2123
1785	-9960	-1607
1420	-8580	-1667
1420	-9965	-1719
1175	-9170	-1801
1360	-8650	-1876
1430	-8645	-1669
1785	-9830	-2104
1805	-9575	-1625
1805	-9100	-1607
1785	-9260	-1684
1480	-8665	-1629
1510	-9725	-1604
1970	-9185	-1237
1970	-9150	-1082
1970	-8615	-1857
1970	-8135	-1463
1970	-9630	-1147
1770	-8985	-1663
1795	-8780	-1750
1795	-9015	-1621
1795	-8760	-1736
1795	-9085	-1752
1795	-9460	-2490
1795	-8745	-2167
1870	-9115	-1660
1870	-8680	-1718
1895	-9150	-1725
2225	-8985	-1737
1885	-8975	-1498
1820	-9285	-1605
1745	-8875	-1698
1745	-9960	-1847
1535	-8605	-1502
1345	-9100	-1826
1695	-8850	-2051
2005	-9185	-2117
1370	-9570	-1789
1530	-9445	-1862
1565	-8835	-1698
1565	-9055	-2145
1565	-8745	-1771
1395	-8995	-1628
1355	-8850	-1622
1545	-9310	-1879
1830	-9015	-1635
1385	-8865	-1922
1550	-9825	-1634
1555	-9155	-1421
1535	-8580	-1603
1535	-9725	-1693
1535	-8980	-1777
1475	-9130	-1545
1645	-9330	-1715
1645	-9995	-1852
1795	-9065	-1554
1795	-9210	-1689
1680	-8475	-1554
2535	-8820	-1374
2535	-9320	-1203
2090	-8745	-1414
3010	-8950	-1418
3690	-8985	-1097
2275	-9725	-1360
2260	-8745	-1026
3120	-9055	-1406
3120	-9725	-1371
2090	-8875	-1124
2090	-8765	-1423
3210	-9085	-1232
3210	-8420	-1067
3340	-9335	-929
2115	-9570	-702
2115	-8900	-841
2115	-8275	-1034
2115	-8985	-983
2115	-9870	-963
2115	-9325	-865
1985	-9505	-841
1985	-8895	-751
2045	-8680	-806
2045	-8625	-654
2045	-7785	-641
2045	-8985	-854
2045	-9690	-947
2045	-8180	-671
2045	-8055	-567
2045	-8645	-526
2045	-8930	-153
2045	-8755	-426
2045	-8305	-217
2045	-9195	-366
2120	-9150	-92
2120	-9150	-510
2120	-8240	-463
2090	-8915	-666
2230	-7635	-209
2230	-8475	-147
2230	-8605	-12
2230	-7715	133
2230	-9690	-291
2490	-7940	-40
2335	-8075	-32
2255	-8185	23
2195	-8375	54
2045	-8515	-435
2295	-8440	389
2295	-7225	524
2365	-9145	551
2365	-10095	497
2365	-8665	315
2295	-9185	-23
2225	-7135	740
2225	-7135	367
2225	-7760	552
2225	-8350	548
2225	-7135	628
2155	-9280	524
2260	-7605	515
2155	-7135	783
2035	-8915	820
2035	-8475	321
2035	-8850	880
2035	-7870	216
2035	-8485	644
2035	-8510	657
2035	-7270	438
2035	-7760	427
2035	-7700	558
2035	-8080	434
2035	-7945	561
2035	-8350	439
2035	-7675	629
2035	-7625	690
2035	-7355	22
2035	-7945	696
2035	-7535	446
2035	-8470	693
2035	-9690	589
2035	-8080	726
2035	-8475	831
2035	-9150	451
2035	-8880	430
2035	-8350	641
2035	-8645	317
2035	-7220	530
2035	-9280	443
2035	-9015	446
2035	-7170	474
2035	-7135	697
2035	-7835	510
2035	-9205	852
2035	-7270	662
2035	-8070	330
2035	-7665	259
2035	-7825	644
2035	-9555	237
2155	-7135	657
2155	-7540	468
2155	-8230	437
2155	-8350	558
2155	-7935	803
2155	-8485	383
2155	-9555	651
2155	-7460	527
2155	-7135	779
2155	-8350	62
2155	-7670	209
2155	-8205	508
2155	-8880	469
2155	-8880	601
2155	-7800	571
2155	-8230	725
2155	-7665	576
2155	-8880	-10
2155	-8680	701
2155	-8485	490
2235	-7150	804
2235	-7550	794
2235	-8880	558
2235	-7690	365
2235	-8935	343
2235	-7735	726
2235	-7905	584
2235	-8380	492
2235	-7535	737
2235	-7015	1102
2235	-8065	549
2235	-8095	862
2235	-8285	598
2235	-7475	578
2235	-7735	1099
2235	-8365	210
2235	-7435	463
2235	-9145	685
2235	-8995	505
2235	-7105	835
2235	-7195	499
2235	-8935	679
2235	-7635	502
2235	-7395	763
2235	-8150	712
2235	-8285	368
2235	-7735	469
2235	-7750	677
2235	-8875	756
2235	-8880	258
2235	-7225	1036
2235	-8440	738
2235	-8375	724
2235	-8510	854
2235	-8065	751
2235	-8340	994
2235	-9185	551
2235	-8150	627
2235	-8745	674
2235	-8150	388
2235	-7880	797
2235	-8150	767
2235	-8780	865
2235	-8275	750
2235	-8880	732
2235	-8205	729
2235	-8745	426
2235	-7155	563
2235	-6940	823
2235	-8475	403
2235	-8515	617
2235	-7475	456
2235	-9070	299
2235	-8285	834
2235	-8375	479
2235	-7440	635
2235	-8015	685
2235	-9555	395
2235	-8745	566
2235	-7920	533
2235	-8260	664
2235	-8065	621
2235	-7610	727
2235	-7180	641
2235	-8285	585
2235	-7975	524
2235	-7880	630
2235	-8015	661
2235	-8285	287
2235	-10095	358
2235	-7805	808
2235	-8070	475
2235	-8340	718
2235	-8380	1041
2235	-7305	735
2235	-8150	610
2235	-8150	792
2235	-7125	582
2235	-8065	416
2235	-6935	801
2235	-8455	547
2235	-7470	930
2235	-8285	435
2235	-8395	366
2235	-9280	419
2235	-6935	833
2235	-7745	857
2235	-7070	768
2235	-8150	761
2235	-8880	460
2235	-8150	543
2235	-8510	739
2235	-8285	753
2235	-7855	353
2235	-8150	540
2235	-8285	617
2235	-8665	495
2235	-7750	723
2235	-7745	654
2235	-7270	721
2235	-7760	718
2235	-7955	463
2235	-8150	487
2235	-7855	1020
2235	-8995	345
2235	-8150	503
2235	-8240	261
2235	-8345	606
2235	-7945	686
2235	-6935	869
2235	-7565	255
2235	-7125	316
2235	-6935	758
2235	-8285	618
2235	-7335	646
2235	-8285	413
2235	-6995	562
2235	-8285	406
2235	-8150	722
2235	-7475	459
2235	-7625	641
2235	-7085	582
2235	-8045	603
2235	-8285	549
2235	-8150	786
2235	-8285	586
2235	-6940	674
2235	-8285	612
2235	-8205	557
2235	-8610	565
2235	-8285	746
2235	-8445	766
2235	-8745	401
2235	-8205	750
2235	-7260	608
2235	-6935	596
2235	-8935	385
2235	-7125	592
2235	-8880	875
2235	-7880	465
2235	-7195	463
2235	-8150	267
2235	-8070	499
2235	-7125	641
2235	-7570	519
2235	-8475	602
2235	-8150	482
2235	-7260	646
2235	-9015	345
2235	-9085	364
2235	-7430	657
2235	-7475	621
2235	-7970	829
2235	-8205	675
2235	-8475	535
2235	-7795	725
2235	-7745	476
2235	-8285	421
2235	-8150	853
2235	-7735	464
2235	-6940	826
2235	-8880	1145
2235	-8240	1171
2235	-8150	998
2235	-7305	1264
2235	-7240	1165
2235	-8965	818
2235	-7395	1362
2235	-7330	958
2235	-7365	694
2235	-7355	1053
2235	-7930	992
2235	-6935	1123
2235	-6935	986
2235	-6935	1363
2235	-7240	1075
2235	-6935	1269
2235	-6935	831
2235	-7645	951
2235	-8285	1257
2235	-7470	978
2235	-6935	1053
2235	-8410	997
2235	-7140	1059
2235	-6935	1060
2235	-7735	907
2235	-7645	1040
2235	-7065	935
2235	-8150	1267
2235	-6935	984
2235	-7275	875
2235	-7535	1161
2235	-6935	1046
2235	-8285	898
2235	-8880	1225
2235	-8150	1051
2235	-7770	650
2235	-7760	1050
2235	-6935	986
2235	-8860	545
2235	-7305	966
2235	-8015	1059
2235	-6935	1214
2235	-10095	957
2235	-7355	926
2235	-7395	1107
2335	-6935	1143
2235	-7470	902
2235	-7970	999
2235	-7340	872
2235	-8015	826
2235	-8475	941
2235	-8285	979
2235	-9690	990
2235	-6935	1015
2235	-8880	880
2235	-7140	1114
2235	-7625	742
2235	-7665	930
2235	-8150	862
2235	-7665	1082
2235	-7760	1311
2235	-7880	1173
2235	-8150	898
2235	-7475	1136
2235	-7665	819
2235	-7240	958
2235	-7645	991
2235	-9285	1030
2235	-6935	1096
2235	-7855	1026
2235	-7335	842
2235	-8150	965
2235	-6935	904
2235	-8285	802
2235	-7240	1018
2235	-8200	891
2235	-8015	778
2235	-7340	1026
2235	-7240	881
2235	-9280	1227
2235	-7945	961
2235	-6365	1257
2235	-7435	995
2235	-6935	1242
2235	-8150	1069
2235	-7330	1005
2235	-8860	785
2235	-8880	634
2235	-7340	971
2235	-8370	1054
2235	-7140	1121
2235	-7070	1189
2235	-8285	814
2235	-6935	991
2235	-7625	1062
2235	-7125	1097
2235	-6935	1419
2235	-7040	909
2235	-8915	1111
2235	-8285	998
2235	-7745	953
2235	-7475	1036
2235	-7475	985
2235	-6935	1214
2235	-8880	569
2235	-7880	1175
2235	-8285	979
2235	-8150	1300
2235	-6935	997
2235	-6940	907
2235	-7610	1229
2235	-8065	904
2235	-8285	880
2235	-5495	1322
2235	-7760	1192
2235	-7470	1067
2235	-10230	1078
2235	-8745	701
2235	-7070	982
2235	-8080	962
2235	-7150	1235
2235	-6935	907
2235	-7750	925
2235	-7330	1039
2235	-7330	1258
2235	-8850	1113
2235	-7050	1266
2235	-7475	1175
2235	-7105	1119
2235	-7470	1262
2235	-7860	575
2235	-6935	1151
2235	-6340	1195
2235	-8340	946
2235	-7125	888
2235	-7240	1167
2235	-6565	1323
2235	-8285	963
2235	-8005	1069
2235	-7065	1211
2235	-6935	1172
2235	-6935	745
2235	-7345	957
2235	-7470	744
2235	-6615	1103
2235	-7395	961
2235	-6935	1140
3835	-8285	982
3835	-7070	948
2235	-9690	1105
2235	-7395	1082
2235	-8170	928
2235	-8880	712
2235	-6935	1288
2235	-7395	883
2235	-8170	972
2235	-5495	1292
2235	-9690	1070
2235	-8665	1053
2235	-7630	1252
2235	-6935	1106
2235	-7530	913
2235	-8150	1024
2235	-7105	1064
2235	-6395	1181
2235	-6940	984
2235	-8150	985
2235	-7635	1106
2235	-7860	1186
2235	-6935	1226
2235	-6265	1183
2235	-7800	800
2235	-8070	1032
2235	-8150	1164
2235	-8150	1049
2235	-7880	879
2235	-10095	885
2235	-8150	812
2235	-6195	1234
2235	-6935	823
2235	-7745	906
2235	-8340	626
2235	-6935	911
2235	-7260	1045
2235	-6935	1047
2235	-7395	1061
2235	-8015	980
2235	-7610	1131
2235	-6935	875
2235	-7935	922
2235	-8065	931
2235	-8070	736
2235	-7880	917
2235	-9285	944
2235	-7745	949
2235	-8285	631
2235	-6935	963
2235	-7700	1039
2235	-8070	1072
2235	-7855	1008
2235	-6935	1090
2235	-8745	1117
2235	-8340	858
2235	-8150	884
2235	-7160	1263
2235	-5815	1441
2235	-6935	1037
2235	-7105	1308
2235	-7880	1018
2235	-7305	1121
2235	-6935	1343
2235	-7140	1131
2235	-6935	987
2235	-7470	972
2235	-6935	934
2235	-7665	681
2235	-7470	990
2235	-7460	743
2235	-8150	1159
2235	-6935	1058
2235	-7610	1008
2235	-8530	972
2235	-6110	1074
2235	-6935	1217
2235	-7880	1051
2235	-8150	812
2235	-7435	1480
2235	-7240	986
2235	-8015	876
2235	-7125	1164
2235	-7625	1061
2235	-7395	1032
2235	-8475	887
2235	-7205	1031
2235	-7665	1287
2235	-7475	829
2235	-6935	873
2235	-8285	1110
2235	-6935	1058
2235	-6935	1503
2235	-8205	1079
2235	-8065	1154
2235	-7665	1196
2235	-7395	930
2235	-7665	1069
2235	-6935	972
2235	-6935	1008
2235	-7435	1089
2235	-6935	1130
2235	-7470	768
2235	-6430	1195
2235	-7125	996
2235	-7330	1121
2235	-7880	1014
2235	-5815	1391
2235	-6935	966
2235	-6325	1107
2235	-6935	1013
2235	-8205	826
2235	-7015	928
2235	-7475	947
2235	-7020	1162
2235	-7760	1145
2235	-6935	1240
2235	-6970	1367
2235	-6935	1301
2235	-6935	1109
2235	-7880	1207
2235	-6950	1021
2235	-6935	915
2235	-7665	1110
2235	-7050	1006
2235	-6935	1051
2235	-7395	1080
2235	-7735	1057
2235	-8285	1213
2235	-8510	1089
2235	-8185	482
2235	-6310	1240
2235	-7745	823
2235	-8340	838
2235	-6935	1408
2235	-8065	1325
2235	-6935	1465
2235	-7835	1371
2235	-6935	1436
2235	-3925	1700
2235	-7240	1633
2235	-6935	1381
2235	-6935	1390
2235	-5385	1470
2235	-7260	1289
2235	-6565	1299
2235	-5385	1762
2235	-6935	1372
2235	-7440	1464
2235	-6935	1479
2235	-7610	1486
2235	-7800	1143
2235	-8645	1449
2235	-6935	1360
2235	-7140	1461
2235	-6935	1254
2235	-6935	1431
2235	-7395	1429
2235	-6935	1300
2235	-7070	1428
2235	-8150	1195
2235	-6935	1448
2235	-7155	1380
2235	-6935	1460
2235	-7475	1539
2235	-7195	1539
2235	-7880	1395
2235	-7745	1402
2235	-7260	1540
2235	-6935	1575
2235	-6935	1277
2235	-8880	1290
2235	-6935	1282
2235	-6935	1336
