-8205 -8375 -9035
-6675 -9050 -8394
-4885 -8795 -8074
-4795 -8590 -7826
-3300 -8495 -7604
-3300 -8540 -7513
-3300 -8455 -7395
-3300 -8530 -7378
-3300 -8505 -7255
-3300 -8440 -7207
-3300 -8520 -7203
-3300 -8295 -6997
-3300 -8470 -6986
-3000 -8475 -6943
-3000 -8345 -6846
-3000 -8540 -6889
-3000 -8430 -6798
-3000 -8545 -6783
-3000 -8420 -6725
-3000 -8475 -6661
-2620 -8505 -6637
-2620 -8520 -6549
-2620 -8525 -6563
-2620 -8375 -6320
-2620 -8405 -6347
-2620 -8585 -6398
-1960 -8585 -6288
-1960 -8580 -6246
-1960 -8535 -6228
-1960 -8400 -6178
-1960 -8530 -6123
-1960 -8515 -6115
-1960 -8510 -6090
-1960 -8570 -5982
-1960 -8495 -5918
-1960 -8395 -6015
-1960 -8480 -5919
-1960 -8400 -5780
-1960 -8525 -5981
-1960 -8600 -5933
-1960 -8450 -5853
-1960 -8430 -5804
-1960 -8375 -5752
-1960 -8445 -5752
-1960 -8515 -5702
-1960 -8470 -5708
-1960 -8425 -5799
-1960 -8330 -5644
-1960 -8450 -5623
-1960 -8405 -5625
-1960 -8370 -5565
-1960 -8210 -5500
-1960 -8320 -5557
-1960 -8310 -5511
-1960 -8435 -5566
-1960 -8510 -5586
-1960 -8365 -5423
-1960 -8550 -5531
-1960 -8435 -5530
-1100 -8475 -5570
-1100 -8360 -5438
-1100 -8415 -5501
-1100 -8370 -5494
-1100 -8405 -5357
-1100 -8565 -5540
-1100 -8360 -5436
-1100 -8565 -5436
-1100 -8430 -5268
-1100 -8495 -5433
-1100 -8490 -5494
-1100 -8175 -5237
-1100 -8400 -5377
-1100 -8420 -5216
-1100 -8525 -5455
-1100 -8230 -5218
-1100 -8285 -5324
-1100 -8195 -5192
-1100 -8395 -5351
-1100 -8460 -5307
-1100 -8260 -5243
-1100 -8305 -5265
-1100 -8335 -5220
-1100 -8355 -5168
-1100 -8435 -5314
-1100 -8350 -5245
-1100 -8305 -5171
-1100 -8305 -5118
-1100 -8335 -5086
-1100 -8485 -5250
-1100 -8210 -5079
-1100 -8395 -5171
-45 -8320 -5189
-45 -8335 -5250
-45 -8290 -5144
-45 -8355 -5139
-45 -8170 -5145
-45 -8125 -4947
-45 -8305 -5208
-45 -8280 -5035
-45 -8265 -5113
-45 -8320 -5069
-45 -8190 -4886
-45 -8440 -4952
-45 -8280 -5068
-45 -8230 -5024
-45 -8230 -4910
-45 -8230 -4816
-45 -8315 -4926
-45 -8295 -5093
-45 -8295 -4908
-45 -8215 -4892
-45 -8230 -4931
-45 -8145 -4900
-45 -8295 -4967
-45 -8235 -5061
-45 -8355 -5057
-45 -8295 -4887
-45 -8205 -4880
-45 -8170 -4951
-45 -8390 -4951
-45 -8145 -4740
-45 -8350 -4849
-45 -8155 -4880
-45 -8280 -4979
-45 -8225 -4920
-45 -8165 -4812
-45 -8155 -4865
-45 -8185 -5023
-45 -8355 -4873
-45 -8375 -4994
-45 -8210 -4907
-45 -8340 -4974
-45 -8235 -4926
-45 -8150 -4868
-45 -8140 -4911
-45 -8210 -4942
-45 -8210 -4935
-45 -8345 -5012
-45 -8255 -4889
-45 -8185 -5038
-45 -8085 -4798
-45 -8145 -4782
-45 -8190 -4899
-45 -8390 -4952
-45 -8220 -4885
-45 -8380 -4905
-45 -8280 -4936
-45 -8125 -4833
-45 -8030 -4736
-45 -8260 -4906
-45 -8185 -4824
-45 -8205 -4852
-45 -8270 -4771
-45 -8040 -4720
-45 -8230 -4861
-45 -8225 -4842
-45 -8210 -4658
-45 -8205 -4798
-45 -8185 -4742
-45 -8050 -4592
-45 -8340 -4839
-45 -8135 -4631
-45 -8115 -4724
-45 -8245 -4754
-45 -8245 -4877
-45 -8295 -4769
-45 -8210 -4732
-45 -8125 -4786
-45 -8280 -4840
-45 -8255 -4786
-45 -8170 -4654
-45 -8285 -4678
-45 -8250 -4681
-45 -8190 -4681
-45 -8190 -4713
-45 -8365 -4849
-45 -8260 -4641
-45 -8170 -4679
-45 -8005 -4563
-45 -8230 -4695
-45 -8240 -4678
-45 -8370 -4749
-45 -8105 -4637
-45 -8005 -4591
-45 -8075 -4554
-45 -8165 -4713
-45 -8275 -4717
-45 -8030 -4627
-45 -8145 -4653
-45 -8215 -4665
-45 -8250 -4555
-45 -8180 -4538
-45 -8145 -4582
-45 -8225 -4631
-45 -8110 -4547
-45 -8150 -4698
-45 -8170 -4768
-45 -8110 -4610
-45 -8190 -4569
-45 -8200 -4750
-45 -8105 -4509
-45 -8060 -4381
-45 -8200 -4598
-45 -8075 -4612
-45 -8035 -4623
-45 -8165 -4474
-45 -8190 -4637
-45 -7990 -4636
-45 -7960 -4423
-45 -8110 -4696
1220 -8075 -4485
1220 -8105 -4549
1220 -7970 -4466
1220 -8175 -4479
1220 -8065 -4613
1220 -8000 -4445
1220 -8130 -4575
1220 -8075 -4506
1220 -8205 -4559
1220 -8090 -4493
1220 -8055 -4390
1220 -8250 -4545
1220 -8055 -4569
1220 -8170 -4610
1220 -8085 -4514
1220 -8030 -4513
1220 -8085 -4427
1220 -8175 -4427
1220 -8020 -4378
1220 -8095 -4469
1220 -7945 -4412
1220 -8175 -4443
1220 -8230 -4398
1220 -8210 -4381
1220 -8325 -4561
1220 -8125 -4553
1220 -8090 -4550
1220 -8130 -4502
1220 -8200 -4382
1220 -8255 -4446
1220 -8045 -4482
1220 -8010 -4370
1220 -8020 -4373
1220 -8150 -4542
1220 -8095 -4449
1220 -7980 -4336
1220 -8165 -4641
1220 -8050 -4386
1220 -8235 -4515
1220 -8040 -4317
1220 -7910 -4309
1220 -8070 -4360
1220 -8010 -4382
1220 -8050 -4400
1220 -8100 -4382
1220 -8170 -4483
1220 -8260 -4517
1220 -8115 -4460
1220 -7870 -4331
1220 -8010 -4276
1220 -7955 -4265
1220 -7905 -4364
1220 -8040 -4232
1220 -8110 -4357
1220 -8185 -4458
1220 -8175 -4432
1220 -8130 -4350
1220 -8150 -4474
1220 -8105 -4422
1220 -8095 -4405
1220 -8110 -4421
1220 -8365 -4409
1220 -8140 -4326
1220 -8215 -4372
1220 -8265 -4397
1220 -7965 -4350
1220 -8170 -4228
1220 -7980 -4300
1220 -7950 -4189
1220 -8065 -4184
1220 -8120 -4306
1220 -8165 -4449
1220 -8055 -4149
1220 -8000 -4280
1220 -7835 -4117
1220 -8150 -4389
1220 -7975 -4198
1220 -8140 -4341
1220 -7915 -4214
1220 -8165 -4344
1220 -8190 -4458
1220 -8045 -4338
1220 -8135 -4400
1220 -8005 -4246
1220 -7830 -4205
1220 -7970 -4249
1220 -8165 -4308
1220 -8145 -4247
1220 -8020 -4179
1220 -8030 -4171
1220 -7995 -4135
1220 -8130 -4283
1220 -8145 -4267
1220 -8015 -4216
1220 -7920 -3992
1220 -8110 -4117
1220 -7995 -3930
1220 -7905 -4190
1220 -8185 -4395
1220 -7925 -4085
1220 -8100 -4273
1220 -8110 -4213
1220 -8180 -4268
1220 -8005 -4046
1220 -8230 -4238
1220 -8250 -4285
1220 -8135 -4257
1220 -7760 -4030
1220 -8005 -4122
1220 -8080 -4091
1220 -8120 -4216
1220 -7890 -3952
1220 -8070 -4120
1220 -8025 -4071
1220 -8055 -4061
1220 -7930 -4057
1220 -8005 -4052
1220 -7975 -4023
1220 -8115 -4226
1220 -8010 -4009
1220 -8215 -4239
1220 -8020 -4017
1220 -8090 -4218
1220 -8130 -4087
1220 -7980 -4035
1220 -8095 -4239
1220 -8035 -4142
1220 -8110 -4090
1220 -8085 -4027
1220 -8135 -4204
1220 -8225 -4198
1220 -8035 -4066
1220 -8030 -4053
1220 -8165 -4135
1220 -8085 -4062
1220 -8045 -4119
1220 -8150 -4057
1220 -8120 -4075
1220 -8120 -4052
1745 -8005 -3930
1745 -7930 -3983
1745 -8045 -4076
1745 -8165 -4040
1745 -7920 -4041
1745 -8250 -4175
1745 -8110 -4168
1745 -8120 -4074
1745 -8040 -3977
1745 -8035 -3975
1745 -8100 -4007
1745 -8005 -3883
1745 -7975 -4031
1745 -8055 -4062
1745 -8310 -4137
1745 -7985 -3991
1745 -8185 -3851
1745 -8015 -4012
1745 -8010 -4030
1745 -8045 -4015
1745 -7945 -4038
1745 -7975 -3903
1745 -7990 -4052
1745 -8040 -3973
1745 -7875 -3867
1745 -7820 -3843
1745 -7995 -3907
1745 -8045 -3882
1745 -7990 -3875
1745 -8065 -3865
1745 -8155 -3968
1745 -7785 -3880
1745 -7875 -3875
1745 -8040 -4082
1745 -7905 -3801
1745 -8000 -3774
1745 -7990 -3887
1745 -7990 -3994
1745 -7965 -3831
1745 -8185 -4091
1745 -8020 -3870
1745 -7965 -3875
1745 -7825 -3691
1745 -8010 -3838
1745 -7885 -3682
1745 -7780 -3772
1745 -8060 -3901
1745 -8060 -3860
1745 -7900 -3771
1745 -7990 -3671
1745 -8055 -3705
1745 -7865 -3827
1745 -7680 -3644
1745 -8050 -3883
1745 -7990 -3808
1745 -8110 -3873
1745 -8015 -3890
1745 -7945 -3879
1745 -7940 -3698
1745 -7975 -3664
1745 -7920 -3774
1745 -8020 -3844
1745 -7995 -3853
1745 -7865 -3603
1745 -8040 -3673
1745 -8095 -3747
1745 -7915 -3565
1745 -7895 -3655
1745 -8020 -3800
1745 -8040 -3678
1745 -8100 -3648
1745 -7920 -3640
1745 -7740 -3609
1745 -7875 -3535
1745 -8095 -3563
1745 -7935 -3649
1745 -7985 -3571
1745 -7965 -3581
1745 -7815 -3410
1745 -7865 -3518
1745 -7920 -3606
1745 -8090 -3573
1745 -7795 -3406
1745 -7905 -3579
1745 -7995 -3565
1745 -7975 -3441
1745 -8090 -3556
1745 -8010 -3505
1745 -7945 -3319
1745 -7990 -3347
1745 -8095 -3571
1745 -8000 -3293
1745 -8045 -3484
1745 -7870 -3404
1745 -8030 -3439
1745 -8100 -3388
1745 -7940 -3277
1745 -8150 -3285
1745 -8095 -3411
1745 -8140 -3386
1745 -8105 -3265
1745 -7985 -3229
1745 -8190 -3443
1745 -8120 -3284
1745 -8185 -3451
1745 -8120 -3442
1745 -8080 -3367
1745 -8170 -3287
1745 -8070 -3200
1745 -8120 -3135
1745 -8225 -3245
1745 -8140 -3254
1745 -8095 -3200
1745 -8130 -3191
1745 -8085 -3110
1745 -7855 -2807
1745 -8085 -2947
1745 -8130 -2985
1745 -8085 -3116
1745 -8180 -2962
1745 -8005 -3006
1745 -8080 -3075
1745 -8050 -2959
1745 -7975 -2946
1745 -8080 -2826
1745 -7910 -2874
1745 -8185 -3058
1745 -8085 -3009
1745 -8065 -2943
1745 -8100 -2832
1745 -8140 -2919
1745 -8070 -2885
1745 -8085 -2985
1745 -7975 -2849
1745 -8045 -2677
1745 -8140 -2812
1745 -8200 -2774
1745 -8080 -2687
1745 -8235 -2809
1745 -7955 -2569
1745 -8020 -2824
1745 -7980 -2703
1745 -7980 -2440
1745 -8140 -2740
1745 -8005 -2631
1745 -8085 -2514
1745 -7835 -2596
1745 -8140 -2740
1745 -7960 -2733
1745 -8035 -2700
1745 -7970 -2587
1745 -8045 -2685
1745 -8150 -2769
1745 -7975 -2598
1745 -8110 -2672
1745 -7995 -2549
1745 -7815 -2307
1745 -7885 -2569
1745 -7965 -2524
1745 -8170 -2859
1745 -8085 -2765
1745 -8000 -2533
1745 -7885 -2693
1745 -8160 -2787
1745 -8030 -2471
1745 -7800 -2624
1745 -8055 -2734
1745 -7950 -2788
1745 -8050 -2625
1745 -8115 -2691
1745 -7915 -2601
1745 -7840 -2505
1825 -7990 -2491
1825 -7640 -2451
1825 -7890 -2653
1825 -7970 -2465
1825 -7890 -2443
1825 -8095 -2475
1825 -7870 -2557
1825 -8055 -2607
1825 -8005 -2612
1825 -7995 -2625
1825 -7805 -2517
1825 -7945 -2410
1825 -7955 -2446
1825 -8020 -2389
1825 -7775 -2318
1825 -8070 -2579
1825 -7740 -2274
1825 -7935 -2401
1825 -7980 -2630
1825 -7765 -2331
1825 -7985 -2539
1825 -8085 -2478
1825 -7770 -2344
1825 -7805 -2239
1825 -7745 -2255
1825 -7960 -2608
1825 -7985 -2406
1825 -7845 -2494
1825 -8020 -2476
1825 -7805 -2363
1825 -8000 -2505
1825 -7855 -2121
1825 -8065 -2647
1825 -8030 -2484
1825 -7855 -2326
1825 -7975 -2440
1825 -8045 -2292
1825 -8080 -2555
1825 -7770 -2253
1825 -7805 -2461
1825 -7975 -2467
1825 -7970 -2490
1825 -8010 -2346
1825 -7955 -2373
1825 -7905 -2244
1825 -7975 -2180
1825 -7990 -2409
1825 -7800 -2327
1825 -7740 -2144
1825 -7655 -2135
1825 -7620 -2213
1825 -7840 -2286
1825 -7820 -2380
1825 -7685 -2196
1825 -7705 -2382
1825 -7905 -2395
1825 -7875 -2282
1825 -7925 -2184
1825 -7935 -2408
1825 -7935 -2405
1825 -7880 -2209
1825 -8055 -2446
1825 -7880 -2287
1825 -7770 -2117
1825 -7905 -2299
1825 -8025 -2453
1825 -7855 -2184
1825 -7890 -2219
1825 -7840 -2177
1825 -7675 -1930
1825 -8120 -2422
1825 -7830 -2320
1825 -7905 -2453
1825 -7870 -2286
1825 -7835 -2228
1825 -7885 -2155
1825 -7895 -2190
1825 -7790 -2187
1825 -7865 -2229
1825 -7760 -2112
1825 -7965 -2295
1825 -7805 -2194
1825 -8050 -2417
1825 -7800 -2045
1825 -7705 -1920
1825 -7975 -2275
1825 -8150 -2199
1825 -7710 -2037
1825 -7805 -2081
1825 -7890 -2437
1825 -7940 -2055
1825 -7685 -2191
1825 -7925 -2172
1890 -7940 -1913
1890 -7780 -2051
1890 -8055 -2246
1890 -8100 -2195
1890 -7880 -2047
1890 -7885 -2128
1890 -7810 -2124
1890 -7810 -1834
1890 -7705 -2015
1890 -7650 -1935
1890 -7755 -1816
1890 -7580 -1874
1890 -7840 -2142
1890 -7635 -1952
1890 -8005 -2167
1890 -7745 -1969
1890 -7670 -1731
1890 -7560 -1985
1890 -7620 -1905
1890 -7770 -1918
1890 -7835 -2003
1890 -7785 -1866
1890 -7635 -1765
1890 -7855 -1970
1890 -7675 -1833
1890 -7565 -1610
1890 -7560 -1969
1890 -7670 -1927
1890 -7720 -1845
1890 -7670 -2006
1890 -7670 -2029
1890 -7695 -1836
1890 -7600 -1790
1890 -7525 -1714
1890 -7790 -1737
1890 -7775 -1655
1890 -7800 -2060
1890 -7840 -2141
1890 -7710 -2083
1890 -7795 -1924
1890 -7835 -1971
1890 -7495 -1916
1890 -7455 -1684
1890 -7750 -2184
1890 -7495 -1880
1890 -7870 -2031
1890 -7750 -1876
1890 -7555 -1981
1890 -7535 -1731
1890 -7295 -1615
1890 -7680 -2122
2025 -7455 -1729
2025 -7560 -1830
2025 -7490 -1754
2025 -7495 -1777
2025 -7720 -1763
2025 -7230 -1538
2025 -7675 -1858
2025 -7635 -1832
2025 -7725 -2013
2025 -7565 -1823
2025 -7740 -1920
2025 -7535 -1706
2025 -7720 -1779
2025 -7870 -2051
2025 -7635 -1758
2025 -7560 -1806
2025 -7270 -1621
2025 -7425 -1464
2025 -7370 -1473
2025 -7395 -1470
2035 -7685 -1367
2035 -7330 -1471
2035 -7390 -1464
2035 -7225 -1338
2035 -7430 -1503
2035 -7170 -1330
2035 -7415 -1474
2035 -7370 -1391
2230 -7265 -1293
2230 -7460 -1506
2230 -7325 -1398
2230 -7075 -1168
2230 -7300 -1383
2230 -7680 -1561
2230 -7340 -1444
2230 -7295 -1291
2230 -7465 -1477
2230 -7420 -1484
2230 -7255 -1432
2230 -7365 -1511
2230 -7500 -1449
2230 -7500 -1670
2230 -7520 -1398
2230 -6950 -1162
2230 -7250 -1204
2230 -7035 -1224
2230 -7465 -1465
2230 -7390 -1365
2230 -7140 -1230
2230 -6945 -1122
2230 -7330 -1400
2230 -7360 -1373
2230 -6955 -1074
2230 -7345 -1377
2230 -7065 -1432
2230 -7280 -1336
2230 -7025 -1112
2230 -6685 -917
2230 -7035 -1146
2230 -7130 -1160
2230 -7200 -988
2230 -7095 -1264
2230 -7340 -1149
2230 -7135 -1287
2230 -7235 -1271
2230 -7330 -1243
2230 -6965 -881
2230 -7060 -1116
2230 -6925 -1012
2230 -7195 -1271
2230 -7325 -1246
2230 -7285 -1202
2230 -6935 -773
2230 -6850 -1185
2230 -6815 -837
2230 -6840 -919
2230 -7170 -1104
2230 -7140 -807
2230 -7095 -1057
2230 -7065 -802
2230 -7265 -1070
2230 -6860 -852
2230 -6950 -968
2230 -7135 -956
2230 -6920 -994
2230 -6955 -948
2230 -6975 -831
2230 -7215 -867
2230 -6840 -910
2230 -7140 -878
2230 -7040 -918
2230 -7130 -852
2230 -7145 -1030
2230 -7140 -1089
2230 -7145 -931
2230 -7225 -1095
2230 -6515 -475
2230 -6695 -682
2230 -6450 -507
2230 -6865 -574
2230 -6295 -371
2230 -6740 -596
2230 -7145 -1067
2230 -6870 -572
2230 -6295 -518
2230 -6925 -605
2230 -6630 -621
2230 -6225 -477
2230 -6295 -270
2230 -6910 -702
2230 -6335 -576
2230 -5845 -316
2230 -6545 -546
2230 -6630 -275
2230 -6295 -229
2230 -6585 -713
2230 -7135 -958
2230 -6865 -554
2230 -6515 -505
2230 -6475 -449
2230 -6310 -256
2230 -6650 -624
2230 -6735 -638
2230 -6650 -482
2230 -6685 -350
2230 -6555 -250
2230 -6500 -635
2230 -7135 -690
2230 -6665 -557
2230 -6330 -445
2230 -6430 -385
2230 -5925 -243
2230 -4875 -238
2230 -6830 -498
2230 -6845 -690
2230 -6225 -274
2230 -5895 -107
2230 -6525 -351
2230 -6025 -28
2230 -6465 -480
2230 -6180 -215
2230 -6285 -445
2230 -6040 -259
2230 -6015 -273
2230 -6010 -318
2230 -6015 -162
2230 -6015 -72
2230 -6760 -448
2230 -6450 -228
2230 -6930 -590
2235 -6745 -517
2235 -6305 -262
2235 -6045 -349
2235 -6425 -381
2235 -6355 -227
2235 -6015 -313
2235 -6540 -426
2235 -6915 -679
2235 -6460 -394
2235 -6530 -368
2235 -6625 -425
2235 -5075 -114
2235 -6625 -362
2235 -6450 -585
2235 -6460 -437
2235 -6545 -596
2235 -6525 -331
2235 -6650 -351
2235 -6145 -335
2235 -6400 -533
2235 -6425 -532
2235 -5685 -236
2235 -6995 -573
2235 -6530 -418
2235 -5540 -107
2235 -6510 -428
2235 -5585 -191
2235 -5930 -139
2235 -6015 -224
2235 -6215 -227
2235 -5795 -186
2235 -6355 -130
2235 -4930 -238
2235 -6625 -559
2235 -5775 -56
2235 -6105 -215
2235 -6115 -176
2235 -6635 -665
2235 -6085 -117
2235 -6860 -694
2235 -6305 -382
2235 -6330 -281
2235 -6180 -273
2235 -6130 -345
2295 -6015 -144
2295 -5235 -72
2295 -6115 -323
2295 -6140 -332
2295 -5440 -123
2295 -5640 -332
2295 -6440 -558
2295 -6630 -503
2295 -6435 -407
2295 -6625 -316
2295 -6115 -474
2295 -6740 -357
2295 -5845 -219
2295 -6450 -555
2295 -6115 -253
2295 -6525 -465
2295 -5780 -299
2295 -6545 -292
2295 -6405 -666
2295 -6315 -333
2295 -6115 -341
2295 -6090 -205
2295 -6095 -146
2295 -6360 -484
2295 -5875 -186
2295 -6115 -274
2295 -6495 -350
2295 -6530 -586
2295 -5775 -225
2295 -6515 -309
2295 -6215 -181
2295 -6040 -342
2295 -5560 76
2295 -6630 -363
2295 -5930 -160
2295 -4875 151
2295 -6495 -288
2295 -7140 -499
2295 -6335 -305
2295 -5595 -86
2295 -6225 -189
2295 -6185 6
2295 -5065 -206
2295 -6525 -327
2295 -6180 -138
2295 -6530 -371
2295 -4495 64
2295 -6515 -566
2295 -4840 -62
2295 -6585 -409
2295 -5495 -75
2295 -6655 -436
2295 -6515 -418
2295 -5670 -165
2295 -6140 -413
2295 -5585 -252
2295 -6455 -253
2295 -6155 -128
2295 -5385 -58
2295 -4875 28
2295 -4875 59
2295 -4740 -33
2295 -5385 -58
2295 -5495 -149
2295 -5495 61
2295 -6450 -140
2295 -4875 95
2295 -5105 26
2295 -5385 102
2295 -4525 92
2295 -4930 119
2295 -4740 223
2295 -5735 -19
2295 -6425 -149
2295 -5885 21
2295 -5925 -28
2295 -5585 133
2295 -6465 -108
2295 -6200 -44
2295 -4740 235
2295 -6200 -38
2295 -6115 -192
2295 -5525 42
2295 -5910 37
2295 -6585 -227
2295 -4930 -97
2295 -4875 -40
2295 -5700 -246
2295 -6045 -93
2295 -4200 208
2295 -4740 81
2295 -4875 59
2295 -6835 -489
2295 -6315 37
2295 -6125 -77
2295 -5065 101
2295 -5795 17
2295 -5385 46
2295 -6415 -408
2295 -5440 -136
2295 -4740 141
2295 -6450 -114
2295 -5895 -64
2295 -5065 184
5740 -5695 128
5740 -4740 90
5740 -5370 108
5740 -6265 -93
5740 -6260 33
5740 -4720 277
5740 -5065 134
5740 -4740 306
5740 -6045 -21
5740 -5605 -115
5740 -5140 232
5740 -4875 173
5740 -4065 245
5740 -4605 447
5740 -6240 -52
5740 -6325 -62
5740 -4660 252
5740 -5570 128
5740 -6115 103
5740 -4335 224
5740 -5905 236
5740 -6195 48
5740 -6275 -36
5740 -5350 -4
5740 -5955 55
5740 -4470 247
5740 -5385 140
5740 -5815 209
5740 -5440 6
5740 -5815 195
5740 -4335 419
5740 -4335 278
5740 -5640 5
5740 -4605 239
5740 -5195 379
5740 -4605 386
5740 -4605 267
5740 -6600 -66
5740 -4470 235
5740 -5385 356
5740 -4505 447
5740 -4470 246
5740 -4740 542
5740 -5005 332
5740 -4660 420
5740 -5065 279
5740 -4930 168
5740 -4605 566
5740 -4120 560
5740 -4875 469
5740 -4315 447
5740 -3850 778
5740 -4335 520
5740 -4235 663
5740 -4740 463
5740 -4750 385
5740 -4740 609
5740 -4335 824
5740 -4200 728
5740 -4605 691
5740 -4525 922
5740 -3970 1164
5740 -4780 889
5740 -4900 1124
5740 -3935 1472
5740 -3925 1237
5740 -4740 1167
5740 -5385 1336
5740 -4375 1563
5740 -4335 1591
5740 -3930 1657
5740 -3830 1954
5740 -3660 2075
5740 -3725 2458
5740 -4525 1973
5740 -3635 2142
5740 -4060 2174
5740 -3695 2477
5740 -3630 2622
5740 -3655 2517
5740 -3500 2714
5740 -3255 2833
5740 -3430 2810
5740 -3630 2676
5740 -3440 2710
5740 -3695 2399
5740 -3935 2303
5740 -3655 2748
5740 -3635 2564
5740 -3620 2752
5740 -3220 2938
5740 -3130 2921
5740 -3505 2775
5740 -3745 2619
5740 -3530 2745
5740 -3935 2154
5740 -3660 2716
5740 -3440 2916
5740 -3525 2762
5740 -3925 2512
5740 -3445 2818
5740 -3600 2458
5740 -4040 2471
5740 -3745 2666
5740 -3175 3076
5740 -3925 2402
5740 -4065 2338
5740 -3735 2789
5740 -3530 2929
5740 -3635 2639
5740 -3715 2867
5740 -3815 2544
5740 -3715 2448
5740 -3730 2235
5740 -3725 2636
5740 -3695 2566
5740 -3660 2796
5740 -3500 2833
5740 -3465 2798
5740 -3530 3011
5740 -3595 2778
5740 -3230 2895
5740 -3700 2675
5740 -3745 2568
5740 -3545 2814
5740 -3600 2660
5740 -3640 2778
5740 -3725 2587
5740 -3515 2781
5740 -3785 2697
5740 -3660 2717
5740 -3630 2701
5740 -3530 2657
5740 -3530 2855
5740 -3430 2990
5740 -3730 2814
5740 -3640 2522
5740 -3610 2865
5740 -3620 2793
5740 -3640 2561
5740 -3325 3000
5740 -3660 2685
5740 -3610 2768
5740 -3660 2566
5740 -3430 2791
5740 -3595 2752
5740 -3635 2692
5740 -3930 2567
5740 -3525 2732
5740 -3655 2683
5740 -3640 2566
5740 -3925 2879
5740 -3660 2779
5740 -3315 2816
5740 -3430 2737
5740 -3745 2516
5740 -3935 2205
5740 -3560 2590
5740 -3640 2614
5740 -3850 2688
5740 -3500 2805
5740 -3340 2959
5740 -3695 2747
5740 -3730 2666
5740 -3235 3121
5740 -3465 2897
5740 -3255 3081
5740 -3520 2848
5740 -3495 2759
5740 -3595 2888
5740 -3195 3143
5740 -3335 2809
5740 -2805 3285
5740 -3660 2755
5740 -3715 2575
5740 -3430 2833
5740 -3905 2584
5740 -3430 3082
5740 -3365 2964
5740 -3630 2864
5740 -3425 2973
5740 -3430 2842
5740 -3465 2840
5740 -3230 2957
5740 -3100 2914
5740 -3125 3309
5740 -3755 2651
5740 -3395 2863
5740 -3430 2802
5740 -3735 2850
5740 -3225 3131
5740 -2805 3372
5740 -3320 3003
5740 -2940 3014
5740 -3525 2844
5740 -3235 2868
5740 -3525 2854
5740 -3430 3034
5740 -3320 3030
5740 -3110 3085
5740 -3210 3078
5740 -3560 2747
5740 -3315 2924
5740 -3175 3137
5740 -3230 3107
5740 -2985 3117
5740 -3445 2778
5740 -3385 2874
5740 -3255 3040
5740 -3430 3034
5740 -3330 2916
5740 -3465 2879
5740 -3180 3090
5740 -3565 2713
5740 -3230 2780
5740 -3120 3061
5740 -3400 2971
5740 -3465 3204
5740 -2940 3156
5740 -2915 3284
5740 -3290 3026
5740 -3255 2982
5740 -3235 3117
5740 -3160 2947
5740 -3430 2885
5740 -3430 3100
5740 -3130 3354
5740 -2920 3094
5740 -2825 3338
5740 -3480 2980
5740 -3395 3095
5740 -3030 3181
5740 -3140 2967
5740 -3390 2953
5740 -3110 2932
5740 -3430 3062
5740 -3425 2805
5740 -3595 2924
5740 -3660 2721
5740 -2675 3479
5740 -3465 3234
5740 -3195 3268
5740 -3010 3095
5740 -3445 3103
5740 -2920 3285
5740 -2790 3347
5740 -3245 3186
5740 -3015 3258
5740 -2720 3275
5740 -3395 2869
5740 -2525 3489
5740 -3250 3127
5740 -3040 3171
5740 -3340 3220
5740 -3195 3145
5740 -3430 2760
5740 -2865 3178
5740 -2585 3572
5740 -3350 3195
5740 -2995 3513
5740 -3425 3152
5740 -2790 3401
5740 -3195 3377
5740 -3110 3294
5740 -3195 3088
5740 -2790 3458
5740 -3210 3214
5740 -3205 2924
5740 -3155 3232
5740 -2895 3695
5740 -2940 3319
5740 -3020 3269
5740 -3430 2998
5740 -2915 3198
5740 -3130 3322
5740 -3390 3020
5740 -2965 3112
5740 -3430 3146
5740 -3025 3278
5740 -2775 3307
5740 -3200 3227
5740 -2850 3384
5740 -2945 3032
5740 -3210 3216
5740 -2995 3658
5740 -2845 3360
5740 -2710 3540
5740 -2995 3435
5740 -3500 3215
5740 -3290 3352
5740 -2730 3507
5740 -3110 3054
5740 -3090 3517
5740 -3430 3154
5740 -2130 3713
5740 -2405 3478
5740 -3390 3024
5740 -3000 3400
5740 -3195 3284
5740 -2670 3467
5740 -3155 3330
5740 -2795 3292
5740 -3190 3177
5740 -2505 3519
5740 -3180 3276
5740 -2795 3465
5740 -2955 3467
5740 -2855 3354
5740 -2910 3173
5740 -2895 3547
5740 -3040 3335
5740 -2935 3278
5740 -3155 3234
5740 -2590 3637
5740 -2775 3421
5740 -2735 3390
5740 -2845 3324
5740 -2615 3472
5740 -2630 3598
5740 -2215 3889
5740 -2615 3821
5740 -2820 3549
5740 -2295 3697
5740 -2300 3818
5740 -3060 3414
5740 -2670 3382
5740 -2615 3668
5740 -2815 3483
5740 290 4098
5740 -2700 3594
5740 -2310 3730
5740 -3035 3364
5740 -2670 3736
5740 -1990 3834
5740 -2755 3465
5740 -2690 3562
5740 -3025 3424
5740 -2665 3589
5740 -2215 3742
5740 -2620 3853
5740 -2860 3534
5740 -2350 3768
5740 -2335 3988
5740 -2310 3838
5740 -3020 3221
5740 -3060 3407
5740 -2720 3597
5740 -2680 3644
5740 -2635 3411
5740 -2605 3640
5740 -2615 3612
5740 -2395 3640
5740 -3155 3278
5740 -2655 3795
5740 -2485 3607
5740 -2715 3646
5740 -2395 3532
5740 -2920 3378
5740 -2090 3939
5740 -1880 4045
5740 -2655 3485
5740 -1880 3982
5740 -2310 3901
5740 -2250 3760
5740 -2295 3806
5740 -2585 3612
5740 -2495 3751
5740 -1880 4006
5740 -2720 3619
5740 -2440 3844
5740 -1880 4027
5740 -2310 3730
5740 -2525 3690
5740 -2670 3588
5740 -2170 3737
5740 290 4184
5740 -2750 3584
5740 -2300 3648
5740 -1675 4066
5740 -2310 3721
5740 -2500 3575
5740 -2395 3781
5740 -2295 3720
5740 -1990 3773
5740 -1895 3832
5740 -2615 3450
5740 -1880 3959
5740 -2650 3522
5740 -2315 3846
5740 -1895 4012
5740 -2320 3749
5740 -2495 3604
5740 -2400 3748
5740 -1880 3892
5740 -2670 3675
5740 -2400 3755
5740 -2090 3885
5740 -2190 3724
5740 -2335 3783
5740 -1135 3896
5740 -25 4161
5740 -1880 3959
5740 -1915 3858
5740 -2335 3699
5740 -2185 3914
5740 -1880 3902
5740 290 4267
5740 -2290 3842
5740 -1880 4061
5740 -2320 3967
5740 -2595 3867
5740 -2600 3776
5740 290 4111
5740 -1520 3961
5740 385 4226
5740 -1880 4079
5740 -495 4041
5740 290 4161
5740 -2310 3676
5740 -1990 3989
5740 -1990 3802
5740 -1785 4111
5740 10 4171
5740 -2285 3864
5740 290 4100
5740 -2320 3927
5740 -2250 4040
5740 -2315 3851
5740 -2310 3922
5740 290 3933
5740 -2050 3916
5740 -1880 4248
5740 -1880 4277
5740 290 4362
5740 -1880 3815
5740 -2605 3639
5740 -1990 4028
5740 -1880 3804
5740 290 4189
5740 425 4126
5740 -1880 4034
5740 290 4225
5740 290 4385
5740 -1880 4161
5740 -2215 4033
5740 290 4050
5740 -1880 4127
5740 575 4513
5740 -1880 3977
5740 290 4171
5740 290 3924
5740 -1195 3934
5740 425 4195
5740 290 4158
5740 -1385 3941
5740 -185 4007
5740 290 4074
5740 425 4298
5740 290 4038
5740 -1990 3780
5740 290 4275
5740 -1880 4198
5740 290 4328
5740 425 4159
5740 290 4349
5740 290 4020
5740 290 3971
5740 -2485 3746
5740 290 4239
5740 -1990 3976
5740 -1880 4130
5740 290 4466
5740 -2190 3823
5740 -325 4048
5740 -1880 3984
5740 575 4237
5740 -1880 4085
5740 385 4238
5740 -1880 4163
5740 385 4292
5740 290 4127
5740 575 4319
5740 575 4275
5740 290 4436
5740 575 4642
5740 290 4011
5740 425 4267
5740 290 4304
5740 575 4526
5740 385 4135
5740 385 4209
5740 -1115 4101
5740 290 4180
5740 575 4255
5740 575 4365
5740 290 4067
5740 425 4433
5740 290 4283
5740 385 4243
5740 425 4359
5740 575 4186
5740 425 4297
5740 -1880 3995
5740 290 4320
5740 385 4092
5740 290 4223
5740 575 4399
5740 575 4398
5740 385 4170
5740 290 4112
5740 290 4312
5740 385 4401
5740 575 4265
5740 425 4325
5740 710 4433
5740 575 4378
5740 385 4097
5740 790 4316
5740 710 4461
5740 575 4418
5740 290 4185
5740 695 4434
5740 710 4450
5740 830 4501
5740 425 4313
5740 695 4495
5740 425 4205
5740 575 4336
5740 790 4254
5740 1115 4689
5740 695 4427
5740 710 4447
5740 425 4250
5740 575 4358
5740 695 4500
5740 1100 4598
5740 710 4530
5740 290 4282
5740 710 4625
5740 575 4406
5740 575 4314
5740 695 4489
5740 385 4408
5740 1100 4470
5740 425 4254
5740 290 4227
5740 575 4545
5740 425 4298
5740 830 4700
5740 575 4325
5740 575 4467
5740 575 4525
5740 385 4354
5740 710 4410
5740 830 4574
5740 290 4026
5740 290 4411
5740 385 4295
5740 710 4593
5740 790 4660
5740 575 4475
5740 695 4460
5740 1100 4907
5740 830 4530
5740 830 4601
5740 830 4469
5740 1100 4762
5740 790 4516
5740 575 4480
5740 830 4658
5740 695 4527
5740 695 4702
5740 695 4512
5740 980 4626
5740 1100 4644
5740 965 4698
5740 1105 4753
5740 830 4563
5740 965 4739
5740 1100 4797
5740 1100 4639
5740 575 4502
5740 830 4735
5740 965 4718
5740 965 4637
5740 1100 4668
5740 1100 4787
5740 425 4433
5740 1105 4582
5740 830 4412
5740 790 4695
5740 575 4482
5740 575 4469
5740 710 4607
5740 695 4554
5740 790 4651
5740 575 4480
5740 830 4722
5740 1100 4792
5740 1100 4576
5740 1100 4686
5740 830 4751
5740 1105 4859
5740 1100 4974
5740 1100 4599
5740 1335 4849
5740 710 4616
5740 1335 4958
5740 1100 4679
5740 710 4475
5740 1100 4879
5740 1105 4744
5740 1105 4770
5740 980 4661
5740 1100 4690
5740 830 4581
5740 1100 4934
5740 710 4706
5740 980 4574
5740 1100 4677
5740 1100 4806
5740 710 4436
5740 1100 4604
5740 980 4639
5740 1100 4599
5740 1195 4627
5740 1435 4974
5740 1100 4556
5740 1195 4996
5740 830 4694
5740 1250 4876
5740 985 4897
5740 1100 4768
5740 1315 4868
5740 1115 4782
5740 1315 4965
5740 1195 4894
5740 830 4581
5740 1420 5034
5740 1410 4987
5740 1435 4921
5740 1390 5037
5740 1505 4948
5740 1115 4863
5740 1390 4958
5740 1335 4882
5740 965 4682
5740 1470 5234
5740 1220 4802
5740 1195 4954
5740 1105 4875
5740 1315 4778
5740 1315 4896
5740 1420 5104
5740 1315 4955
5740 1105 4844
5740 1195 4909
5740 1335 4993
5740 1195 4909
5740 1470 5238
5740 1335 4863
5740 1385 4897
5740 1630 5201
5740 1195 4928
5740 1105 4836
5740 1420 5120
5740 1385 5021
5740 1390 4958
5740 1060 4884
5740 965 4688
5740 1410 4935
5740 1335 4716
5740 1435 5017
5740 1410 4905
5740 1470 4997
5740 1420 5048
5740 1335 4939
5740 1335 4726
5740 1410 5170
5740 1435 4976
5740 1530 5219
5740 1470 5204
5740 1390 5049
5740 1525 5199
5740 1600 5247
5740 1630 5351
5740 1535 5304
5740 1505 5155
5740 1735 5428
5740 1620 5347
5740 1115 4940
5740 1390 4881
5740 1385 5084
5740 1335 5100
5740 1435 5048
5740 1390 4924
5740 1470 5041
5740 1250 4950
5740 1525 5293
5740 1335 4784
5740 1385 5162
5740 1435 5136
5740 1525 5345
5740 1505 5069
5740 1430 5156
5740 1535 5215
5740 1435 5256
5740 1535 5270
5740 1100 4849
5740 1470 5246
5740 1335 4992
5740 1435 5098
5740 1470 5130
5740 1435 5166
5740 1385 5047
5740 1410 5135
5740 1435 5155
5740 1530 5216
5740 1630 5382
5740 1530 5341
5740 1535 5411
5740 1620 5287
5740 1525 5257
5740 1250 5057
5740 1820 5520
5740 1535 5364
5740 1470 5112
5740 2510 5688
5740 1720 5415
5740 1720 5525
5740 1630 5417
5740 1735 5530
5740 1635 5412
5740 1735 5513
5740 1720 5572
5740 1630 5229
5740 1420 5034
5740 1635 5415
5740 1620 5417
5740 1630 5218
5740 1420 5136
5740 1525 5307
5740 1705 5403
5740 1600 5286
5740 1620 5397
5740 1790 5498
5740 1600 5350
5740 1790 5582
5740 1630 5461
5740 1735 5611
5740 1470 5187
5740 1600 5320
5740 1810 5581
5740 1705 5424
5740 1635 5404
5740 1810 5572
5740 1470 5250
5740 1630 5377
5740 1735 5619
5740 5740 5740
5740 1810 5564
5740 2035 5612
5740 1810 5599
5740 1735 5503
5740 2510 5714
5740 1810 5646
5740 1820 5545
5740 1525 5304
5740 1720 5475
5740 5170 5737
5740 1535 5275
5740 1735 5516
5740 1730 5520
5740 2510 5711
5740 1720 5497
5740 1630 5449
5740 2020 5712
5740 1810 5554
5740 1630 5397
5740 1820 5506
5740 1735 5499
5740 1705 5392
5740 5550 5739
5740 1705 5489
5740 5740 5740
5740 1945 5576
5740 1820 5607
5740 1945 5562
5740 2320 5706
5740 5740 5740
5740 1635 5451
5740 2510 5723
5740 1810 5536
5740 1745 5541
5740 5740 5740
5740 1820 5634
5740 1820 5613
5740 2035 5687
5740 1915 5634
5740 5740 5740
5740 5740 5740
5740 5740 5740
5740 2020 5602
5740 5740 5740
5740 5740 5740
5740 5740 5740
5740 5740 5740
5740 5740 5740
5740 5740 5740
5740 5740 5740
5740 5740 5740
5740 5740 5740
5740 5740 5740
5740 2035 5693
5740 5740 5740
5740 5740 5740
5740 5740 5740
5740 2510 5721
5740 5740 5740
5740 5740 5740
5740 2020 5622
5740 5740 5740
5740 5740 5740
5740 2035 5650
5740 1820 5666
5740 5740 5740
5740 5740 5740
5740 3835 5730
5740 2030 5687
5740 5740 5740
5740 5740 5740
5740 5740 5740
5740 2510 5723
5740 1945 5658
5740 5740 5740
5740 5740 5740
5740 5740 5740
5740 5740 5740
5740 5740 5740
5740 5740 5740
5740 5740 5740
5740 5740 5740
5740 5740 5740
5740 5740 5740
5740 5740 5740
5740 5740 5740
5740 5740 5740
5740 5740 5740
5740 5740 5740
5740 5740 5740
5740 5740 5740
5740 5740 5740
5740 5740 5740
5740 5740 5740
5740 5740 5740
5740 5740 5740
5740 5740 5740
5740 5740 5740
5740 5740 5740
5740 5740 5740
5740 5740 5740
5740 5740 5740
5740 5740 5740
5740 5740 5740
5740 5740 5740
5740 5740 5740
5740 5740 5740
5740 5740 5740
5740 5740 5740
5740 5740 5740
5740 5740 5740
5740 5740 5740
5740 5740 5740
5740 5740 5740
5740 5740 5740
5740 5740 5740
5740 5740 5740
5740 5740 5740
5740 5740 5740
5740 5740 5740
5740 5740 5740
5740 5740 5740
5740 5740 5740
5740 5740 5740
5740 5740 5740
5740 5740 5740
5740 5740 5740
5740 5740 5740
5740 5740 5740
5740 5740 5740
5740 5740 5740
5740 5740 5740
5740 5740 5740
5740 5740 5740
5740 5740 5740
5740 5740 5740
5740 5740 5740
5740 5740 5740
5740 5740 5740
5740 5740 5740
5740 5740 5740
5740 5740 5740
5740 5740 5740
5740 5740 5740
5740 5740 5740
5740 5740 5740
5740 5740 5740
5740 5740 5740
5740 5740 5740
5740 5740 5740
5740 5740 5740
5740 5740 5740
5740 5740 5740
5740 5740 5740
5740 5740 5740
5740 5740 5740
5740 5740 5740
5740 5740 5740
5740 5740 5740
5740 5740 5740
5740 5740 5740
5740 5740 5740
5740 5740 5740
5740 5740 5740
5740 5740 5740
5740 5740 5740
5740 5740 5740
5740 5740 5740
5740 5740 5740
5740 5740 5740
5740 5740 5740
5740 5740 5740
5740 5740 5740
5740 5740 5740
5740 5740 5740
5740 5740 5740
5740 5740 5740
5740 5740 5740
5740 5740 5740
5740 5740 5740
5740 5740 5740
5740 5740 5740
5740 5740 5740
5740 5740 5740
5740 5740 5740
5740 5740 5740
5740 5740 5740
5740 5740 5740
5740 5740 5740
5740 5740 5740
5740 5740 5740
5740 5740 5740
5740 5740 5740
5740 5740 5740
5740 5740 5740
5740 5740 5740
5740 5740 5740
5740 5740 5740
5740 5740 5740
5740 5740 5740
5740 5740 5740
5740 5740 5740
5740 5740 5740
5740 5740 5740
5740 5740 5740
5740 5740 5740
5740 5740 5740
5740 5740 5740
5740 5740 5740
5740 5740 5740
5740 5740 5740
5740 5740 5740
5740 5740 5740
5740 5740 5740
5740 5740 5740
5740 5740 5740
5740 5740 5740
5740 5740 5740
5740 5740 5740
5740 5740 5740
5740 5740 5740
5740 5740 5740
5740 5740 5740
5740 5740 5740
5740 5740 5740
5740 5740 5740
5740 5740 5740
5740 5740 5740
5740 5740 5740
5740 5740 5740
5740 5740 5740
5740 5740 5740
5740 5740 5740
5740 5740 5740
5740 5740 5740
5740 5740 5740
5740 5740 5740
5740 5740 5740
5740 5740 5740
5740 5740 5740
5740 5740 5740
5740 5740 5740
5740 5740 5740
5740 5740 5740
5740 5740 5740
5740 5740 5740
5740 5740 5740
5740 5740 5740
5740 5740 5740
5740 5740 5740
5740 5740 5740
5740 5740 5740
5740 5740 5740
5740 5740 5740
5740 5740 5740
5740 5740 5740
5740 5740 5740
5740 5740 5740
5740 5740 5740
5740 5740 5740
5740 5740 5740
5740 5740 5740
5740 5740 5740
5740 5740 5740
5740 5740 5740
5740 5740 5740
5740 5740 5740
5740 5740 5740
5740 5740 5740
5740 5740 5740
5740 5740 5740
5740 5740 5740
5740 5740 5740
5740 5740 5740
5740 5740 5740
5740 5740 5740
5740 5740 5740
5740 5740 5740
-8205 -8375 -9035
-6675 -9050 -8394
-4885 -8795 -8074
-4795 -8590 -7826
-3300 -8495 -7604
-3300 -8540 -7513
-3300 -8455 -7395
-3300 -8530 -7378
-3300 -8505 -7255
-3300 -8440 -7207
-3300 -8520 -7203
-3300 -8295 -6997
-3300 -8470 -6986
-3000 -8475 -6943
-3000 -8345 -6846
-3000 -8540 -6889
-3000 -8430 -6798
-3000 -8545 -6783
-3000 -8420 -6725
-3000 -8475 -6661
-2620 -8505 -6637
-2620 -8520 -6549
-2620 -8525 -6563
-2620 -8375 -6320
-2620 -8405 -6347
-2620 -8585 -6398
-1960 -8585 -6288
-1960 -8580 -6246
-1960 -8535 -6228
-1960 -8400 -6178
-1960 -8530 -6123
-1960 -8515 -6115
-1960 -8510 -6090
-1960 -8570 -5982
-1960 -8495 -5918
-1960 -8395 -6015
-1960 -8480 -5919
-1960 -8400 -5780
-1960 -8525 -5981
-1960 -8600 -5933
-1960 -8450 -5853
-1960 -8430 -5804
-1960 -8375 -5752
-1960 -8445 -5752
-1960 -8515 -5702
-1960 -8470 -5708
-1960 -8425 -5799
-1960 -8330 -5644
-1960 -8450 -5623
-1960 -8405 -5625
-1960 -8370 -5565
-1960 -8210 -5500
-1960 -8320 -5557
-1960 -8310 -5511
-1960 -8435 -5566
-1960 -8510 -5586
-1960 -8365 -5423
-1960 -8550 -5531
-1960 -8435 -5530
-1100 -8475 -5570
-1100 -8360 -5438
-1100 -8415 -5501
-1100 -8370 -5494
-1100 -8405 -5357
-1100 -8565 -5540
-1100 -8360 -5436
-1100 -8565 -5436
-1100 -8430 -5268
-1100 -8495 -5433
-1100 -8490 -5494
-1100 -8175 -5237
-1100 -8400 -5377
-1100 -8420 -5216
-1100 -8525 -5455
-1100 -8230 -5218
-1100 -8285 -5324
-1100 -8195 -5192
-1100 -8395 -5351
-1100 -8460 -5307
-1100 -8260 -5243
-1100 -8305 -5265
-1100 -8335 -5220
-1100 -8355 -5168
-1100 -8435 -5314
-1100 -8350 -5245
-1100 -8305 -5171
-1100 -8305 -5118
-1100 -8335 -5086
-1100 -8485 -5250
-1100 -8210 -5079
-1100 -8395 -5171
-45 -8320 -5189
-45 -8335 -5250
-45 -8290 -5144
-45 -8355 -5139
-45 -8170 -5145
-45 -8125 -4947
-45 -8305 -5208
-45 -8280 -5035
-45 -8265 -5113
-45 -8320 -5069
-45 -8190 -4886
-45 -8440 -4952
-45 -8280 -5068
-45 -8230 -5024
-45 -8230 -4910
-45 -8230 -4816
-45 -8315 -4926
-45 -8295 -5093
-45 -8295 -4908
-45 -8215 -4892
-45 -8230 -4931
-45 -8145 -4900
-45 -8295 -4967
-45 -8235 -5061
-45 -8355 -5057
-45 -8295 -4887
-45 -8205 -4880
-45 -8170 -4951
-45 -8390 -4951
-45 -8145 -4740
-45 -8350 -4849
-45 -8155 -4880
-45 -8280 -4979
-45 -8225 -4920
-45 -8165 -4812
-45 -8155 -4865
-45 -8185 -5023
-45 -8355 -4873
-45 -8375 -4994
-45 -8210 -4907
-45 -8340 -4974
-45 -8235 -4926
-45 -8150 -4868
-45 -8140 -4911
-45 -8210 -4942
-45 -8210 -4935
-45 -8345 -5012
-45 -8255 -4889
-45 -8185 -5038
-45 -8085 -4798
-45 -8145 -4782
-45 -8190 -4899
-45 -8390 -4952
-45 -8220 -4885
-45 -8380 -4905
-45 -8280 -4936
-45 -8125 -4833
-45 -8030 -4736
-45 -8260 -4906
-45 -8185 -4824
-45 -8205 -4852
-45 -8270 -4771
-45 -8040 -4720
-45 -8230 -4861
-45 -8225 -4842
-45 -8210 -4658
-45 -8205 -4798
-45 -8185 -4742
-45 -8050 -4592
-45 -8340 -4839
-45 -8135 -4631
-45 -8115 -4724
-45 -8245 -4754
-45 -8245 -4877
-45 -8295 -4769
-45 -8210 -4732
-45 -8125 -4786
-45 -8280 -4840
-45 -8255 -4786
-45 -8170 -4654
-45 -8285 -4678
-45 -8250 -4681
-45 -8190 -4681
-45 -8190 -4713
-45 -8365 -4849
-45 -8260 -4641
-45 -8170 -4679
-45 -8005 -4563
-45 -8230 -4695
-45 -8240 -4678
-45 -8370 -4749
-45 -8105 -4637
-45 -8005 -4591
-45 -8075 -4554
-45 -8165 -4713
-45 -8275 -4717
-45 -8030 -4627
-45 -8145 -4653
-45 -8215 -4665
-45 -8250 -4555
-45 -8180 -4538
-45 -8145 -4582
-45 -8225 -4631
-45 -8110 -4547
-45 -8150 -4698
-45 -8170 -4768
-45 -8110 -4610
-45 -8190 -4569
-45 -8200 -4750
-45 -8105 -4509
-45 -8060 -4381
-45 -8200 -4598
-45 -8075 -4612
-45 -8035 -4623
-45 -8165 -4474
-45 -8190 -4637
-45 -7990 -4636
-45 -7960 -4423
-45 -8110 -4696
1220 -8075 -4485
1220 -8105 -4549
1220 -7970 -4466
1220 -8175 -4479
1220 -8065 -4613
1220 -8000 -4445
1220 -8130 -4575
1220 -8075 -4506
1220 -8205 -4559
1220 -8090 -4493
1220 -8055 -4390
1220 -8250 -4545
1220 -8055 -4569
1220 -8170 -4610
1220 -8085 -4514
1220 -8030 -4513
1220 -8085 -4427
1220 -8175 -4427
1220 -8020 -4378
1220 -8095 -4469
1220 -7945 -4412
1220 -8175 -4443
1220 -8230 -4398
1220 -8210 -4381
1220 -8325 -4561
1220 -8125 -4553
1220 -8090 -4550
1220 -8130 -4502
1220 -8200 -4382
1220 -8255 -4446
1220 -8045 -4482
1220 -8010 -4370
1220 -8020 -4373
1220 -8150 -4542
1220 -8095 -4449
1220 -7980 -4336
1220 -8165 -4641
1220 -8050 -4386
1220 -8235 -4515
1220 -8040 -4317
1220 -7910 -4309
1220 -8070 -4360
1220 -8010 -4382
1220 -8050 -4400
1220 -8100 -4382
1220 -8170 -4483
1220 -8260 -4517
1220 -8115 -4460
1220 -7870 -4331
1220 -8010 -4276
1220 -7955 -4265
1220 -7905 -4364
1220 -8040 -4232
1220 -8110 -4357
1220 -8185 -4458
1220 -8175 -4432
1220 -8130 -4350
1220 -8150 -4474
1220 -8105 -4422
1220 -8095 -4405
1220 -8110 -4421
1220 -8365 -4409
1220 -8140 -4326
1220 -8215 -4372
1220 -8265 -4397
1220 -7965 -4350
1220 -8170 -4228
1220 -7980 -4300
1220 -7950 -4189
1220 -8065 -4184
1220 -8120 -4306
1220 -8165 -4449
1220 -8055 -4149
1220 -8000 -4280
1220 -7835 -4117
1220 -8150 -4389
1220 -7975 -4198
1220 -8140 -4341
1220 -7915 -4214
1220 -8165 -4344
1220 -8190 -4458
1220 -8045 -4338
1220 -8135 -4400
1220 -8005 -4246
1220 -7830 -4205
1220 -7970 -4249
1220 -8165 -4308
1220 -8145 -4247
1220 -8020 -4179
1220 -8030 -4171
1220 -7995 -4135
1220 -8130 -4283
1220 -8145 -4267
1220 -8015 -4216
1220 -7920 -3992
1220 -8110 -4117
1220 -7995 -3930
1220 -7905 -4190
1220 -8185 -4395
1220 -7925 -4085
1220 -8100 -4273
1220 -8110 -4213
1220 -8180 -4268
1220 -8005 -4046
1220 -8230 -4238
1220 -8250 -4285
1220 -8135 -4257
1220 -7760 -4030
1220 -8005 -4122
1220 -8080 -4091
1220 -8120 -4216
1220 -7890 -3952
1220 -8070 -4120
1220 -8025 -4071
1220 -8055 -4061
1220 -7930 -4057
1220 -8005 -4052
1220 -7975 -4023
1220 -8115 -4226
1220 -8010 -4009
1220 -8215 -4239
1220 -8020 -4017
1220 -8090 -4218
1220 -8130 -4087
1220 -7980 -4035
1220 -8095 -4239
1220 -8035 -4142
1220 -8110 -4090
1220 -8085 -4027
1220 -8135 -4204
1220 -8225 -4198
1220 -8035 -4066
1220 -8030 -4053
1220 -8165 -4135
1220 -8085 -4062
1220 -8045 -4119
1220 -8150 -4057
1220 -8120 -4075
1220 -8120 -4052
1745 -8005 -3930
1745 -7930 -3983
1745 -8045 -4076
1745 -8165 -4040
1745 -7920 -4041
1745 -8250 -4175
1745 -8110 -4168
1745 -8120 -4074
1745 -8040 -3977
1745 -8035 -3975
1745 -8100 -4007
1745 -8005 -3883
1745 -7975 -4031
1745 -8055 -4062
1745 -8310 -4137
1745 -7985 -3991
1745 -8185 -3851
1745 -8015 -4012
1745 -8010 -4030
1745 -8045 -4015
1745 -7945 -4038
1745 -7975 -3903
1745 -7990 -4052
1745 -8040 -3973
1745 -7875 -3867
1745 -7820 -3843
1745 -7995 -3907
1745 -8045 -3882
1745 -7990 -3875
1745 -8065 -3865
1745 -8155 -3968
1745 -7785 -3880
1745 -7875 -3875
1745 -8040 -4082
1745 -7905 -3801
1745 -8000 -3774
1745 -7990 -3887
1745 -7990 -3994
1745 -7965 -3831
1745 -8185 -4091
1745 -8020 -3870
1745 -7965 -3875
1745 -7825 -3691
1745 -8010 -3838
1745 -7885 -3682
1745 -7780 -3772
1745 -8060 -3901
1745 -8060 -3860
1745 -7900 -3771
1745 -7990 -3671
1745 -8055 -3705
1745 -7865 -3827
1745 -7680 -3644
1745 -8050 -3883
1745 -7990 -3808
1745 -8110 -3873
1745 -8015 -3890
1745 -7945 -3879
1745 -7940 -3698
1745 -7975 -3664
1745 -7920 -3774
1745 -8020 -3844
1745 -7995 -3853
1745 -7865 -3603
1745 -8040 -3673
1745 -8095 -3747
1745 -7915 -3565
1745 -7895 -3655
1745 -8020 -3800
1745 -8040 -3678
1745 -8100 -3648
1745 -7920 -3640
1745 -7740 -3609
1745 -7875 -3535
1745 -8095 -3563
1745 -7935 -3649
1745 -7985 -3571
1745 -7965 -3581
1745 -7815 -3410
1745 -7865 -3518
1745 -7920 -3606
1745 -8090 -3573
1745 -7795 -3406
1745 -7905 -3579
1745 -7995 -3565
1745 -7975 -3441
1745 -8090 -3556
1745 -8010 -3505
1745 -7945 -3319
1745 -7990 -3347
1745 -8095 -3571
1745 -8000 -3293
1745 -8045 -3484
1745 -7870 -3404
1745 -8030 -3439
1745 -8100 -3388
1745 -7940 -3277
1745 -8150 -3285
1745 -8095 -3411
1745 -8140 -3386
1745 -8105 -3265
1745 -7985 -3229
1745 -8190 -3443
1745 -8120 -3284
1745 -8185 -3451
1745 -8120 -3442
1745 -8080 -3367
1745 -8170 -3287
1745 -8070 -3200
1745 -8120 -3135
1745 -8225 -3245
1745 -8140 -3254
1745 -8095 -3200
1745 -8130 -3191
1745 -8085 -3110
1745 -7855 -2807
1745 -8085 -2947
1745 -8130 -2985
1745 -8085 -3116
1745 -8180 -2962
1745 -8005 -3006
1745 -8080 -3075
1745 -8050 -2959
1745 -7975 -2946
1745 -8080 -2826
1745 -7910 -2874
1745 -8185 -3058
1745 -8085 -3009
1745 -8065 -2943
1745 -8100 -2832
1745 -8140 -2919
1745 -8070 -2885
1745 -8085 -2985
1745 -7975 -2849
1745 -8045 -2677
1745 -8140 -2812
1745 -8200 -2774
1745 -8080 -2687
1745 -8235 -2809
1745 -7955 -2569
1745 -8020 -2824
1745 -7980 -2703
1745 -7980 -2440
1745 -8140 -2740
1745 -8005 -2631
1745 -8085 -2514
1745 -7835 -2596
1745 -8140 -2740
1745 -7960 -2733
1745 -8035 -2700
1745 -7970 -2587
1745 -8045 -2685
1745 -8150 -2769
1745 -7975 -2598
1745 -8110 -2672
1745 -7995 -2549
1745 -7815 -2307
1745 -7885 -2569
1745 -7965 -2524
1745 -8170 -2859
1745 -8085 -2765
1745 -8000 -2533
1745 -7885 -2693
1745 -8160 -2787
1745 -8030 -2471
1745 -7800 -2624
1745 -8055 -2734
1745 -7950 -2788
1745 -8050 -2625
1745 -8115 -2691
1745 -7915 -2601
1745 -7840 -2505
1825 -7990 -2491
1825 -7640 -2451
1825 -7890 -2653
1825 -7970 -2465
1825 -7890 -2443
1825 -8095 -2475
1825 -7870 -2557
1825 -8055 -2607
1825 -8005 -2612
1825 -7995 -2625
1825 -7805 -2517
1825 -7945 -2410
1825 -7955 -2446
1825 -8020 -2389
1825 -7775 -2318
1825 -8070 -2579
1825 -7740 -2274
1825 -7935 -2401
1825 -7980 -2630
1825 -7765 -2331
1825 -7985 -2539
1825 -8085 -2478
1825 -7770 -2344
1825 -7805 -2239
1825 -7745 -2255
1825 -7960 -2608
1825 -7985 -2406
1825 -7845 -2494
1825 -8020 -2476
1825 -7805 -2363
1825 -8000 -2505
1825 -7855 -2121
1825 -8065 -2647
1825 -8030 -2484
1825 -7855 -2326
1825 -7975 -2440
1825 -8045 -2292
1825 -8080 -2555
1825 -7770 -2253
1825 -7805 -2461
1825 -7975 -2467
1825 -7970 -2490
1825 -8010 -2346
1825 -7955 -2373
1825 -7905 -2244
1825 -7975 -2180
1825 -7990 -2409
1825 -7800 -2327
1825 -7740 -2144
1825 -7655 -2135
1825 -7620 -2213
1825 -7840 -2286
1825 -7820 -2380
1825 -7685 -2196
1825 -7705 -2382
1825 -7905 -2395
1825 -7875 -2282
1825 -7925 -2184
1825 -7935 -2408
1825 -7935 -2405
1825 -7880 -2209
1825 -8055 -2446
1825 -7880 -2287
1825 -7770 -2117
1825 -7905 -2299
1825 -8025 -2453
1825 -7855 -2184
1825 -7890 -2219
1825 -7840 -2177
1825 -7675 -1930
1825 -8120 -2422
1825 -7830 -2320
1825 -7905 -2453
1825 -7870 -2286
1825 -7835 -2228
1825 -7885 -2155
1825 -7895 -2190
1825 -7790 -2187
1825 -7865 -2229
1825 -7760 -2112
1825 -7965 -2295
1825 -7805 -2194
1825 -8050 -2417
1825 -7800 -2045
1825 -7705 -1920
1825 -7975 -2275
1825 -8150 -2199
1825 -7710 -2037
1825 -7805 -2081
1825 -7890 -2437
1825 -7940 -2055
1825 -7685 -2191
1825 -7925 -2172
1890 -7940 -1913
1890 -7780 -2051
1890 -8055 -2246
1890 -8100 -2195
1890 -7880 -2047
1890 -7885 -2128
1890 -7810 -2124
1890 -7810 -1834
1890 -7705 -2015
1890 -7650 -1935
1890 -7755 -1816
1890 -7580 -1874
1890 -7840 -2142
1890 -7635 -1952
1890 -8005 -2167
1890 -7745 -1969
1890 -7670 -1731
1890 -7560 -1985
1890 -7620 -1905
1890 -7770 -1918
1890 -7835 -2003
1890 -7785 -1866
1890 -7635 -1765
1890 -7855 -1970
1890 -7675 -1833
1890 -7565 -1610
1890 -7560 -1969
1890 -7670 -1927
1890 -7720 -1845
1890 -7670 -2006
1890 -7670 -2029
1890 -7695 -1836
1890 -7600 -1790
1890 -7525 -1714
1890 -7790 -1737
1890 -7775 -1655
1890 -7800 -2060
1890 -7840 -2141
1890 -7710 -2083
1890 -7795 -1924
1890 -7835 -1971
1890 -7495 -1916
1890 -7455 -1684
1890 -7750 -2184
1890 -7495 -1880
1890 -7870 -2031
1890 -7750 -1876
1890 -7555 -1981
1890 -7535 -1731
1890 -7295 -1615
1890 -7680 -2122
2025 -7455 -1729
2025 -7560 -1830
2025 -7490 -1754
2025 -7495 -1777
2025 -7720 -1763
2025 -7230 -1538
2025 -7675 -1858
2025 -7635 -1832
2025 -7725 -2013
2025 -7565 -1823
2025 -7740 -1920
2025 -7535 -1706
2025 -7720 -1779
2025 -7870 -2051
2025 -7635 -1758
2025 -7560 -1806
2025 -7270 -1621
2025 -7425 -1464
2025 -7370 -1473
2025 -7395 -1470
2035 -7685 -1367
2035 -7330 -1471
2035 -7390 -1464
2035 -7225 -1338
2035 -7430 -1503
2035 -7170 -1330
2035 -7415 -1474
2035 -7370 -1391
2230 -7265 -1293
2230 -7460 -1506
2230 -7325 -1398
2230 -7075 -1168
2230 -7300 -1383
2230 -7680 -1561
2230 -7340 -1444
2230 -7295 -1291
2230 -7465 -1477
2230 -7420 -1484
2230 -7255 -1432
2230 -7365 -1511
2230 -7500 -1449
2230 -7500 -1670
2230 -7520 -1398
2230 -6950 -1162
2230 -7250 -1204
2230 -7035 -1224
2230 -7465 -1465
2230 -7390 -1365
2230 -7140 -1230
2230 -6945 -1122
2230 -7330 -1400
2230 -7360 -1373
2230 -6955 -1074
2230 -7345 -1377
2230 -7065 -1432
2230 -7280 -1336
2230 -7025 -1112
2230 -6685 -917
2230 -7035 -1146
2230 -7130 -1160
2230 -7200 -988
2230 -7095 -1264
2230 -7340 -1149
2230 -7135 -1287
2230 -7235 -1271
2230 -7330 -1243
2230 -6965 -881
2230 -7060 -1116
2230 -6925 -1012
2230 -7195 -1271
2230 -7325 -1246
2230 -7285 -1202
2230 -6935 -773
2230 -6850 -1185
2230 -6815 -837
2230 -6840 -919
2230 -7170 -1104
2230 -7140 -807
2230 -7095 -1057
2230 -7065 -802
2230 -7265 -1070
2230 -6860 -852
2230 -6950 -968
2230 -7135 -956
2230 -6920 -994
2230 -6955 -948
2230 -6975 -831
2230 -7215 -867
2230 -6840 -910
2230 -7140 -878
2230 -7040 -918
2230 -7130 -852
2230 -7145 -1030
2230 -7140 -1089
2230 -7145 -931
2230 -7225 -1095
2230 -6515 -475
2230 -6695 -682
2230 -6450 -507
2230 -6865 -574
2230 -6295 -371
2230 -6740 -596
2230 -7145 -1067
2230 -6870 -572
2230 -6295 -518
2230 -6925 -605
2230 -6630 -621
2230 -6225 -477
2230 -6295 -270
2230 -6910 -702
2230 -6335 -576
2230 -5845 -316
2230 -6545 -546
2230 -6630 -275
2230 -6295 -229
2230 -6585 -713
2230 -7135 -958
2230 -6865 -554
2230 -6515 -505
2230 -6475 -449
2230 -6310 -256
2230 -6650 -624
2230 -6735 -638
2230 -6650 -482
2230 -6685 -350
2230 -6555 -250
2230 -6500 -635
2230 -7135 -690
2230 -6665 -557
2230 -6330 -445
2230 -6430 -385
2230 -5925 -243
2230 -4875 -238
2230 -6830 -498
2230 -6845 -690
2230 -6225 -274
2230 -5895 -107
2230 -6525 -351
2230 -6025 -28
2230 -6465 -480
2230 -6180 -215
2230 -6285 -445
2230 -6040 -259
2230 -6015 -273
2230 -6010 -318
2230 -6015 -162
2230 -6015 -72
2230 -6760 -448
2230 -6450 -228
2230 -6930 -590
2235 -6745 -517
2235 -6305 -262
2235 -6045 -349
2235 -6425 -381
2235 -6355 -227
2235 -6015 -313
2235 -6540 -426
2235 -6915 -679
2235 -6460 -394
2235 -6530 -368
2235 -6625 -425
2235 -5075 -114
2235 -6625 -362
2235 -6450 -585
2235 -6460 -437
2235 -6545 -596
2235 -6525 -331
2235 -6650 -351
2235 -6145 -335
2235 -6400 -533
2235 -6425 -532
2235 -5685 -236
2235 -6995 -573
2235 -6530 -418
2235 -5540 -107
2235 -6510 -428
2235 -5585 -191
2235 -5930 -139
2235 -6015 -224
2235 -6215 -227
2235 -5795 -186
2235 -6355 -130
2235 -4930 -238
2235 -6625 -559
2235 -5775 -56
2235 -6105 -215
2235 -6115 -176
2235 -6635 -665
2235 -6085 -117
2235 -6860 -694
2235 -6305 -382
2235 -6330 -281
2235 -6180 -273
2235 -6130 -345
2295 -6015 -144
2295 -5235 -72
2295 -6115 -323
2295 -6140 -332
2295 -5440 -123
2295 -5640 -332
2295 -6440 -558
2295 -6630 -503
2295 -6435 -407
2295 -6625 -316
2295 -6115 -474
2295 -6740 -357
2295 -5845 -219
2295 -6450 -555
2295 -6115 -253
2295 -6525 -465
2295 -5780 -299
2295 -6545 -292
2295 -6405 -666
2295 -6315 -333
2295 -6115 -341
2295 -6090 -205
2295 -6095 -146
2295 -6360 -484
2295 -5875 -186
2295 -6115 -274
2295 -6495 -350
2295 -6530 -586
2295 -5775 -225
2295 -6515 -309
2295 -6215 -181
2295 -6040 -342
2295 -5560 76
2295 -6630 -363
2295 -5930 -160
2295 -4875 151
2295 -6495 -288
2295 -7140 -499
2295 -6335 -305
2295 -5595 -86
2295 -6225 -189
2295 -6185 6
2295 -5065 -206
2295 -6525 -327
2295 -6180 -138
2295 -6530 -371
2295 -4495 64
2295 -6515 -566
2295 -4840 -62
2295 -6585 -409
2295 -5495 -75
2295 -6655 -436
2295 -6515 -418
2295 -5670 -165
2295 -6140 -413
2295 -5585 -252
2295 -6455 -253
2295 -6155 -128
2295 -5385 -58
2295 -4875 28
2295 -4875 59
2295 -4740 -33
2295 -5385 -58
2295 -5495 -149
2295 -5495 61
2295 -6450 -140
2295 -4875 95
2295 -5105 26
2295 -5385 102
2295 -4525 92
2295 -4930 119
2295 -4740 223
2295 -5735 -19
2295 -6425 -149
2295 -5885 21
2295 -5925 -28
2295 -5585 133
2295 -6465 -108
2295 -6200 -44
2295 -4740 235
2295 -6200 -38
2295 -6115 -192
2295 -5525 42
2295 -5910 37
2295 -6585 -227
2295 -4930 -97
2295 -4875 -40
2295 -5700 -246
2295 -6045 -93
2295 -4200 208
2295 -4740 81
2295 -4875 59
2295 -6835 -489
2295 -6315 37
2295 -6125 -77
2295 -5065 101
2295 -5795 17
2295 -5385 46
2295 -6415 -408
2295 -5440 -136
2295 -4740 141
2295 -6450 -114
2295 -5895 -64
2295 -5065 184
5740 -5695 128
5740 -4740 90
5740 -5370 108
5740 -6265 -93
5740 -6260 33
5740 -4720 277
5740 -5065 134
5740 -4740 306
5740 -6045 -21
5740 -5605 -115
5740 -5140 232
5740 -4875 173
5740 -4065 245
5740 -4605 447
5740 -6240 -52
5740 -6325 -62
5740 -4660 252
5740 -5570 128
5740 -6115 103
5740 -4335 224
5740 -5905 236
5740 -6195 48
5740 -6275 -36
5740 -5350 -4
5740 -5955 55
5740 -4470 247
5740 -5385 140
5740 -5815 209
5740 -5440 6
5740 -5815 195
5740 -4335 419
5740 -4335 278
5740 -5640 5
5740 -4605 239
5740 -5195 379
5740 -4605 386
5740 -4605 267
5740 -6600 -66
5740 -4470 235
5740 -5385 356
5740 -4505 447
5740 -4470 246
5740 -4740 542
5740 -5005 332
5740 -4660 420
5740 -5065 279
5740 -4930 168
5740 -4605 566
5740 -4120 560
5740 -4875 469
5740 -4315 447
5740 -3850 778
5740 -4335 520
5740 -4235 663
5740 -4740 463
5740 -4750 385
5740 -4740 609
5740 -4335 824
5740 -4200 728
5740 -4605 691
5740 -4525 922
5740 -3970 1164
5740 -4780 889
5740 -4900 1124
5740 -3935 1472
5740 -3925 1237
5740 -4740 1167
5740 -5385 1336
5740 -4375 1563
5740 -4335 1591
5740 -3930 1657
5740 -3830 1954
5740 -3660 2075
5740 -3725 2458
5740 -4525 1973
5740 -3635 2142
5740 -4060 2174
5740 -3695 2477
5740 -3630 2622
5740 -3655 2517
5740 -3500 2714
5740 -3255 2833
5740 -3430 2810
5740 -3630 2676
5740 -3440 2710
5740 -3695 2399
5740 -3935 2303
5740 -3655 2748
5740 -3635 2564
5740 -3620 2752
5740 -3220 2938
5740 -3130 2921
5740 -3505 2775
5740 -3745 2619
5740 -3530 2745
5740 -3935 2154
5740 -3660 2716
5740 -3440 2916
5740 -3525 2762
5740 -3925 2512
5740 -3445 2818
5740 -3600 2458
5740 -4040 2471
5740 -3745 2666
5740 -3175 3076
5740 -3925 2402
5740 -4065 2338
5740 -3735 2789
5740 -3530 2929
5740 -3635 2639
5740 -3715 2867
5740 -3815 2544
5740 -3715 2448
5740 -3730 2235
5740 -3725 2636
5740 -3695 2566
5740 -3660 2796
5740 -3500 2833
5740 -3465 2798
5740 -3530 3011
5740 -3595 2778
5740 -3230 2895
5740 -3700 2675
5740 -3745 2568
5740 -3545 2814
5740 -3600 2660
5740 -3640 2778
5740 -3725 2587
5740 -3515 2781
5740 -3785 2697
5740 -3660 2717
5740 -3630 2701
5740 -3530 2657
5740 -3530 2855
5740 -3430 2990
5740 -3730 2814
5740 -3640 2522
5740 -3610 2865
5740 -3620 2793
5740 -3640 2561
5740 -3325 3000
5740 -3660 2685
5740 -3610 2768
5740 -3660 2566
5740 -3430 2791
5740 -3595 2752
5740 -3635 2692
5740 -3930 2567
5740 -3525 2732
5740 -3655 2683
5740 -3640 2566
5740 -3925 2879
5740 -3660 2779
5740 -3315 2816
5740 -3430 2737
5740 -3745 2516
5740 -3935 2205
5740 -3560 2590
5740 -3640 2614
5740 -3850 2688
5740 -3500 2805
5740 -3340 2959
5740 -3695 2747
5740 -3730 2666
5740 -3235 3121
5740 -3465 2897
5740 -3255 3081
5740 -3520 2848
5740 -3495 2759
5740 -3595 2888
5740 -3195 3143
5740 -3335 2809
5740 -2805 3285
5740 -3660 2755
5740 -3715 2575
5740 -3430 2833
5740 -3905 2584
5740 -3430 3082
5740 -3365 2964
5740 -3630 2864
5740 -3425 2973
5740 -3430 2842
5740 -3465 2840
5740 -3230 2957
5740 -3100 2914
5740 -3125 3309
5740 -3755 2651
5740 -3395 2863
5740 -3430 2802
5740 -3735 2850
5740 -3225 3131
5740 -2805 3372
5740 -3320 3003
5740 -2940 3014
5740 -3525 2844
5740 -3235 2868
5740 -3525 2854
5740 -3430 3034
5740 -3320 3030
5740 -3110 3085
5740 -3210 3078
5740 -3560 2747
5740 -3315 2924
5740 -3175 3137
5740 -3230 3107
5740 -2985 3117
5740 -3445 2778
5740 -3385 2874
5740 -3255 3040
5740 -3430 3034
5740 -3330 2916
5740 -3465 2879
5740 -3180 3090
5740 -3565 2713
5740 -3230 2780
5740 -3120 3061
5740 -3400 2971
5740 -3465 3204
5740 -2940 3156
5740 -2915 3284
5740 -3290 3026
5740 -3255 2982
5740 -3235 3117
5740 -3160 2947
5740 -3430 2885
5740 -3430 3100
5740 -3130 3354
5740 -2920 3094
5740 -2825 3338
5740 -3480 2980
5740 -3395 3095
5740 -3030 3181
5740 -3140 2967
5740 -3390 2953
5740 -3110 2932
5740 -3430 3062
5740 -3425 2805
5740 -3595 2924
5740 -3660 2721
5740 -2675 3479
5740 -3465 3234
5740 -3195 3268
5740 -3010 3095
5740 -3445 3103
5740 -2920 3285
5740 -2790 3347
5740 -3245 3186
5740 -3015 3258
5740 -2720 3275
5740 -3395 2869
5740 -2525 3489
5740 -3250 3127
5740 -3040 3171
5740 -3340 3220
5740 -3195 3145
5740 -3430 2760
5740 -2865 3178
5740 -2585 3572
5740 -3350 3195
5740 -2995 3513
5740 -3425 3152
5740 -2790 3401
5740 -3195 3377
5740 -3110 3294
5740 -3195 3088
5740 -2790 3458
5740 -3210 3214
5740 -3205 2924
5740 -3155 3232
5740 -2895 3695
5740 -2940 3319
5740 -3020 3269
5740 -3430 2998
5740 -2915 3198
5740 -3130 3322
5740 -3390 3020
5740 -2965 3112
5740 -3430 3146
5740 -3025 3278
5740 -2775 3307
5740 -3200 3227
5740 -2850 3384
5740 -2945 3032
5740 -3210 3216
5740 -2995 3658
5740 -2845 3360
5740 -2710 3540
5740 -2995 3435
5740 -3500 3215
5740 -3290 3352
5740 -2730 3507
5740 -3110 3054
5740 -3090 3517
5740 -3430 3154
5740 -2130 3713
5740 -2405 3478
5740 -3390 3024
5740 -3000 3400
5740 -3195 3284
5740 -2670 3467
5740 -3155 3330
5740 -2795 3292
5740 -3190 3177
5740 -2505 3519
5740 -3180 3276
5740 -2795 3465
5740 -2955 3467
5740 -2855 3354
5740 -2910 3173
5740 -2895 3547
5740 -3040 3335
5740 -2935 3278
5740 -3155 3234
5740 -2590 3637
5740 -2775 3421
5740 -2735 3390
5740 -2845 3324
5740 -2615 3472
5740 -2630 3598
5740 -2215 3889
5740 -2615 3821
5740 -2820 3549
5740 -2295 3697
5740 -2300 3818
5740 -3060 3414
5740 -2670 3382
5740 -2615 3668
5740 -2815 3483
5740 290 4098
5740 -2700 3594
5740 -2310 3730
5740 -3035 3364
5740 -2670 3736
5740 -1990 3834
5740 -2755 3465
5740 -2690 3562
5740 -3025 3424
5740 -2665 3589
5740 -2215 3742
5740 -2620 3853
5740 -2860 3534
5740 -2350 3768
5740 -2335 3988
5740 -2310 3838
5740 -3020 3221
5740 -3060 3407
5740 -2720 3597
5740 -2680 3644
5740 -2635 3411
5740 -2605 3640
5740 -2615 3612
5740 -2395 3640
5740 -3155 3278
5740 -2655 3795
5740 -2485 3607
5740 -2715 3646
5740 -2395 3532
5740 -2920 3378
5740 -2090 3939
5740 -1880 4045
5740 -2655 3485
5740 -1880 3982
5740 -2310 3901
5740 -2250 3760
5740 -2295 3806
5740 -2585 3612
5740 -2495 3751
5740 -1880 4006
5740 -2720 3619
5740 -2440 3844
5740 -1880 4027
5740 -2310 3730
5740 -2525 3690
5740 -2670 3588
5740 -2170 3737
5740 290 4184
5740 -2750 3584
5740 -2300 3648
5740 -1675 4066
5740 -2310 3721
5740 -2500 3575
5740 -2395 3781
5740 -2295 3720
5740 -1990 3773
5740 -1895 3832
5740 -2615 3450
5740 -1880 3959
5740 -2650 3522
5740 -2315 3846
5740 -1895 4012
5740 -2320 3749
5740 -2495 3604
5740 -2400 3748
5740 -1880 3892
5740 -2670 3675
5740 -2400 3755
5740 -2090 3885
5740 -2190 3724
5740 -2335 3783
5740 -1135 3896
5740 -25 4161
5740 -1880 3959
5740 -1915 3858
5740 -2335 3699
5740 -2185 3914
5740 -1880 3902
5740 290 4267
5740 -2290 3842
5740 -1880 4061
5740 -2320 3967
5740 -2595 3867
5740 -2600 3776
5740 290 4111
5740 -1520 3961
5740 385 4226
5740 -1880 4079
5740 -495 4041
5740 290 4161
5740 -2310 3676
5740 -1990 3989
5740 -1990 3802
5740 -1785 4111
5740 10 4171
5740 -2285 3864
5740 290 4100
5740 -2320 3927
5740 -2250 4040
5740 -2315 3851
5740 -2310 3922
5740 290 3933
5740 -2050 3916
5740 -1880 4248
5740 -1880 4277
5740 290 4362
5740 -1880 3815
5740 -2605 3639
5740 -1990 4028
5740 -1880 3804
5740 290 4189
5740 425 4126
5740 -1880 4034
5740 290 4225
5740 290 4385
5740 -1880 4161
5740 -2215 4033
5740 290 4050
5740 -1880 4127
5740 575 4513
5740 -1880 3977
5740 290 4171
5740 290 3924
5740 -1195 3934
5740 425 4195
5740 290 4158
5740 -1385 3941
5740 -185 4007
5740 290 4074
5740 425 4298
5740 290 4038
5740 -1990 3780
5740 290 4275
5740 -1880 4198
5740 290 4328
5740 425 4159
5740 290 4349
5740 290 4020
5740 290 3971
5740 -2485 3746
5740 290 4239
5740 -1990 3976
5740 -1880 4130
5740 290 4466
5740 -2190 3823
5740 -325 4048
5740 -1880 3984
5740 575 4237
5740 -1880 4085
5740 385 4238
5740 -1880 4163
5740 385 4292
5740 290 4127
5740 575 4319
5740 575 4275
5740 290 4436
5740 575 4642
5740 290 4011
5740 425 4267
5740 290 4304
5740 575 4526
5740 385 4135
5740 385 4209
5740 -1115 4101
5740 290 4180
5740 575 4255
5740 575 4365
5740 290 4067
5740 425 4433
5740 290 4283
5740 385 4243
5740 425 4359
5740 575 4186
5740 425 4297
5740 -1880 3995
5740 290 4320
5740 385 4092
5740 290 4223
5740 575 4399
5740 575 4398
5740 385 4170
5740 290 4112
5740 290 4312
5740 385 4401
5740 575 4265
5740 425 4325
5740 710 4433
5740 575 4378
5740 385 4097
5740 790 4316
5740 710 4461
5740 575 4418
5740 290 4185
5740 695 4434
5740 710 4450
5740 830 4501
5740 425 4313
5740 695 4495
5740 425 4205
5740 575 4336
5740 790 4254
5740 1115 4689
5740 695 4427
5740 710 4447
5740 425 4250
5740 575 4358
5740 695 4500
5740 1100 4598
5740 710 4530
5740 290 4282
5740 710 4625
5740 575 4406
5740 575 4314
5740 695 4489
5740 385 4408
5740 1100 4470
5740 425 4254
5740 290 4227
5740 575 4545
5740 425 4298
5740 830 4700
5740 575 4325
5740 575 4467
5740 575 4525
5740 385 4354
5740 710 4410
5740 830 4574
5740 290 4026
5740 290 4411
5740 385 4295
5740 710 4593
5740 790 4660
5740 575 4475
5740 695 4460
5740 1100 4907
5740 830 4530
5740 830 4601
5740 830 4469
5740 1100 4762
5740 790 4516
5740 575 4480
5740 830 4658
5740 695 4527
5740 695 4702
5740 695 4512
5740 980 4626
5740 1100 4644
5740 965 4698
5740 1105 4753
5740 830 4563
5740 965 4739
5740 1100 4797
5740 1100 4639
5740 575 4502
5740 830 4735
5740 965 4718
5740 965 4637
5740 1100 4668
5740 1100 4787
5740 425 4433
5740 1105 4582
5740 830 4412
5740 790 4695
5740 575 4482
5740 575 4469
5740 710 4607
5740 695 4554
5740 790 4651
5740 575 4480
5740 830 4722
5740 1100 4792
5740 1100 4576
5740 1100 4686
5740 830 4751
5740 1105 4859
5740 1100 4974
5740 1100 4599
5740 1335 4849
5740 710 4616
5740 1335 4958
5740 1100 4679
5740 710 4475
5740 1100 4879
5740 1105 4744
5740 1105 4770
5740 980 4661
5740 1100 4690
5740 830 4581
5740 1100 4934
5740 710 4706
5740 980 4574
5740 1100 4677
5740 1100 4806
5740 710 4436
5740 1100 4604
5740 980 4639
5740 1100 4599
5740 1195 4627
5740 1435 4974
5740 1100 4556
5740 1195 4996
5740 830 4694
5740 1250 4876
5740 985 4897
5740 1100 4768
5740 1315 4868
5740 1115 4782
5740 1315 4965
5740 1195 4894
5740 830 4581
5740 1420 5034
5740 1410 4987
5740 1435 4921
5740 1390 5037
5740 1505 4948
5740 1115 4863
5740 1390 4958
5740 1335 4882
5740 965 4682
5740 1470 5234
5740 1220 4802
5740 1195 4954
5740 1105 4875
5740 1315 4778
5740 1315 4896
5740 1420 5104
5740 1315 4955
5740 1105 4844
5740 1195 4909
5740 1335 4993
5740 1195 4909
5740 1470 5238
5740 1335 4863
5740 1385 4897
5740 1630 5201
5740 1195 4928
5740 1105 4836
5740 1420 5120
5740 1385 5021
5740 1390 4958
5740 1060 4884
5740 965 4688
5740 1410 4935
5740 1335 4716
5740 1435 5017
5740 1410 4905
5740 1470 4997
5740 1420 5048
5740 1335 4939
5740 1335 4726
5740 1410 5170
5740 1435 4976
5740 1530 5219
5740 1470 5204
5740 1390 5049
5740 1525 5199
5740 1600 5247
5740 1630 5351
5740 1535 5304
5740 1505 5155
5740 1735 5428
5740 1620 5347
5740 1115 4940
5740 1390 4881
5740 1385 5084
5740 1335 5100
5740 1435 5048
5740 1390 4924
5740 1470 5041
5740 1250 4950
5740 1525 5293
5740 1335 4784
5740 1385 5162
5740 1435 5136
5740 1525 5345
5740 1505 5069
5740 1430 5156
5740 1535 5215
5740 1435 5256
5740 1535 5270
5740 1100 4849
5740 1470 5246
5740 1335 4992
5740 1435 5098
5740 1470 5130
5740 1435 5166
5740 1385 5047
5740 1410 5135
5740 1435 5155
5740 1530 5216
5740 1630 5382
5740 1530 5341
5740 1535 5411
5740 1620 5287
5740 1525 5257
5740 1250 5057
5740 1820 5520
5740 1535 5364
5740 1470 5112
5740 2510 5688
5740 1720 5415
5740 1720 5525
5740 1630 5417
5740 1735 5530
5740 1635 5412
5740 1735 5513
5740 1720 5572
5740 1630 5229
5740 1420 5034
5740 1635 5415
5740 1620 5417
5740 1630 5218
5740 1420 5136
5740 1525 5307
5740 1705 5403
5740 1600 5286
5740 1620 5397
5740 1790 5498
5740 1600 5350
5740 1790 5582
5740 1630 5461
5740 1735 5611
5740 1470 5187
5740 1600 5320
5740 1810 5581
5740 1705 5424
5740 1635 5404
5740 1810 5572
5740 1470 5250
5740 1630 5377
5740 1735 5619
5740 5740 5740
5740 1810 5564
5740 2035 5612
5740 1810 5599
5740 1735 5503
5740 2510 5714
5740 1810 5646
5740 1820 5545
5740 1525 5304
5740 1720 5475
5740 5170 5737
5740 1535 5275
5740 1735 5516
5740 1730 5520
5740 2510 5711
5740 1720 5497
5740 1630 5449
5740 2020 5712
5740 1810 5554
5740 1630 5397
5740 1820 5506
5740 1735 5499
5740 1705 5392
5740 5550 5739
5740 1705 5489
5740 5740 5740
5740 1945 5576
5740 1820 5607
5740 1945 5562
5740 2320 5706
5740 5740 5740
5740 1635 5451
5740 2510 5723
5740 1810 5536
5740 1745 5541
5740 5740 5740
5740 1820 5634
5740 1820 5613
5740 2035 5687
5740 1915 5634
5740 5740 5740
5740 5740 5740
5740 5740 5740
5740 2020 5602
5740 5740 5740
5740 5740 5740
5740 5740 5740
5740 5740 5740
5740 5740 5740
5740 5740 5740
5740 5740 5740
5740 5740 5740
5740 5740 5740
5740 5740 5740
5740 2035 5693
5740 5740 5740
5740 5740 5740
5740 5740 5740
5740 2510 5721
5740 5740 5740
5740 5740 5740
5740 2020 5622
5740 5740 5740
5740 5740 5740
5740 2035 5650
5740 1820 5666
5740 5740 5740
5740 5740 5740
5740 3835 5730
5740 2030 5687
5740 5740 5740
5740 5740 5740
5740 5740 5740
5740 2510 5723
5740 1945 5658
5740 5740 5740
5740 5740 5740
5740 5740 5740
5740 5740 5740
5740 5740 5740
5740 5740 5740
5740 5740 5740
5740 5740 5740
5740 5740 5740
5740 5740 5740
5740 5740 5740
5740 5740 5740
5740 5740 5740
5740 5740 5740
5740 5740 5740
5740 5740 5740
5740 5740 5740
5740 5740 5740
5740 5740 5740
5740 5740 5740
5740 5740 5740
5740 5740 5740
5740 5740 5740
5740 5740 5740
5740 5740 5740
5740 5740 5740
5740 5740 5740
5740 5740 5740
5740 5740 5740
5740 5740 5740
5740 5740 5740
5740 5740 5740
5740 5740 5740
5740 5740 5740
5740 5740 5740
5740 5740 5740
5740 5740 5740
5740 5740 5740
5740 5740 5740
5740 5740 5740
5740 5740 5740
5740 5740 5740
5740 5740 5740
5740 5740 5740
5740 5740 5740
5740 5740 5740
5740 5740 5740
5740 5740 5740
5740 5740 5740
5740 5740 5740
5740 5740 5740
5740 5740 5740
5740 5740 5740
5740 5740 5740
5740 5740 5740
5740 5740 5740
5740 5740 5740
5740 5740 5740
5740 5740 5740
5740 5740 5740
5740 5740 5740
5740 5740 5740
5740 5740 5740
5740 5740 5740
5740 5740 5740
5740 5740 5740
5740 5740 5740
5740 5740 5740
5740 5740 5740
5740 5740 5740
5740 5740 5740
5740 5740 5740
5740 5740 5740
5740 5740 5740
5740 5740 5740
5740 5740 5740
5740 5740 5740
5740 5740 5740
5740 5740 5740
5740 5740 5740
5740 5740 5740
5740 5740 5740
5740 5740 5740
5740 5740 5740
5740 5740 5740
5740 5740 5740
5740 5740 5740
5740 5740 5740
5740 5740 5740
5740 5740 5740
5740 5740 5740
5740 5740 5740
5740 5740 5740
5740 5740 5740
5740 5740 5740
5740 5740 5740
5740 5740 5740
5740 5740 5740
5740 5740 5740
5740 5740 5740
5740 5740 5740
5740 5740 5740
5740 5740 5740
5740 5740 5740
5740 5740 5740
5740 5740 5740
5740 5740 5740
5740 5740 5740
5740 5740 5740
5740 5740 5740
5740 5740 5740
5740 5740 5740
5740 5740 5740
5740 5740 5740
5740 5740 5740
5740 5740 5740
5740 5740 5740
5740 5740 5740
5740 5740 5740
5740 5740 5740
5740 5740 5740
5740 5740 5740
5740 5740 5740
5740 5740 5740
5740 5740 5740
5740 5740 5740
5740 5740 5740
5740 5740 5740
5740 5740 5740
5740 5740 5740
5740 5740 5740
5740 5740 5740
5740 5740 5740
5740 5740 5740
5740 5740 5740
5740 5740 5740
5740 5740 5740
5740 5740 5740
5740 5740 5740
5740 5740 5740
5740 5740 5740
5740 5740 5740
5740 5740 5740
5740 5740 5740
5740 5740 5740
5740 5740 5740
5740 5740 5740
5740 5740 5740
5740 5740 5740
5740 5740 5740
5740 5740 5740
5740 5740 5740
5740 5740 5740
5740 5740 5740
5740 5740 5740
5740 5740 5740
5740 5740 5740
5740 5740 5740
5740 5740 5740
5740 5740 5740
5740 5740 5740
5740 5740 5740
5740 5740 5740
5740 5740 5740
5740 5740 5740
5740 5740 5740
5740 5740 5740
5740 5740 5740
5740 5740 5740
5740 5740 5740
5740 5740 5740
5740 5740 5740
5740 5740 5740
5740 5740 5740
5740 5740 5740
5740 5740 5740
5740 5740 5740
5740 5740 5740
5740 5740 5740
5740 5740 5740
5740 5740 5740
5740 5740 5740
5740 5740 5740
5740 5740 5740
5740 5740 5740
5740 5740 5740
5740 5740 5740
5740 5740 5740
5740 5740 5740
5740 5740 5740
5740 5740 5740
5740 5740 5740
5740 5740 5740
5740 5740 5740
5740 5740 5740
5740 5740 5740
5740 5740 5740
5740 5740 5740
5740 5740 5740
5740 5740 5740
5740 5740 5740
5740 5740 5740
5740 5740 5740
5740 5740 5740
