-59770 -64170 -67312
-21165 -73140 -62245
-9005 -73140 -58221
-5965 -73140 -59009
-5965 -74930 -57959
-5965 -74540 -58151
-1350 -75200 -56157
-1210 -74480 -57068
-1210 -74980 -56315
-1210 -74520 -56494
18110 -73140 -54547
18110 -73140 -55443
18110 -74870 -56368
18110 -75250 -54956
20010 -73065 -53716
20010 -73140 -53022
20010 -73135 -53399
20010 -74840 -54095
20010 -73500 -53692
20010 -73140 -52978
20010 -76560 -52376
28755 -73140 -52468
28755 -73140 -53443
28755 -72540 -52185
28755 -73140 -54081
28755 -75830 -52135
28755 -73140 -53104
28755 -73140 -50911
28755 -73970 -52088
28755 -73155 -51305
28755 -73140 -50875
28755 -73140 -51906
28755 -74950 -53104
28755 -78650 -50059
28755 -74120 -52501
28755 -73140 -50627
28755 -76320 -51989
28755 -76730 -50374
28755 -73140 -51309
28755 -73140 -51923
28755 -73065 -49499
28755 -75200 -49420
28755 -72875 -51673
28755 -73140 -51018
28755 -76695 -50199
28755 -75830 -51328
28755 -73140 -49504
28755 -73140 -51037
28755 -73140 -48967
28755 -73960 -51077
28755 -73140 -49250
28755 -74205 -50781
28755 -75070 -51369
28755 -73140 -49634
28755 -73140 -48554
28755 -75555 -49129
28755 -73140 -49841
28755 -73140 -49382
28755 -73140 -50650
28755 -73070 -49096
28755 -73140 -51617
28755 -73140 -49933
28755 -73140 -49560
28755 -73140 -49138
28755 -75830 -50937
28755 -73420 -51290
28755 -73140 -50756
28755 -73140 -48981
28755 -73070 -51570
28755 -72870 -48731
37925 -73120 -48648
37925 -73140 -47535
37925 -73065 -49273
37925 -73135 -49832
54125 -73140 -48152
54125 -73140 -48772
54125 -73135 -46565
54125 -73140 -47598
54125 -72940 -48446
54125 -73140 -49085
54125 -73140 -48840
54125 -72870 -47929
54125 -73965 -48461
54125 -73140 -50217
54125 -73135 -48186
54125 -73135 -46070
54125 -72880 -50295
54125 -74655 -49105
54795 -73140 -50059
54795 -72855 -48707
54795 -73355 -47695
54795 -72940 -48622
54795 -72865 -48866
54795 -73070 -49557
54795 -76100 -50679
54795 -74035 -49488
54795 -73095 -48177
54795 -73140 -46579
54795 -74080 -49911
54795 -73030 -48718
54795 -74770 -47414
54795 -73690 -47386
54795 -73135 -48022
54795 -74295 -49780
54795 -72870 -47680
54795 -72400 -47016
54795 -72935 -49531
54795 -73065 -47775
54795 -73400 -46080
54795 -72870 -50592
54795 -72870 -47634
54795 -72590 -45219
54795 -72940 -46607
54795 -73960 -48908
54795 -72835 -47268
54795 -72255 -46944
54795 -73795 -48773
54795 -72760 -45089
54795 -72530 -48397
54795 -72530 -45196
54795 -72780 -48669
54795 -72870 -47942
54795 -72020 -46307
54795 -73700 -47799
54795 -71920 -45584
54795 -72880 -46943
54795 -72710 -48660
54795 -72020 -47200
54795 -74300 -47099
54795 -73065 -47459
54795 -72985 -48134
54795 -72870 -48966
54795 -72935 -46721
54795 -75585 -48693
54795 -72380 -47414
54795 -73140 -46070
54795 -72870 -48024
54795 -74745 -48434
54795 -72180 -45279
54795 -74065 -47360
54795 -72360 -46343
54795 -72490 -46200
54795 -72480 -44368
54795 -73135 -45051
54795 -73845 -47379
54795 -71985 -43819
54795 -73095 -46143
54795 -72900 -47575
54795 -72870 -47741
54795 -73295 -46912
54795 -74190 -45327
54795 -73070 -46235
54795 -73030 -43075
54795 -72830 -49122
54795 -72035 -46727
54795 -73135 -47182
54795 -73095 -47605
54795 -72180 -44859
54795 -73155 -45565
54795 -73135 -44673
54795 -74300 -47064
54795 -72830 -47652
54795 -72665 -47454
54795 -73135 -47580
54795 -72360 -44770
54795 -72805 -45321
54795 -73065 -48413
54795 -72540 -47231
54795 -72070 -45665
54795 -74110 -45839
54795 -74065 -46619
54795 -72910 -46616
54795 -73760 -45965
54795 -75550 -48484
54795 -72875 -46600
54795 -71850 -43717
54795 -72935 -48031
54795 -75580 -48215
54795 -75750 -45762
54795 -71240 -43989
54795 -71820 -46499
54795 -72810 -46438
54795 -72830 -47422
54795 -72220 -46810
54795 -72500 -47379
54795 -72605 -44103
54795 -73135 -45510
54795 -72890 -45424
54795 -73565 -47104
54795 -72340 -45180
54795 -73070 -47096
54795 -74300 -48645
54795 -72760 -46315
54795 -75620 -46098
54795 -73140 -46330
54795 -72490 -45148
54795 -72605 -45112
54795 -72190 -44751
54795 -72870 -46274
54795 -73065 -45708
54795 -73030 -46907
54795 -72795 -48363
54795 -72870 -44976
54795 -74100 -48933
54795 -72920 -46343
54795 -72870 -46373
54795 -71890 -47281
54795 -72865 -45809
54795 -73140 -44480
54795 -73000 -45953
54795 -72925 -44831
54795 -72480 -44896
54795 -73525 -45927
54795 -72850 -47122
54795 -74100 -44394
54795 -74775 -46687
54795 -72865 -46313
54795 -74810 -45917
54795 -72640 -46042
54795 -72795 -41743
54795 -71820 -45188
54795 -72925 -44832
54795 -72850 -46232
54795 -72935 -44966
54795 -72420 -42276
54795 -73065 -44776
54795 -72555 -42930
54795 -72020 -43071
54795 -71620 -44587
54795 -72750 -44919
54795 -72985 -45177
54795 -72805 -45894
54795 -72905 -44985
54795 -71930 -44717
54795 -71920 -44434
54795 -72185 -44839
54795 -72680 -42984
54795 -72870 -43318
54795 -73065 -44466
54795 -72670 -45027
54795 -73135 -46386
54795 -72020 -45496
54795 -72820 -45407
54795 -73135 -44097
54795 -73070 -46243
54795 -73140 -43573
54795 -71755 -43448
54795 -72225 -44831
54795 -73135 -47591
54795 -72770 -45288
54795 -72885 -43332
54795 -73135 -43555
54795 -71820 -42192
54795 -72490 -43664
54795 -72130 -43965
54795 -72865 -45431
54795 -72020 -43373
54795 -73760 -43000
54795 -73030 -44303
54795 -72090 -44693
54795 -73140 -43507
54795 -72655 -42812
54795 -72935 -45257
54795 -72775 -44567
54795 -72190 -40453
54795 -72430 -43227
54795 -72925 -45267
54795 -73140 -45828
54795 -72830 -43888
54795 -72690 -41506
54795 -72360 -41383
54795 -72750 -43756
54795 -72020 -42037
54795 -72595 -43281
54795 -72020 -42263
54795 -72260 -42983
54795 -73140 -44703
54795 -72925 -44738
54795 -72360 -42011
54795 -72870 -41396
54795 -72020 -44990
54795 -72925 -43425
54795 -73135 -42548
54795 -73035 -43372
54795 -72295 -43992
54795 -73135 -43002
54795 -72705 -42236
55125 -72595 -41570
55125 -72940 -42727
55125 -72695 -43894
55125 -73030 -43879
55125 -71480 -41114
55125 -72490 -40990
55125 -72805 -43823
55125 -72020 -43347
55125 -72940 -44289
55125 -71950 -41330
55125 -72800 -44538
55125 -73135 -44131
55125 -72045 -41432
55125 -72760 -42600
55125 -72085 -42704
55125 -72830 -40081
55125 -73025 -42054
55125 -72880 -42868
55125 -72465 -42995
55125 -72020 -40980
55125 -72340 -42505
55125 -72830 -45039
55125 -72935 -42741
55125 -72925 -42444
55125 -72400 -42801
55125 -72795 -43658
55125 -73960 -44016
55125 -73030 -44256
55125 -71140 -40385
55125 -72865 -44002
55125 -73065 -42334
55125 -73030 -42404
55125 -72825 -46052
55125 -72865 -42679
55125 -72870 -43473
55125 -72230 -42673
55125 -72490 -43151
55125 -72360 -41396
55125 -72400 -39645
55125 -72295 -38840
55125 -72490 -40783
55125 -72595 -40576
55125 -72940 -44470
55125 -72345 -43663
55125 -72800 -41288
55125 -72020 -42266
55125 -72735 -41937
55125 -73065 -42762
55125 -72815 -42518
55125 -71350 -40339
55125 -73135 -40216
55125 -73135 -37646
55125 -72190 -41119
55195 -72595 -40274
55195 -72600 -40296
55195 -72940 -39670
55195 -72940 -42926
55195 -72400 -42708
55195 -72530 -40821
55195 -73030 -43304
55195 -73135 -42364
55325 -73115 -37328
55325 -72865 -40194
55325 -73760 -41579
55325 -72525 -41332
55325 -72535 -39662
55325 -72255 -42014
55325 -72430 -40408
55325 -74300 -43983
55325 -72870 -41829
55325 -73960 -39932
55325 -72935 -37656
55325 -72360 -39674
55325 -72880 -39533
55325 -72020 -39586
55325 -72930 -41789
55325 -70420 -37449
55325 -73095 -42193
55325 -71530 -39252
55325 -72360 -40522
55325 -72810 -40208
55325 -73025 -39812
55325 -73635 -38971
55325 -72190 -39455
55325 -72360 -37238
55325 -73020 -42262
55325 -72480 -39364
55325 -72930 -36976
55325 -72795 -40950
55325 -73135 -39199
55325 -73135 -39439
55325 -71415 -40061
55325 -73690 -40963
55325 -73140 -42557
55325 -73140 -39571
55325 -72760 -40716
55325 -72870 -41780
55325 -72930 -35030
55325 -73030 -38716
55325 -71425 -38702
55325 -72295 -35628
55325 -72805 -37427
55325 -72020 -38705
55325 -71750 -38887
55325 -72325 -37392
55325 -71820 -37312
55325 -73900 -40230
55325 -73135 -37947
55325 -72360 -38964
55325 -70065 -32880
55325 -72025 -38970
55325 -72895 -36120
55325 -72760 -37920
55325 -73700 -39293
55325 -73135 -33779
55325 -73065 -36043
55325 -73030 -36235
55325 -73065 -38429
55325 -72735 -41136
55325 -72790 -39001
55325 -72020 -38543
55325 -72960 -36130
55325 -71955 -36516
55325 -72020 -37238
55325 -73065 -40094
55325 -72025 -37701
55325 -71920 -31236
55325 -72960 -36223
55325 -72020 -33567
55325 -73140 -36805
55325 -72120 -34223
55325 -72865 -38993
55325 -72815 -35512
55325 -72760 -38001
55325 -72025 -32561
55325 -73135 -34986
55325 -72865 -37370
55325 -72315 -37310
55325 -72865 -37520
55325 -74930 -36850
55325 -72880 -37086
55325 -72925 -37230
55325 -75865 -39708
55325 -71920 -34434
55325 -72295 -34115
55325 -72820 -37578
55325 -73135 -37268
55325 -72515 -35194
55325 -74040 -35822
55325 -72925 -33562
55325 -72380 -34774
55325 -72020 -32171
55325 -71820 -32587
55325 -72925 -34158
55325 -72755 -36505
55325 -72925 -35024
55325 -71775 -32716
55325 -72330 -31408
55325 -73030 -35418
55325 -72865 -35656
55325 -72020 -33625
55325 -72020 -35018
55325 -72215 -35460
55325 -72925 -33367
55325 -72925 -32186
55325 -72925 -35209
55325 -72875 -37695
55325 -72020 -31595
55325 -74300 -37219
55325 -72355 -33992
55325 -72925 -37558
55325 -73135 -35066
55325 -71220 -32937
55325 -72020 -33917
55325 -72760 -36437
55325 -72940 -35788
55325 -73030 -35120
55325 -73135 -36876
55325 -73140 -35744
55325 -72395 -33389
55325 -72190 -37816
55325 -72925 -33062
55325 -72655 -34835
55325 -71920 -30431
55325 -72360 -36461
55325 -72820 -32012
55325 -71560 -33119
55325 -73280 -35694
55325 -72020 -33662
55325 -72490 -32670
55325 -72960 -36311
55325 -72645 -36294
55325 -72925 -36264
55325 -74300 -35188
55325 -72940 -34635
55325 -73135 -33071
55325 -71750 -33368
55325 -73140 -30345
55325 -72760 -36615
55325 -71820 -33683
55325 -71955 -27942
55325 -73140 -36932
55325 -72925 -33244
55325 -71050 -31800
55325 -72295 -34233
55325 -73030 -35802
55325 -73135 -34321
55325 -73140 -34678
55325 -71520 -33817
55325 -72280 -32752
55325 -71820 -31932
55325 -70220 -31822
55325 -72395 -35084
55325 -71695 -34640
55325 -72020 -32348
55325 -72870 -34249
55325 -73065 -30191
55325 -72020 -36075
55325 -72210 -35009
55325 -73030 -34692
55325 -71955 -36777
55325 -71750 -34820
55325 -72825 -34882
55325 -71220 -32661
55325 -73135 -37146
55325 -72865 -33887
55325 -72865 -28687
55325 -73140 -31780
55325 -72020 -34771
55325 -73030 -31453
55325 -71550 -33169
55325 -72295 -32369
55325 -72020 -32698
55325 -72935 -33419
55325 -73135 -33279
55325 -69965 -28843
55325 -70435 -34048
55325 -72485 -32193
55325 -72295 -32736
55325 -71090 -33956
55325 -73065 -33241
55325 -71220 -31400
55325 -73030 -35683
55325 -72290 -34642
55325 -70800 -31025
55325 -72020 -32160
55325 -73135 -33487
55325 -71770 -31237
55325 -70320 -30066
55325 -72820 -32957
55325 -72400 -30930
55325 -71310 -30889
55325 -72025 -33727
55325 -71820 -30206
55325 -73065 -32054
55325 -72870 -32272
55325 -72360 -30114
55325 -71400 -28368
55325 -72020 -33046
55325 -72020 -31072
55325 -72020 -29291
55325 -72295 -32398
55325 -69460 -31177
55325 -72020 -29957
55325 -71650 -30595
55325 -71320 -33244
55325 -67550 -25468
55325 -72760 -35056
55325 -70985 -29302
55325 -71620 -29606
55325 -71210 -33957
55325 -71880 -31469
55325 -71220 -30546
55325 -73140 -32859
55325 -72090 -30305
55325 -72020 -29769
55325 -73035 -33033
55325 -71920 -28931
55325 -71825 -27894
55325 -69385 -32952
55325 -72295 -30304
55325 -67020 -26048
55325 -72020 -29721
55325 -71550 -27061
55325 -72020 -29387
55325 -67810 -27192
55325 -72020 -31883
55325 -72820 -33336
55325 -71725 -28838
55325 -72020 -31693
55325 -72360 -29092
55325 -72020 -33564
55325 -71460 -29770
55325 -71820 -34370
55325 -72865 -32677
55325 -68050 -28725
55325 -72360 -32149
55325 -72550 -27197
55325 -73030 -32570
55325 -72115 -28096
55325 -72020 -29608
55325 -73135 -34787
55325 -73430 -29447
55325 -72595 -30920
55325 -72880 -32904
55325 -71650 -26892
55325 -68375 -25947
55325 -71750 -31327
55325 -72220 -27674
55325 -71340 -28771
55325 -71750 -29688
55325 -72810 -27583
55325 -72425 -32249
55325 -69925 -30344
55325 -72760 -31395
55325 -69495 -27844
55325 -72020 -27218
55325 -72550 -32418
55325 -70940 -29877
55325 -72090 -28363
55325 -72020 -31849
55325 -72020 -27481
55325 -72020 -32071
55325 -71820 -29825
55325 -72020 -33147
55325 -72870 -29101
55325 -72870 -26423
55325 -73135 -32180
55325 -71320 -27854
55325 -73135 -32752
55325 -71855 -32938
55325 -71720 -30268
55325 -72795 -30490
55325 -71020 -34556
55325 -69730 -26389
55325 -72020 -28683
55325 -72935 -30805
55325 -72360 -28342
55325 -72020 -25920
55325 -71245 -26898
55325 -70685 -28404
55325 -71765 -29676
55325 -71750 -28792
55325 -70520 -30018
55325 -71820 -28899
55325 -72875 -32038
55325 -72655 -29101
55325 -70975 -28320
55325 -71920 -31371
55325 -72020 -29247
55325 -69655 -26325
55325 -69340 -25681
55325 -70105 -30471
55325 -73135 -31886
55325 -72920 -28040
55325 -69435 -29656
55325 -72020 -29305
55325 -72360 -32199
55325 -71410 -28151
55325 -72020 -31016
55325 -72020 -28110
55325 -72020 -28784
55325 -72810 -28851
55325 -71410 -29247
55325 -70705 -25947
55325 -71120 -31557
55325 -72270 -26698
55325 -73030 -27423
55325 -70220 -30506
55325 -71435 -27900
55325 -72795 -27884
55325 -71155 -29365
55325 -72020 -27756
55325 -67010 -26581
55325 -72940 -27577
55325 -72020 -27498
55325 -71320 -27703
55325 -71145 -25056
55325 -65795 -24923
55325 -71220 -27388
55325 -69205 -28377
55325 -70840 -25831
55325 -71140 -27363
55325 -70125 -29745
55325 -72360 -29245
55325 -70220 -27572
55325 -71245 -28026
55325 -68050 -26210
55325 -71320 -29064
55325 -71210 -22848
55325 -71750 -23988
55325 -67010 -24247
55325 -72020 -32984
55325 -71120 -28523
55325 -71490 -27507
55325 -72020 -26587
55325 -72020 -28891
55325 -71920 -23689
55325 -72025 -29437
55325 -67010 -26554
55325 -67465 -23161
55325 -70320 -22290
55325 -68115 -24135
55325 -72550 -29488
55325 -70420 -26056
55325 -72925 -23734
55325 -71560 -27187
55325 -71135 -27092
55325 -70660 -24665
55325 -73030 -22704
55325 -71320 -31612
55325 -69625 -26825
55325 -72020 -25852
55325 -71750 -27083
55325 -71750 -24446
55325 -69635 -24782
55325 -70000 -26519
55325 -70320 -24575
55325 -68840 -21767
55325 -72020 -26788
55325 -70735 -28872
55325 -70305 -29651
55325 -72020 -30193
55325 -72020 -28546
55325 -70795 -29269
55325 -72115 -29212
55325 -70320 -23810
55325 -71885 -27370
55325 -72595 -28686
55325 -70615 -22643
55325 -71230 -25855
55325 -69380 -23914
55325 -72010 -27366
55325 -69385 -24880
55325 -70630 -27989
55325 -69350 -23819
55325 -68695 -23207
55325 -72760 -25579
55325 -72360 -27417
55325 -72005 -23891
55325 -68410 -24598
55325 -70955 -24891
55325 -68520 -23429
55325 -70835 -24321
55325 -71620 -27383
55325 -69205 -25215
55325 -67010 -23205
55325 -70735 -25850
55325 -67915 -22753
55325 -71315 -25656
55325 -70050 -23647
55325 -69790 -23446
55325 -71220 -25606
55325 -66530 -19894
55325 -71245 -25715
55325 -71750 -26390
55325 -70050 -26392
55325 -72805 -27863
55325 -71550 -25880
55325 -67020 -22530
55325 -69625 -25894
55325 -67020 -18228
55325 -68340 -26122
55325 -71650 -24669
55325 -66800 -21305
55325 -70780 -23056
55325 -64790 -22111
55325 -68375 -20823
55325 -67810 -21938
55325 -70470 -24949
55325 -71760 -22732
55325 -68320 -23917
55325 -69465 -21398
55325 -72020 -25538
55325 -68685 -20847
55325 -70075 -21308
55325 -71245 -21877
55325 -66635 -19822
55325 -67010 -24308
55325 -70035 -21927
55325 -70175 -24855
55325 -65180 -21536
55325 -71220 -23013
55325 -70320 -20923
55325 -70220 -22636
55325 -72400 -25403
55325 -71480 -23897
55325 -72020 -22422
55325 -71120 -23976
55325 -70320 -22196
55325 -69340 -20796
55325 -67020 -19723
55325 -67745 -20602
55325 -70215 -21952
55325 -69280 -19336
55325 -71750 -23350
55325 -67020 -22563
55325 -66195 -20395
55325 -69340 -19804
55325 -68215 -22686
55325 -67020 -19616
55325 -69205 -22489
55325 -71210 -22895
55325 -71805 -20115
55325 -63850 -19082
55325 -68690 -18435
55325 -67240 -21615
55325 -67010 -21685
55325 -70405 -27523
55325 -70155 -24220
55325 -70320 -18183
55325 -68655 -23960
55325 -70180 -23734
55325 -66045 -19521
55325 -72020 -21875
55325 -67300 -17331
55325 -70770 -22243
55325 -71005 -19409
55325 -67335 -21655
55325 -70320 -22489
55325 -70300 -20989
55325 -68520 -21037
55325 -68215 -18193
55325 -66920 -21056
55325 -70320 -21749
55325 -66875 -22348
55325 -69115 -21832
55325 -71365 -19937
55325 -68055 -22533
55325 -67835 -16598
55325 -67660 -21087
55325 -66150 -19368
55325 -72400 -23946
55325 -70320 -22320
55325 -70320 -20300
55325 -64780 -20261
55325 -71750 -21068
55325 -67020 -17775
55325 -71315 -19205
55325 -67540 -19090
55325 -70885 -18180
55325 -67010 -19103
55325 -65915 -20823
55325 -70850 -20135
55325 -66665 -21643
55325 -66800 -16182
55325 -67020 -20356
55325 -69495 -20124
55325 -64780 -19172
55325 -69625 -23697
55325 -70035 -20599
55325 -70150 -19667
55325 -65470 -18428
55325 -71320 -25643
55325 -69105 -21158
55325 -68040 -20081
55325 -69415 -19773
55325 -66800 -17185
55325 -69010 -18783
55325 -71320 -19973
55325 -68170 -14337
55325 -67140 -19986
55325 -67580 -17747
55325 -69420 -19727
55325 -66800 -15270
55325 -68375 -18827
55325 -64780 -21571
55325 -69935 -16052
55325 -68140 -19384
55325 -72295 -17705
55325 -66280 -19039
55325 -68680 -19608
55325 -68520 -18554
55325 -70305 -20779
55325 -65840 -19558
55325 -69760 -16700
55325 -69655 -17875
55325 -72020 -24687
55325 -70270 -15710
55325 -69185 -17292
55325 -64445 -19575
55325 -66885 -17035
55325 -71650 -21272
55325 -66805 -15963
55325 -66680 -19229
55325 -65315 -15973
55325 -67815 -21737
55325 -66640 -17194
55325 -66885 -17586
55325 -68410 -18057
55325 -70305 -16344
55325 -68955 -15794
55325 -69625 -17335
55325 -67010 -17404
55325 -69385 -16521
55325 -66800 -16775
55325 -70150 -18573
55325 -65660 -17255
55325 -71290 -17065
55325 -66980 -18539
55325 -66800 -16122
55325 -71920 -18799
55325 -66675 -19447
55325 -67935 -16153
55325 -66700 -16737
55325 -65225 -16012
55325 -66015 -16458
55325 -66270 -15420
55325 -69585 -14770
55325 -66665 -17855
55325 -70025 -18291
55325 -66365 -14595
55325 -71245 -15657
55325 -65380 -14018
55325 -66800 -16931
55325 -68815 -18671
55325 -67020 -13552
55325 -66800 -15310
55325 -67615 -16479
55325 -65930 -10574
55325 -66370 -10198
55325 -66150 -16537
55325 -66460 -20637
55325 -69275 -13700
55325 -63565 -15555
55325 -66910 -18089
55325 -64780 -18676
55325 -67785 -13609
55325 -66145 -18409
55325 -67010 -15597
55325 -66800 -12598
55325 -66590 -15928
55325 -66800 -15281
55325 -64400 -12109
55325 -64320 -11258
55325 -66590 -17936
55325 -70305 -15954
55325 -71920 -18151
55325 -67780 -15900
55325 -64800 -15986
55325 -66045 -14875
55325 -67020 -16721
55325 -68160 -14270
55325 -67020 -16325
55325 -69625 -19311
55325 -65280 -14616
55325 -68140 -12573
55325 -63575 -13891
55325 -67935 -15273
55325 -65805 -13855
55325 -70220 -16563
55325 -68700 -16082
55325 -65045 -13667
55325 -66660 -12414
55325 -67010 -18893
55325 -65795 -15728
55325 -66885 -12708
55325 -65225 -12262
55325 -65225 -13880
55325 -64645 -12408
55325 -64780 -9195
55325 -65940 -11071
55325 -64850 -11658
55325 -65225 -10411
55325 -63530 -10928
55325 -65795 -8157
55325 -65805 -9754
55325 -64780 -11941
55325 -64235 -14830
55325 -69495 -16762
55325 -64780 -15610
55325 -64515 -13720
55325 -66700 -12851
55325 -64780 -14985
55325 -64780 -12791
55325 -66925 -16005
55325 -63430 -7425
55325 -71135 -19135
55325 -65585 -12938
55325 -66150 -16936
55325 -66800 -14630
55325 -63215 -5814
55325 -64100 -14826
55325 -65225 -10307
55325 -67020 -14164
55325 -64545 -8985
55325 -65045 -10283
55325 -64835 -11402
55325 -64780 -7481
55325 -64235 -8470
55325 -66255 -12004
55325 -66135 -11878
55325 -66230 -13370
55325 -66875 -14721
55325 -67195 -14259
55325 -69625 -13917
55325 -68405 -10380
55325 -64780 -9502
55325 -65795 -9893
55325 -64785 -11435
55325 -63640 -12507
55325 -65080 -9738
55325 -64650 -12829
55325 -66800 -13241
55325 -67020 -11671
55325 -67650 -12402
55325 -64780 -10776
55325 -65450 -12260
55325 -68680 -10838
55325 -66790 -9583
55325 -64175 -5407
55325 -65450 -7001
55325 -64250 -13950
55325 -66885 -8252
55325 -64245 -12100
55325 -64580 -10344
55325 -65135 -12148
55325 -64780 -10031
55325 -63410 -10978
55325 -66805 -7460
55325 -63860 -7844
55325 -67010 -9164
55325 -62615 -8311
55325 -67010 -14314
55325 -64205 -7838
55325 -63445 -14608
55325 -65750 -9775
55325 -64375 -8092
55325 -66885 -10483
55325 -65225 -10132
55325 -63225 -10620
55325 -63070 -5378
55325 -66150 -7080
55325 -65030 -9645
55325 -63365 -6385
55325 -67560 -9757
55325 -64100 -8815
55325 -66125 -9459
55325 -63935 -11899
55325 -64580 -11527
55325 -63805 -7080
55325 -62215 -5036
55325 -63205 -5277
55325 -64320 -8844
55325 -65585 -7198
55325 -63190 -3087
55325 -63105 -5649
55325 -65225 -13627
55325 -66395 -10046
55325 -64235 -9100
55325 -64780 -7401
55325 -62825 -7374
55325 -65940 -13120
55325 -63150 -7992
55325 -65795 -13047
55325 -61170 -4557
55325 -64775 -8490
55325 -65105 -7312
55325 -65225 -8329
55325 -62530 -8230
55325 -62820 -4277
55325 -65400 -9112
55325 -63565 -8914
55325 -65300 -9990
55325 -67945 -6057
55325 -61840 -3889
55325 -63640 -3038
55325 -66665 -9369
55325 -66665 -11241
55325 -63205 -9756
55325 -66910 -9347
55325 -65750 -6323
55325 -63430 -2815
55325 -66800 -5412
55325 -62425 -2661
55325 -62805 -3495
55325 -64780 -3472
55325 -61730 -1099
55325 -63400 -3527
55325 -65670 -5051
55325 -63105 -3312
55325 -64680 -4009
55325 -66665 -6076
55325 -67060 -1999
55325 -61945 -6846
55325 -63825 -8117
55325 -60825 -889
55325 -64445 -8313
55325 -63290 -2044
55325 -65830 -6807
55325 -61915 -2164
55325 -63885 -8000
55325 -64565 -6338
55325 -62980 -3631
55325 -61585 -893
55325 -63400 -4685
55325 -65225 -5593
55325 -64125 -6372
55325 -63565 -4833
55325 -64780 -5585
55325 -63745 -6273
55325 -64310 -7634
55325 -66460 -2121
55325 -61875 207
55325 -64780 -4014
55325 -62520 -5096
55325 -63410 -2688
55325 -63410 -2092
55325 -63890 -1887
55325 -63575 -5341
55325 -63105 1032
55325 -62520 -3822
55325 -62830 -5539
55325 -62320 -218
55325 -62980 -214
55325 -64565 -1557
55325 -62650 -759
55325 -62520 -737
55325 -62080 -1438
55325 -63260 -4556
55325 -63760 -6844
55325 -63400 -1698
55325 -61085 -4842
55325 -64245 -329
55325 -63965 -1069
55325 -62895 -207
55325 -63190 -7527
55325 -64040 -1789
55325 -62520 -1674
55325 -61855 699
55325 -63400 -3800
55325 -64235 -1995
55325 -62795 -4859
55325 -65090 -3396
55325 -60970 -29
55325 -64175 -1739
55325 -65940 240
55325 -62265 -2515
55325 -65115 -809
55325 -68545 -7038
55325 -63165 1443
55325 -61790 -715
55325 -60395 -2014
55325 -64780 -7059
55325 -61840 -2349
55325 -60895 1878
55325 -62215 340
55325 -63060 -450
55325 -60820 -132
55325 -64825 -2579
55325 -63640 -1947
55325 -63860 -2284
55325 -62015 -1901
55325 -62965 -1707
55325 -60815 597
55325 -61170 -3210
55325 -62520 1596
55325 -61375 -2250
55325 -60885 -2009
55325 -63115 -1478
55325 -63500 -255
55325 -63030 -1178
55325 -62245 227
55325 -62420 -552
55325 -63075 2074
55325 -62000 3380
55325 -62280 941
55325 -61080 4660
55325 -65225 -342
55325 -62180 4616
55325 -63430 373
55325 -62180 -2810
55325 -63805 -1430
55325 -62650 566
55325 -62930 3780
55325 -63330 -476
55325 -59640 2215
55325 -62615 4441
55325 -61415 -1798
55325 -61790 151
55325 -59070 8707
55325 -62520 1981
55325 -62970 1826
55325 -59350 2342
55325 -60675 182
55325 -60890 -2022
55325 -62320 5114
55325 -63320 -790
55325 -61555 -4492
55325 -62520 -1807
55325 -64175 -1946
55325 -62080 6001
55325 -62215 3381
55325 -62520 -733
55325 -62215 -1179
55325 -60820 4698
55325 -60255 5769
55325 -62520 1744
55325 -59690 2530
55325 -59570 4168
55325 -61165 2198
55325 -60725 5744
55325 -62120 3559
55325 -62795 6325
55325 -61790 291
55325 -62355 306
55325 -60750 5265
55325 -57945 3226
55325 -60820 7928
55325 -63410 -1199
55325 -60820 5056
55325 -60340 1724
55325 -60770 4187
55325 -62320 4498
55325 -60900 -508
55325 -61660 5351
55325 -62870 2981
55325 -63180 6690
55325 -62145 2924
55325 -61280 4320
55325 -62045 4589
55325 -62990 6582
55325 -61180 4298
55325 -62980 -880
55325 -63170 111
55325 -62000 6345
55325 -58775 6176
55325 -58890 10266
55325 -61150 4932
55325 -60775 6342
55325 -60750 5265
55325 -62970 3685
55325 -62415 6415
55325 -61910 7840
55325 -61475 7956
55325 -61610 5161
55325 -59935 6213
55325 -58655 11326
55325 -60570 7371
55325 -59580 7016
55325 -63105 4054
55325 -60640 9962
55325 -61820 3711
55325 -61620 8911
55325 -61225 3178
55325 -62680 6518
55325 -60820 7508
55325 -58655 8661
55325 -57885 10320
55325 -60220 7097
55325 -59240 10321
55325 -60820 5361
55325 -56765 9547
55325 -62420 2042
55325 -60675 4571
55325 -60460 7322
55325 -61805 7317
55325 -61035 6484
55325 -60900 12664
55325 -60570 11930
55325 -60440 12005
55325 -58470 9884
55325 -58060 14394
55325 -61925 5818
55325 -60820 5595
55325 -59515 8994
55325 -59560 10866
55325 -53340 12201
55325 -59560 8001
55325 -57810 11292
55325 -60820 8094
55325 -60820 10937
55325 -55065 12033
55325 -60520 9299
55325 -59770 9335
55325 -61820 10529
55325 -59560 8532
55325 -58470 9921
55325 -56870 8658
55325 -61455 6904
55325 -59595 7515
55325 -60820 9521
55325 -57860 10648
55325 -58460 11358
55325 -58550 12039
55325 -60865 10284
55325 -57950 6921
55325 -58875 10576
55325 -59515 11159
55325 -58070 13036
55325 -62050 8296
55325 -58550 14417
55325 -61890 7904
55325 -56230 15809
55325 -55840 14439
55325 -56130 16500
55325 -59770 14344
55325 -57555 14992
55325 -55935 13616
55325 -61040 12265
55325 -58655 12513
55325 -60360 10334
55325 -56240 13548
55325 -59715 6840
55325 -60890 13304
55325 -57340 14321
55325 -54840 13866
55325 -56765 14353
55325 -58470 13014
55325 -59895 13711
55325 -59535 10928
55325 -62420 9257
55325 -56940 17397
55325 -57650 14689
55325 -51720 19554
55325 -58860 10100
55325 -58080 14832
55325 -58450 14052
55325 -59080 9719
55325 -57840 13643
55325 -56170 14505
55325 -58470 14769
55325 -58670 18489
55325 -56130 17875
55325 -58080 12350
55325 -56885 17688
55325 -42220 17427
55325 -46240 22667
55325 -60820 13396
55325 -54550 17813
55325 -55840 18372
55325 -58375 19433
55325 -57540 12259
55325 -59560 15176
55325 -60820 10183
55325 -42120 15641
55325 -58060 12548
55325 -58660 12438
55325 -60570 11745
55325 -56240 15039
55325 -53340 20601
55325 -57570 18551
55325 -55065 18689
55325 -55730 13408
55325 -58150 12414
55325 -55935 16930
55325 -54165 20353
55325 -55065 20873
55325 -60465 12435
55325 -57840 18362
55325 -57945 12583
55325 -57860 20369
55325 -54265 21026
55325 -34810 21564
55325 -54665 15731
55325 -57540 18391
55325 -59595 16909
55325 -42220 20074
55325 -27635 20620
55325 -56155 16535
55325 -56040 21012
55325 -48270 21772
55325 -56655 16762
55325 -40820 16372
55325 -60820 15540
55325 -56830 19465
55325 -57105 16165
55325 -56810 18074
55325 -55065 18072
55325 -58550 16019
55325 -55065 21858
55325 -56830 18146
55325 -57860 15521
55325 -57540 18475
55325 -56940 14981
55325 -34810 21356
55325 -56980 17645
55325 -58525 17848
55325 -55865 17098
55325 -34810 17964
55325 -56830 15974
55325 -58550 19109
55325 -34550 26841
55325 -55065 19811
55325 -57860 22524
55325 -55865 20690
55325 -34810 27003
55325 -54055 19797
55325 -55065 21692
55325 -34810 25611
55325 -34810 23300
55325 -34810 22977
55325 -55065 22972
55325 -34810 23043
55325 -55065 22534
55325 -55840 19822
55325 -55065 17700
55325 -55065 24231
55325 -25955 23003
55325 -55065 18896
55325 -53040 22891
55325 -55840 19622
55325 -41630 22032
55325 -56765 25438
55325 -26915 23455
55325 -60820 23232
55325 -41115 27376
55325 -57540 19957
55325 -58550 15557
55325 -34540 18584
55325 -56055 24767
55325 -35665 24607
55325 -34810 21992
55325 -57855 23418
55325 -34810 27224
55325 -25310 28536
55325 -33660 23795
55325 -26505 25437
55325 -34810 25208
55325 -34540 19806
55325 -25310 32706
55325 -55065 21970
55325 -55065 24000
55325 -56880 21410
55325 -34810 25614
55325 -26915 31946
55325 -34810 24422
55325 -34540 22161
55325 -56860 23217
55325 -26915 30465
55325 -34540 19612
55325 -34540 28186
55325 -29715 27195
55325 -55065 22513
55325 -55065 25003
55325 -54265 24294
55325 -34540 24344
55325 -55225 23975
55325 -55730 21907
55325 -56240 24435
55325 -39260 26691
55325 -33460 25467
55325 -34810 25247
55325 -34640 27523
55325 -26915 25451
55325 -25310 33642
55325 -34810 27316
55325 -25310 28211
55325 -25310 31362
55325 -26915 30134
55325 -34810 28157
55325 -26915 31066
55325 -25310 29242
55325 -25310 32413
55325 -25310 32031
55325 -34810 28616
55325 -34810 31971
55325 -25310 31453
55325 -26915 27419
55325 -26355 30770
55325 -34810 29738
55325 -34810 27278
55325 -34810 26583
55325 -25310 30353
55325 -25310 29283
55325 -25310 33673
55325 -34540 29041
55325 -26915 30995
55325 -25310 32125
55325 -34540 28755
55325 -55065 26115
55325 -26915 30839
55325 -25310 30130
55325 -26915 30715
55325 -34640 24963
55325 -27265 30042
55325 -25310 35373
55325 -55065 28501
55325 -25310 35324
55325 -26915 29989
55325 -25310 33600
55325 -27895 29346
55325 -26915 27797
55325 -26915 32435
55325 -25310 26990
55325 -25310 30628
55325 -25310 27566
55325 -24205 35660
55325 -28130 33731
55325 -24820 35294
55325 -34810 25868
55325 -28420 27972
55325 -53040 28998
55325 -25310 30516
55325 -26915 30063
55325 -25310 33765
55325 -25310 33830
55325 -25310 34310
55325 -25310 34705
55325 -25310 30072
55325 -25310 28749
55325 -26915 31835
55325 -25310 31104
55325 -34610 29178
55325 -25310 34343
55325 -25310 34346
55325 -25310 29903
55325 -25310 32923
55325 -25310 39893
55325 -26915 31839
55325 -26915 29961
55325 -25310 33343
55325 -25310 37984
55325 -25310 34654
55325 -25310 36792
55325 -25310 26015
55325 -22560 38827
55325 -25310 34126
55325 -25310 34963
55325 -25310 40227
55325 -25310 32259
55325 -25310 33708
55325 -25310 36393
55325 -26915 31384
55325 -25310 34263
55325 -24205 38793
55325 -26915 36035
55325 -26700 35112
55325 -25310 35260
55325 -25310 35677
55325 -25310 35813
55325 -25310 29810
55325 -25310 31913
55325 -25310 34457
55325 -25310 36442
55325 -25310 35421
55325 -25310 32967
55325 -25310 32349
55325 -24205 39032
55325 -25310 41712
55325 -25310 38711
55325 -25310 38801
55325 -24205 43624
55325 -22350 45258
55325 -25310 43185
55325 -25310 37140
55325 -25310 31835
55325 -24205 43257
55325 -25310 36197
55325 -22350 44134
55325 -25310 39074
55325 -25310 40100
55325 -22350 45608
55325 -25310 39808
55325 -22350 39270
55325 -25310 37957
55325 -25310 38671
55325 -25310 39832
55325 -25310 40157
55325 -25310 40822
55325 -25310 36426
55325 -25310 34302
55325 -25310 39460
55325 -24205 41754
55325 -25310 34015
55325 -25310 37514
55325 -24205 37186
55325 -25310 39429
55325 -25310 35945
55325 -25310 35888
55325 -25310 39111
55325 -24205 40716
55325 -25310 39745
55325 -25310 36807
55325 -24205 40277
55325 -25310 39794
55325 -24205 41373
55325 -25310 40922
55325 -25310 41620
55325 -24205 39077
55325 -25310 37457
55325 -24205 39940
55325 -25310 37096
55325 -25310 38241
55325 -25310 35648
55325 -26915 35987
55325 -25310 41326
55325 -25310 40886
55325 -25310 39296
55325 -25310 38712
55325 -25310 41353
55325 -25310 37474
55325 -25310 38148
55325 -25310 36012
55325 -25310 41620
55325 -25310 40035
55325 -24205 44016
55325 -24205 40306
55325 -24205 39794
55325 -25310 38249
55325 -25310 38962
55325 -25310 38280
55325 -25310 39798
55325 -25310 38199
55325 -24205 42568
55325 -25310 38946
55325 -22350 41430
55325 -25310 37521
55325 -25310 41747
55325 -25310 40950
55325 -25310 35925
55325 -22350 39265
55325 -25310 35965
55325 -25310 34429
55325 -25310 39836
55325 -24205 39103
55325 -22350 43402
55325 -25310 37563
55325 -25310 41339
55325 -25310 31255
55325 -25310 38743
55325 -25310 39294
55325 -24205 38007
55325 -25310 36963
55325 -25310 34356
55325 -22350 40346
55325 -25310 37400
55325 -26915 36943
55325 -25310 42432
55325 -25310 38492
55325 -25310 37123
55325 -25310 39300
55325 -25310 39054
55325 -25310 37907
55325 -25310 37863
55325 -25310 42260
55325 -25310 39410
55325 -25310 32546
55325 -25310 39840
55325 -25310 37194
55325 -24205 42146
55325 -25310 39011
55325 -24205 42942
55325 -25310 32644
55325 -20330 45679
55325 -25310 40222
55325 -25310 37492
55325 -24205 38674
55325 -24205 36496
55325 -25310 35973
55325 -25310 30724
55325 -25310 36978
55325 -25310 35555
55325 -25310 32825
55325 -25310 34033
55325 -24205 38261
55325 -25310 38595
55325 -25310 36692
55325 -25310 36692
55325 -25310 37413
55325 -25310 39157
55325 -25310 37286
55325 -25310 35189
55325 -25310 42065
55325 -25310 36756
55325 -25310 34265
55325 -25310 36698
55325 -24205 42237
55325 -25310 40972
55325 -25310 36898
55325 -24205 38856
55325 -24205 37945
55325 -25310 36660
55325 -25310 35284
55325 -25310 33878
55325 -25310 40196
55325 -25310 35411
55325 -25310 35704
55325 -25310 36670
55325 -25310 40873
55325 -25310 33507
55325 -25310 33490
55325 -25310 36377
55325 -25310 34082
55325 -25310 35167
55325 -25310 38713
55325 -25310 37021
55325 -25310 40557
55325 -25310 37429
55325 -25310 39221
55325 -25310 30815
55325 -25310 35525
55325 -25310 35832
55325 -25310 35536
55325 -25310 31767
55325 -24205 38043
55325 -25310 35679
55325 -25310 38648
55325 -24205 38073
55325 -25310 35424
55325 -25310 38743
55325 -25310 32813
55325 -25310 33417
55325 -25310 30191
55325 -24205 40249
55325 -25310 38257
55325 -25310 35097
55325 -25310 38544
55325 -25310 34336
55325 -25310 37926
55325 -25310 41316
55325 -25310 36847
55325 -24205 40286
55325 -24205 36915
55325 -24205 37627
55325 -25310 41255
55325 -25310 35053
55325 -25310 36749
55325 -25310 38481
55325 -25310 35188
55325 -25310 34801
55325 -25310 45119
55325 -24205 38360
55325 -25310 35223
55325 -25310 33346
55325 -25310 36617
55325 -25310 40570
55325 -25310 36362
55325 -24205 42102
55325 -25310 33578
55325 -26915 37595
55325 -25310 38191
55325 -25310 37227
55325 -25310 36490
55325 -24205 42906
55325 -25310 37866
55325 -25310 37901
55325 -25310 36271
55325 -25310 35638
55325 -25310 37760
55325 -24205 40723
55325 -25310 35476
55325 -25310 40752
55325 -25310 34485
55325 -25310 31341
55325 -25310 37491
55325 -25310 34730
55325 -25310 36556
55325 -25310 36325
55325 -25310 36014
55325 -25310 35761
55325 -25310 36251
55325 -25310 35951
55325 -25310 40527
55325 -25310 33677
55325 -25310 34759
55325 -25310 38247
55325 -25310 34050
55325 -25310 34689
55325 -25310 38678
55325 -25310 37471
55325 -25310 36301
55325 -25310 39814
55325 -25310 34131
55325 -25310 38258
55325 -25310 39021
55325 -25310 37134
55325 -25310 39402
55325 -25310 39699
55325 -24205 41366
55325 -25310 36692
55325 -25310 37803
55325 -25310 36423
55325 -25310 36320
55325 -24205 40620
55325 -24205 36555
55325 -25310 38255
55325 -25310 39131
55325 -26915 33634
55325 -25310 33999
55325 -25310 38276
55325 -25310 31461
55325 -25310 37321
55325 -25310 34726
55325 -25310 31357
55325 -25310 36745
55325 -25310 34332
55325 -25310 32587
55325 -25310 31646
55325 -25310 35612
55325 -25310 36644
55325 -24205 36476
55325 -25310 37820
55325 -25310 35571
55325 -25310 36099
55325 -25310 35030
55325 -25310 32938
55325 -25310 38652
55325 -25310 35534
55325 -25310 36060
55325 -25310 35088
55325 -25310 38719
55325 -25310 31678
55325 -25310 34340
55325 -25310 31371
55325 -24205 38421
55325 -25310 36410
55325 -25310 36321
55325 -25310 33993
55325 -25310 34094
55325 -25310 35564
55325 -25310 37954
55325 -25310 32441
55325 -25310 35875
55325 -25310 34086
55325 -25310 33998
55325 -25310 34320
55325 -25310 38984
55325 -25310 37656
55325 -25310 35843
55325 -25310 35074
55325 -25310 35549
55325 -25310 34869
55325 -25310 36729
55325 -25310 35532
55325 -25310 37818
55325 -25310 30602
55325 -25310 38002
55325 -25310 34144
55325 -25310 40953
55325 -25310 37225
55325 -25310 35129
55325 -25310 37794
55325 -25310 28433
55325 -25310 36006
55325 -25310 37896
55325 -26915 33139
55325 -25310 33896
55325 -25310 37078
55325 -25310 35003
55325 -25310 29755
55325 -25310 36356
55325 -25310 32539
55325 -25310 36331
55325 -25310 33200
55325 -25310 34724
55325 -25310 36733
55325 -25310 34698
55325 -25310 30122
55325 -25310 30259
55325 -24205 38433
55325 -25310 35492
55325 -25310 37546
55325 -25310 34860
55325 -25310 33513
55325 -25310 38825
55325 -25310 35978
55325 -25310 33076
55325 -25310 36021
55325 -25310 35868
55325 -25310 36907
55325 -25310 31929
55325 -25310 37138
55325 -25310 31765
55325 -25310 37156
55325 -25310 34414
55325 -25310 32190
55325 -25310 31702
55325 -25310 35607
55325 -25310 34471
55325 -25310 38199
55325 -25310 34343
55325 -25310 37456
55325 -25310 34402
55325 -25310 33261
55325 -25310 35912
55325 -25310 36615
55325 -25310 38266
55325 -25310 37075
55325 -26915 35092
55325 -25310 35549
55325 -25310 32181
55325 -25310 42449
55325 -25310 35842
55325 -25310 34064
55325 -25310 32718
55325 -26915 31725
55325 -26915 34178
55325 -24205 34675
55325 -24205 40280
55325 -25310 35142
55325 -25310 33541
55325 -25310 29289
55325 -25310 30891
55325 -26915 29347
55325 -25310 35312
55325 -25310 32511
55325 -25310 34278
55325 -25310 33973
55325 -25310 33241
55325 -25310 34257
55325 -25310 33210
55325 -25310 35794
55325 -25310 33656
55325 -25310 34107
55325 -25310 32083
55325 -25310 35941
55325 -25310 31324
55325 -25310 38720
55325 -25310 33309
55325 -25310 32335
55325 -26915 30019
55325 -25310 35411
55325 -25310 27456
55325 -25310 28349
55325 -25310 39749
55325 -25310 34065
55325 -26915 31506
55325 -25310 35092
55325 -25310 34351
55325 -25310 34402
55325 -25310 36071
55325 -24205 35043
55325 -25310 34822
55325 -25310 34656
55325 -25310 33815
55325 -24205 40613
55325 -25310 32169
55325 -25310 31785
55325 -26915 31634
55325 -25310 34300
55325 -25310 32632
55325 -25310 32389
55325 -25310 34707
55325 -26915 30067
55325 -25310 34339
55325 -26915 28586
55325 -25310 33519
55325 -25310 35609
55325 -25310 30225
55325 -25310 32444
55325 -25310 33268
55325 -25310 32204
55325 -25310 29044
55325 -25310 29356
55325 -25310 32113
55325 -25310 27854
55325 -25310 32779
55325 -24205 39870
55325 -25310 34319
55325 -25310 34674
55325 -25310 32818
55325 -25310 32120
55325 -25310 37135
55325 -25310 33564
55325 -25310 38971
55325 -25310 29441
55325 -25310 33533
55325 -25310 33737
55325 -25310 31560
55325 -26915 30782
55325 -25310 29732
55325 -25310 31166
55325 -25310 34812
55325 -25310 34400
55325 -24205 35336
55325 -25310 35168
55325 -25310 33738
55325 -25310 33029
55325 -25310 38358
55325 -25310 34944
55325 -25310 35097
55325 -24205 38757
55325 -25310 31679
55325 -25310 34711
55325 -25310 34296
55325 -25310 36061
55325 -25310 29852
55325 -25310 32308
55325 -25310 30525
55325 -25310 31748
55325 -25310 33734
55325 -25310 37162
55325 -25310 31736
55325 -25310 30754
55325 -25310 31383
55325 -25310 31437
55325 -25310 28554
55325 -25310 36345
55325 -25310 37053
55325 -25310 37984
55325 -25310 29044
55325 -25310 30595
55325 -25310 39321
55325 -25310 33093
55325 -25310 30575
55325 -25310 35514
55325 -25310 30243
55325 -25310 29029
55325 -25310 32404
55325 -26915 30914
55325 -25310 29207
55325 -25310 36037
55325 -25310 30955
55325 -25310 32476
55325 -25310 33996
55325 -25310 32499
55325 -25310 35244
55325 -25310 33518
55325 -25310 26701
55325 -24205 39219
55325 -25310 34781
55325 -25310 34343
55325 -25310 28139
-59770 -64170 -67312
-21165 -73140 -62245
-9005 -73140 -58221
-5965 -73140 -59009
-5965 -74930 -57959
-5965 -74540 -58151
-1350 -75200 -56157
-1210 -74480 -57068
-1210 -74980 -56315
-1210 -74520 -56494
18110 -73140 -54547
18110 -73140 -55443
18110 -74870 -56368
18110 -75250 -54956
20010 -73065 -53716
20010 -73140 -53022
20010 -73135 -53399
20010 -74840 -54095
20010 -73500 -53692
20010 -73140 -52978
20010 -76560 -52376
28755 -73140 -52468
28755 -73140 -53443
28755 -72540 -52185
28755 -73140 -54081
28755 -75830 -52135
28755 -73140 -53104
28755 -73140 -50911
28755 -73970 -52088
28755 -73155 -51305
28755 -73140 -50875
28755 -73140 -51906
28755 -74950 -53104
28755 -78650 -50059
28755 -74120 -52501
28755 -73140 -50627
28755 -76320 -51989
28755 -76730 -50374
28755 -73140 -51309
28755 -73140 -51923
28755 -73065 -49499
28755 -75200 -49420
28755 -72875 -51673
28755 -73140 -51018
28755 -76695 -50199
28755 -75830 -51328
28755 -73140 -49504
28755 -73140 -51037
28755 -73140 -48967
28755 -73960 -51077
28755 -73140 -49250
28755 -74205 -50781
28755 -75070 -51369
28755 -73140 -49634
28755 -73140 -48554
28755 -75555 -49129
28755 -73140 -49841
28755 -73140 -49382
28755 -73140 -50650
28755 -73070 -49096
28755 -73140 -51617
28755 -73140 -49933
28755 -73140 -49560
28755 -73140 -49138
28755 -75830 -50937
28755 -73420 -51290
28755 -73140 -50756
28755 -73140 -48981
28755 -73070 -51570
28755 -72870 -48731
37925 -73120 -48648
37925 -73140 -47535
37925 -73065 -49273
37925 -73135 -49832
54125 -73140 -48152
54125 -73140 -48772
54125 -73135 -46565
54125 -73140 -47598
54125 -72940 -48446
54125 -73140 -49085
54125 -73140 -48840
54125 -72870 -47929
54125 -73965 -48461
54125 -73140 -50217
54125 -73135 -48186
54125 -73135 -46070
54125 -72880 -50295
54125 -74655 -49105
54795 -73140 -50059
54795 -72855 -48707
54795 -73355 -47695
54795 -72940 -48622
54795 -72865 -48866
54795 -73070 -49557
54795 -76100 -50679
54795 -74035 -49488
54795 -73095 -48177
54795 -73140 -46579
54795 -74080 -49911
54795 -73030 -48718
54795 -74770 -47414
54795 -73690 -47386
54795 -73135 -48022
54795 -74295 -49780
54795 -72870 -47680
54795 -72400 -47016
54795 -72935 -49531
54795 -73065 -47775
54795 -73400 -46080
54795 -72870 -50592
54795 -72870 -47634
54795 -72590 -45219
54795 -72940 -46607
54795 -73960 -48908
54795 -72835 -47268
54795 -72255 -46944
54795 -73795 -48773
54795 -72760 -45089
54795 -72530 -48397
54795 -72530 -45196
54795 -72780 -48669
54795 -72870 -47942
54795 -72020 -46307
54795 -73700 -47799
54795 -71920 -45584
54795 -72880 -46943
54795 -72710 -48660
54795 -72020 -47200
54795 -74300 -47099
54795 -73065 -47459
54795 -72985 -48134
54795 -72870 -48966
54795 -72935 -46721
54795 -75585 -48693
54795 -72380 -47414
54795 -73140 -46070
54795 -72870 -48024
54795 -74745 -48434
54795 -72180 -45279
54795 -74065 -47360
54795 -72360 -46343
54795 -72490 -46200
54795 -72480 -44368
54795 -73135 -45051
54795 -73845 -47379
54795 -71985 -43819
54795 -73095 -46143
54795 -72900 -47575
54795 -72870 -47741
54795 -73295 -46912
54795 -74190 -45327
54795 -73070 -46235
54795 -73030 -43075
54795 -72830 -49122
54795 -72035 -46727
54795 -73135 -47182
54795 -73095 -47605
54795 -72180 -44859
54795 -73155 -45565
54795 -73135 -44673
54795 -74300 -47064
54795 -72830 -47652
54795 -72665 -47454
54795 -73135 -47580
54795 -72360 -44770
54795 -72805 -45321
54795 -73065 -48413
54795 -72540 -47231
54795 -72070 -45665
54795 -74110 -45839
54795 -74065 -46619
54795 -72910 -46616
54795 -73760 -45965
54795 -75550 -48484
54795 -72875 -46600
54795 -71850 -43717
54795 -72935 -48031
54795 -75580 -48215
54795 -75750 -45762
54795 -71240 -43989
54795 -71820 -46499
54795 -72810 -46438
54795 -72830 -47422
54795 -72220 -46810
54795 -72500 -47379
54795 -72605 -44103
54795 -73135 -45510
54795 -72890 -45424
54795 -73565 -47104
54795 -72340 -45180
54795 -73070 -47096
54795 -74300 -48645
54795 -72760 -46315
54795 -75620 -46098
54795 -73140 -46330
54795 -72490 -45148
54795 -72605 -45112
54795 -72190 -44751
54795 -72870 -46274
54795 -73065 -45708
54795 -73030 -46907
54795 -72795 -48363
54795 -72870 -44976
54795 -74100 -48933
54795 -72920 -46343
54795 -72870 -46373
54795 -71890 -47281
54795 -72865 -45809
54795 -73140 -44480
54795 -73000 -45953
54795 -72925 -44831
54795 -72480 -44896
54795 -73525 -45927
54795 -72850 -47122
54795 -74100 -44394
54795 -74775 -46687
54795 -72865 -46313
54795 -74810 -45917
54795 -72640 -46042
54795 -72795 -41743
54795 -71820 -45188
54795 -72925 -44832
54795 -72850 -46232
54795 -72935 -44966
54795 -72420 -42276
54795 -73065 -44776
54795 -72555 -42930
54795 -72020 -43071
54795 -71620 -44587
54795 -72750 -44919
54795 -72985 -45177
54795 -72805 -45894
54795 -72905 -44985
54795 -71930 -44717
54795 -71920 -44434
54795 -72185 -44839
54795 -72680 -42984
54795 -72870 -43318
54795 -73065 -44466
54795 -72670 -45027
54795 -73135 -46386
54795 -72020 -45496
54795 -72820 -45407
54795 -73135 -44097
54795 -73070 -46243
54795 -73140 -43573
54795 -71755 -43448
54795 -72225 -44831
54795 -73135 -47591
54795 -72770 -45288
54795 -72885 -43332
54795 -73135 -43555
54795 -71820 -42192
54795 -72490 -43664
54795 -72130 -43965
54795 -72865 -45431
54795 -72020 -43373
54795 -73760 -43000
54795 -73030 -44303
54795 -72090 -44693
54795 -73140 -43507
54795 -72655 -42812
54795 -72935 -45257
54795 -72775 -44567
54795 -72190 -40453
54795 -72430 -43227
54795 -72925 -45267
54795 -73140 -45828
54795 -72830 -43888
54795 -72690 -41506
54795 -72360 -41383
54795 -72750 -43756
54795 -72020 -42037
54795 -72595 -43281
54795 -72020 -42263
54795 -72260 -42983
54795 -73140 -44703
54795 -72925 -44738
54795 -72360 -42011
54795 -72870 -41396
54795 -72020 -44990
54795 -72925 -43425
54795 -73135 -42548
54795 -73035 -43372
54795 -72295 -43992
54795 -73135 -43002
54795 -72705 -42236
55125 -72595 -41570
55125 -72940 -42727
55125 -72695 -43894
55125 -73030 -43879
55125 -71480 -41114
55125 -72490 -40990
55125 -72805 -43823
55125 -72020 -43347
55125 -72940 -44289
55125 -71950 -41330
55125 -72800 -44538
55125 -73135 -44131
55125 -72045 -41432
55125 -72760 -42600
55125 -72085 -42704
55125 -72830 -40081
55125 -73025 -42054
55125 -72880 -42868
55125 -72465 -42995
55125 -72020 -40980
55125 -72340 -42505
55125 -72830 -45039
55125 -72935 -42741
55125 -72925 -42444
55125 -72400 -42801
55125 -72795 -43658
55125 -73960 -44016
55125 -73030 -44256
55125 -71140 -40385
55125 -72865 -44002
55125 -73065 -42334
55125 -73030 -42404
55125 -72825 -46052
55125 -72865 -42679
55125 -72870 -43473
55125 -72230 -42673
55125 -72490 -43151
55125 -72360 -41396
55125 -72400 -39645
55125 -72295 -38840
55125 -72490 -40783
55125 -72595 -40576
55125 -72940 -44470
55125 -72345 -43663
55125 -72800 -41288
55125 -72020 -42266
55125 -72735 -41937
55125 -73065 -42762
55125 -72815 -42518
55125 -71350 -40339
55125 -73135 -40216
55125 -73135 -37646
55125 -72190 -41119
55195 -72595 -40274
55195 -72600 -40296
55195 -72940 -39670
55195 -72940 -42926
55195 -72400 -42708
55195 -72530 -40821
55195 -73030 -43304
55195 -73135 -42364
55325 -73115 -37328
55325 -72865 -40194
55325 -73760 -41579
55325 -72525 -41332
55325 -72535 -39662
55325 -72255 -42014
55325 -72430 -40408
55325 -74300 -43983
55325 -72870 -41829
55325 -73960 -39932
55325 -72935 -37656
55325 -72360 -39674
55325 -72880 -39533
55325 -72020 -39586
55325 -72930 -41789
55325 -70420 -37449
55325 -73095 -42193
55325 -71530 -39252
55325 -72360 -40522
55325 -72810 -40208
55325 -73025 -39812
55325 -73635 -38971
55325 -72190 -39455
55325 -72360 -37238
55325 -73020 -42262
55325 -72480 -39364
55325 -72930 -36976
55325 -72795 -40950
55325 -73135 -39199
55325 -73135 -39439
55325 -71415 -40061
55325 -73690 -40963
55325 -73140 -42557
55325 -73140 -39571
55325 -72760 -40716
55325 -72870 -41780
55325 -72930 -35030
55325 -73030 -38716
55325 -71425 -38702
55325 -72295 -35628
55325 -72805 -37427
55325 -72020 -38705
55325 -71750 -38887
55325 -72325 -37392
55325 -71820 -37312
55325 -73900 -40230
55325 -73135 -37947
55325 -72360 -38964
55325 -70065 -32880
55325 -72025 -38970
55325 -72895 -36120
55325 -72760 -37920
55325 -73700 -39293
55325 -73135 -33779
55325 -73065 -36043
55325 -73030 -36235
55325 -73065 -38429
55325 -72735 -41136
55325 -72790 -39001
55325 -72020 -38543
55325 -72960 -36130
55325 -71955 -36516
55325 -72020 -37238
55325 -73065 -40094
55325 -72025 -37701
55325 -71920 -31236
55325 -72960 -36223
55325 -72020 -33567
55325 -73140 -36805
55325 -72120 -34223
55325 -72865 -38993
55325 -72815 -35512
55325 -72760 -38001
55325 -72025 -32561
55325 -73135 -34986
55325 -72865 -37370
55325 -72315 -37310
55325 -72865 -37520
55325 -74930 -36850
55325 -72880 -37086
55325 -72925 -37230
55325 -75865 -39708
55325 -71920 -34434
55325 -72295 -34115
55325 -72820 -37578
55325 -73135 -37268
55325 -72515 -35194
55325 -74040 -35822
55325 -72925 -33562
55325 -72380 -34774
55325 -72020 -32171
55325 -71820 -32587
55325 -72925 -34158
55325 -72755 -36505
55325 -72925 -35024
55325 -71775 -32716
55325 -72330 -31408
55325 -73030 -35418
55325 -72865 -35656
55325 -72020 -33625
55325 -72020 -35018
55325 -72215 -35460
55325 -72925 -33367
55325 -72925 -32186
55325 -72925 -35209
55325 -72875 -37695
55325 -72020 -31595
55325 -74300 -37219
55325 -72355 -33992
55325 -72925 -37558
55325 -73135 -35066
55325 -71220 -32937
55325 -72020 -33917
55325 -72760 -36437
55325 -72940 -35788
55325 -73030 -35120
55325 -73135 -36876
55325 -73140 -35744
55325 -72395 -33389
55325 -72190 -37816
55325 -72925 -33062
55325 -72655 -34835
55325 -71920 -30431
55325 -72360 -36461
55325 -72820 -32012
55325 -71560 -33119
55325 -73280 -35694
55325 -72020 -33662
55325 -72490 -32670
55325 -72960 -36311
55325 -72645 -36294
55325 -72925 -36264
55325 -74300 -35188
55325 -72940 -34635
55325 -73135 -33071
55325 -71750 -33368
55325 -73140 -30345
55325 -72760 -36615
55325 -71820 -33683
55325 -71955 -27942
55325 -73140 -36932
55325 -72925 -33244
55325 -71050 -31800
55325 -72295 -34233
55325 -73030 -35802
55325 -73135 -34321
55325 -73140 -34678
55325 -71520 -33817
55325 -72280 -32752
55325 -71820 -31932
55325 -70220 -31822
55325 -72395 -35084
55325 -71695 -34640
55325 -72020 -32348
55325 -72870 -34249
55325 -73065 -30191
55325 -72020 -36075
55325 -72210 -35009
55325 -73030 -34692
55325 -71955 -36777
55325 -71750 -34820
55325 -72825 -34882
55325 -71220 -32661
55325 -73135 -37146
55325 -72865 -33887
55325 -72865 -28687
55325 -73140 -31780
55325 -72020 -34771
55325 -73030 -31453
55325 -71550 -33169
55325 -72295 -32369
55325 -72020 -32698
55325 -72935 -33419
55325 -73135 -33279
55325 -69965 -28843
55325 -70435 -34048
55325 -72485 -32193
55325 -72295 -32736
55325 -71090 -33956
55325 -73065 -33241
55325 -71220 -31400
55325 -73030 -35683
55325 -72290 -34642
55325 -70800 -31025
55325 -72020 -32160
55325 -73135 -33487
55325 -71770 -31237
55325 -70320 -30066
55325 -72820 -32957
55325 -72400 -30930
55325 -71310 -30889
55325 -72025 -33727
55325 -71820 -30206
55325 -73065 -32054
55325 -72870 -32272
55325 -72360 -30114
55325 -71400 -28368
55325 -72020 -33046
55325 -72020 -31072
55325 -72020 -29291
55325 -72295 -32398
55325 -69460 -31177
55325 -72020 -29957
55325 -71650 -30595
55325 -71320 -33244
55325 -67550 -25468
55325 -72760 -35056
55325 -70985 -29302
55325 -71620 -29606
55325 -71210 -33957
55325 -71880 -31469
55325 -71220 -30546
55325 -73140 -32859
55325 -72090 -30305
55325 -72020 -29769
55325 -73035 -33033
55325 -71920 -28931
55325 -71825 -27894
55325 -69385 -32952
55325 -72295 -30304
55325 -67020 -26048
55325 -72020 -29721
55325 -71550 -27061
55325 -72020 -29387
55325 -67810 -27192
55325 -72020 -31883
55325 -72820 -33336
55325 -71725 -28838
55325 -72020 -31693
55325 -72360 -29092
55325 -72020 -33564
55325 -71460 -29770
55325 -71820 -34370
55325 -72865 -32677
55325 -68050 -28725
55325 -72360 -32149
55325 -72550 -27197
55325 -73030 -32570
55325 -72115 -28096
55325 -72020 -29608
55325 -73135 -34787
55325 -73430 -29447
55325 -72595 -30920
55325 -72880 -32904
55325 -71650 -26892
55325 -68375 -25947
55325 -71750 -31327
55325 -72220 -27674
55325 -71340 -28771
55325 -71750 -29688
55325 -72810 -27583
55325 -72425 -32249
55325 -69925 -30344
55325 -72760 -31395
55325 -69495 -27844
55325 -72020 -27218
55325 -72550 -32418
55325 -70940 -29877
55325 -72090 -28363
55325 -72020 -31849
55325 -72020 -27481
55325 -72020 -32071
55325 -71820 -29825
55325 -72020 -33147
55325 -72870 -29101
55325 -72870 -26423
55325 -73135 -32180
55325 -71320 -27854
55325 -73135 -32752
55325 -71855 -32938
55325 -71720 -30268
55325 -72795 -30490
55325 -71020 -34556
55325 -69730 -26389
55325 -72020 -28683
55325 -72935 -30805
55325 -72360 -28342
55325 -72020 -25920
55325 -71245 -26898
55325 -70685 -28404
55325 -71765 -29676
55325 -71750 -28792
55325 -70520 -30018
55325 -71820 -28899
55325 -72875 -32038
55325 -72655 -29101
55325 -70975 -28320
55325 -71920 -31371
55325 -72020 -29247
55325 -69655 -26325
55325 -69340 -25681
55325 -70105 -30471
55325 -73135 -31886
55325 -72920 -28040
55325 -69435 -29656
55325 -72020 -29305
55325 -72360 -32199
55325 -71410 -28151
55325 -72020 -31016
55325 -72020 -28110
55325 -72020 -28784
55325 -72810 -28851
55325 -71410 -29247
55325 -70705 -25947
55325 -71120 -31557
55325 -72270 -26698
55325 -73030 -27423
55325 -70220 -30506
55325 -71435 -27900
55325 -72795 -27884
55325 -71155 -29365
55325 -72020 -27756
55325 -67010 -26581
55325 -72940 -27577
55325 -72020 -27498
55325 -71320 -27703
55325 -71145 -25056
55325 -65795 -24923
55325 -71220 -27388
55325 -69205 -28377
55325 -70840 -25831
55325 -71140 -27363
55325 -70125 -29745
55325 -72360 -29245
55325 -70220 -27572
55325 -71245 -28026
55325 -68050 -26210
55325 -71320 -29064
55325 -71210 -22848
55325 -71750 -23988
55325 -67010 -24247
55325 -72020 -32984
55325 -71120 -28523
55325 -71490 -27507
55325 -72020 -26587
55325 -72020 -28891
55325 -71920 -23689
55325 -72025 -29437
55325 -67010 -26554
55325 -67465 -23161
55325 -70320 -22290
55325 -68115 -24135
55325 -72550 -29488
55325 -70420 -26056
55325 -72925 -23734
55325 -71560 -27187
55325 -71135 -27092
55325 -70660 -24665
55325 -73030 -22704
55325 -71320 -31612
55325 -69625 -26825
55325 -72020 -25852
55325 -71750 -27083
55325 -71750 -24446
55325 -69635 -24782
55325 -70000 -26519
55325 -70320 -24575
55325 -68840 -21767
55325 -72020 -26788
55325 -70735 -28872
55325 -70305 -29651
55325 -72020 -30193
55325 -72020 -28546
55325 -70795 -29269
55325 -72115 -29212
55325 -70320 -23810
55325 -71885 -27370
55325 -72595 -28686
55325 -70615 -22643
55325 -71230 -25855
55325 -69380 -23914
55325 -72010 -27366
55325 -69385 -24880
55325 -70630 -27989
55325 -69350 -23819
55325 -68695 -23207
55325 -72760 -25579
55325 -72360 -27417
55325 -72005 -23891
55325 -68410 -24598
55325 -70955 -24891
55325 -68520 -23429
55325 -70835 -24321
55325 -71620 -27383
55325 -69205 -25215
55325 -67010 -23205
55325 -70735 -25850
55325 -67915 -22753
55325 -71315 -25656
55325 -70050 -23647
55325 -69790 -23446
55325 -71220 -25606
55325 -66530 -19894
55325 -71245 -25715
55325 -71750 -26390
55325 -70050 -26392
55325 -72805 -27863
55325 -71550 -25880
55325 -67020 -22530
55325 -69625 -25894
55325 -67020 -18228
55325 -68340 -26122
55325 -71650 -24669
55325 -66800 -21305
55325 -70780 -23056
55325 -64790 -22111
55325 -68375 -20823
55325 -67810 -21938
55325 -70470 -24949
55325 -71760 -22732
55325 -68320 -23917
55325 -69465 -21398
55325 -72020 -25538
55325 -68685 -20847
55325 -70075 -21308
55325 -71245 -21877
55325 -66635 -19822
55325 -67010 -24308
55325 -70035 -21927
55325 -70175 -24855
55325 -65180 -21536
55325 -71220 -23013
55325 -70320 -20923
55325 -70220 -22636
55325 -72400 -25403
55325 -71480 -23897
55325 -72020 -22422
55325 -71120 -23976
55325 -70320 -22196
55325 -69340 -20796
55325 -67020 -19723
55325 -67745 -20602
55325 -70215 -21952
55325 -69280 -19336
55325 -71750 -23350
55325 -67020 -22563
55325 -66195 -20395
55325 -69340 -19804
55325 -68215 -22686
55325 -67020 -19616
55325 -69205 -22489
55325 -71210 -22895
55325 -71805 -20115
55325 -63850 -19082
55325 -68690 -18435
55325 -67240 -21615
55325 -67010 -21685
55325 -70405 -27523
55325 -70155 -24220
55325 -70320 -18183
55325 -68655 -23960
55325 -70180 -23734
55325 -66045 -19521
55325 -72020 -21875
55325 -67300 -17331
55325 -70770 -22243
55325 -71005 -19409
55325 -67335 -21655
55325 -70320 -22489
55325 -70300 -20989
55325 -68520 -21037
55325 -68215 -18193
55325 -66920 -21056
55325 -70320 -21749
55325 -66875 -22348
55325 -69115 -21832
55325 -71365 -19937
55325 -68055 -22533
55325 -67835 -16598
55325 -67660 -21087
55325 -66150 -19368
55325 -72400 -23946
55325 -70320 -22320
55325 -70320 -20300
55325 -64780 -20261
55325 -71750 -21068
55325 -67020 -17775
55325 -71315 -19205
55325 -67540 -19090
55325 -70885 -18180
55325 -67010 -19103
55325 -65915 -20823
55325 -70850 -20135
55325 -66665 -21643
55325 -66800 -16182
55325 -67020 -20356
55325 -69495 -20124
55325 -64780 -19172
55325 -69625 -23697
55325 -70035 -20599
55325 -70150 -19667
55325 -65470 -18428
55325 -71320 -25643
55325 -69105 -21158
55325 -68040 -20081
55325 -69415 -19773
55325 -66800 -17185
55325 -69010 -18783
55325 -71320 -19973
55325 -68170 -14337
55325 -67140 -19986
55325 -67580 -17747
55325 -69420 -19727
55325 -66800 -15270
55325 -68375 -18827
55325 -64780 -21571
55325 -69935 -16052
55325 -68140 -19384
55325 -72295 -17705
55325 -66280 -19039
55325 -68680 -19608
55325 -68520 -18554
55325 -70305 -20779
55325 -65840 -19558
55325 -69760 -16700
55325 -69655 -17875
55325 -72020 -24687
55325 -70270 -15710
55325 -69185 -17292
55325 -64445 -19575
55325 -66885 -17035
55325 -71650 -21272
55325 -66805 -15963
55325 -66680 -19229
55325 -65315 -15973
55325 -67815 -21737
55325 -66640 -17194
55325 -66885 -17586
55325 -68410 -18057
55325 -70305 -16344
55325 -68955 -15794
55325 -69625 -17335
55325 -67010 -17404
55325 -69385 -16521
55325 -66800 -16775
55325 -70150 -18573
55325 -65660 -17255
55325 -71290 -17065
55325 -66980 -18539
55325 -66800 -16122
55325 -71920 -18799
55325 -66675 -19447
55325 -67935 -16153
55325 -66700 -16737
55325 -65225 -16012
55325 -66015 -16458
55325 -66270 -15420
55325 -69585 -14770
55325 -66665 -17855
55325 -70025 -18291
55325 -66365 -14595
55325 -71245 -15657
55325 -65380 -14018
55325 -66800 -16931
55325 -68815 -18671
55325 -67020 -13552
55325 -66800 -15310
55325 -67615 -16479
55325 -65930 -10574
55325 -66370 -10198
55325 -66150 -16537
55325 -66460 -20637
55325 -69275 -13700
55325 -63565 -15555
55325 -66910 -18089
55325 -64780 -18676
55325 -67785 -13609
55325 -66145 -18409
55325 -67010 -15597
55325 -66800 -12598
55325 -66590 -15928
55325 -66800 -15281
55325 -64400 -12109
55325 -64320 -11258
55325 -66590 -17936
55325 -70305 -15954
55325 -71920 -18151
55325 -67780 -15900
55325 -64800 -15986
55325 -66045 -14875
55325 -67020 -16721
55325 -68160 -14270
55325 -67020 -16325
55325 -69625 -19311
55325 -65280 -14616
55325 -68140 -12573
55325 -63575 -13891
55325 -67935 -15273
55325 -65805 -13855
55325 -70220 -16563
55325 -68700 -16082
55325 -65045 -13667
55325 -66660 -12414
55325 -67010 -18893
55325 -65795 -15728
55325 -66885 -12708
55325 -65225 -12262
55325 -65225 -13880
55325 -64645 -12408
55325 -64780 -9195
55325 -65940 -11071
55325 -64850 -11658
55325 -65225 -10411
55325 -63530 -10928
55325 -65795 -8157
55325 -65805 -9754
55325 -64780 -11941
55325 -64235 -14830
55325 -69495 -16762
55325 -64780 -15610
55325 -64515 -13720
55325 -66700 -12851
55325 -64780 -14985
55325 -64780 -12791
55325 -66925 -16005
55325 -63430 -7425
55325 -71135 -19135
55325 -65585 -12938
55325 -66150 -16936
55325 -66800 -14630
55325 -63215 -5814
55325 -64100 -14826
55325 -65225 -10307
55325 -67020 -14164
55325 -64545 -8985
55325 -65045 -10283
55325 -64835 -11402
55325 -64780 -7481
55325 -64235 -8470
55325 -66255 -12004
55325 -66135 -11878
55325 -66230 -13370
55325 -66875 -14721
55325 -67195 -14259
55325 -69625 -13917
55325 -68405 -10380
55325 -64780 -9502
55325 -65795 -9893
55325 -64785 -11435
55325 -63640 -12507
55325 -65080 -9738
55325 -64650 -12829
55325 -66800 -13241
55325 -67020 -11671
55325 -67650 -12402
55325 -64780 -10776
55325 -65450 -12260
55325 -68680 -10838
55325 -66790 -9583
55325 -64175 -5407
55325 -65450 -7001
55325 -64250 -13950
55325 -66885 -8252
55325 -64245 -12100
55325 -64580 -10344
55325 -65135 -12148
55325 -64780 -10031
55325 -63410 -10978
55325 -66805 -7460
55325 -63860 -7844
55325 -67010 -9164
55325 -62615 -8311
55325 -67010 -14314
55325 -64205 -7838
55325 -63445 -14608
55325 -65750 -9775
55325 -64375 -8092
55325 -66885 -10483
55325 -65225 -10132
55325 -63225 -10620
55325 -63070 -5378
55325 -66150 -7080
55325 -65030 -9645
55325 -63365 -6385
55325 -67560 -9757
55325 -64100 -8815
55325 -66125 -9459
55325 -63935 -11899
55325 -64580 -11527
55325 -63805 -7080
55325 -62215 -5036
55325 -63205 -5277
55325 -64320 -8844
55325 -65585 -7198
55325 -63190 -3087
55325 -63105 -5649
55325 -65225 -13627
55325 -66395 -10046
55325 -64235 -9100
55325 -64780 -7401
55325 -62825 -7374
55325 -65940 -13120
55325 -63150 -7992
55325 -65795 -13047
55325 -61170 -4557
55325 -64775 -8490
55325 -65105 -7312
55325 -65225 -8329
55325 -62530 -8230
55325 -62820 -4277
55325 -65400 -9112
55325 -63565 -8914
55325 -65300 -9990
55325 -67945 -6057
55325 -61840 -3889
55325 -63640 -3038
55325 -66665 -9369
55325 -66665 -11241
55325 -63205 -9756
55325 -66910 -9347
55325 -65750 -6323
55325 -63430 -2815
55325 -66800 -5412
55325 -62425 -2661
55325 -62805 -3495
55325 -64780 -3472
55325 -61730 -1099
55325 -63400 -3527
55325 -65670 -5051
55325 -63105 -3312
55325 -64680 -4009
55325 -66665 -6076
55325 -67060 -1999
55325 -61945 -6846
55325 -63825 -8117
55325 -60825 -889
55325 -64445 -8313
55325 -63290 -2044
55325 -65830 -6807
55325 -61915 -2164
55325 -63885 -8000
55325 -64565 -6338
55325 -62980 -3631
55325 -61585 -893
55325 -63400 -4685
55325 -65225 -5593
55325 -64125 -6372
55325 -63565 -4833
55325 -64780 -5585
55325 -63745 -6273
55325 -64310 -7634
55325 -66460 -2121
55325 -61875 207
55325 -64780 -4014
55325 -62520 -5096
55325 -63410 -2688
55325 -63410 -2092
55325 -63890 -1887
55325 -63575 -5341
55325 -63105 1032
55325 -62520 -3822
55325 -62830 -5539
55325 -62320 -218
55325 -62980 -214
55325 -64565 -1557
55325 -62650 -759
55325 -62520 -737
55325 -62080 -1438
55325 -63260 -4556
55325 -63760 -6844
55325 -63400 -1698
55325 -61085 -4842
55325 -64245 -329
55325 -63965 -1069
55325 -62895 -207
55325 -63190 -7527
55325 -64040 -1789
55325 -62520 -1674
55325 -61855 699
55325 -63400 -3800
55325 -64235 -1995
55325 -62795 -4859
55325 -65090 -3396
55325 -60970 -29
55325 -64175 -1739
55325 -65940 240
55325 -62265 -2515
55325 -65115 -809
55325 -68545 -7038
55325 -63165 1443
55325 -61790 -715
55325 -60395 -2014
55325 -64780 -7059
55325 -61840 -2349
55325 -60895 1878
55325 -62215 340
55325 -63060 -450
55325 -60820 -132
55325 -64825 -2579
55325 -63640 -1947
55325 -63860 -2284
55325 -62015 -1901
55325 -62965 -1707
55325 -60815 597
55325 -61170 -3210
55325 -62520 1596
55325 -61375 -2250
55325 -60885 -2009
55325 -63115 -1478
55325 -63500 -255
55325 -63030 -1178
55325 -62245 227
55325 -62420 -552
55325 -63075 2074
55325 -62000 3380
55325 -62280 941
55325 -61080 4660
55325 -65225 -342
55325 -62180 4616
55325 -63430 373
55325 -62180 -2810
55325 -63805 -1430
55325 -62650 566
55325 -62930 3780
55325 -63330 -476
55325 -59640 2215
55325 -62615 4441
55325 -61415 -1798
55325 -61790 151
55325 -59070 8707
55325 -62520 1981
55325 -62970 1826
55325 -59350 2342
55325 -60675 182
55325 -60890 -2022
55325 -62320 5114
55325 -63320 -790
55325 -61555 -4492
55325 -62520 -1807
55325 -64175 -1946
55325 -62080 6001
55325 -62215 3381
55325 -62520 -733
55325 -62215 -1179
55325 -60820 4698
55325 -60255 5769
55325 -62520 1744
55325 -59690 2530
55325 -59570 4168
55325 -61165 2198
55325 -60725 5744
55325 -62120 3559
55325 -62795 6325
55325 -61790 291
55325 -62355 306
55325 -60750 5265
55325 -57945 3226
55325 -60820 7928
55325 -63410 -1199
55325 -60820 5056
55325 -60340 1724
55325 -60770 4187
55325 -62320 4498
55325 -60900 -508
55325 -61660 5351
55325 -62870 2981
55325 -63180 6690
55325 -62145 2924
55325 -61280 4320
55325 -62045 4589
55325 -62990 6582
55325 -61180 4298
55325 -62980 -880
55325 -63170 111
55325 -62000 6345
55325 -58775 6176
55325 -58890 10266
55325 -61150 4932
55325 -60775 6342
55325 -60750 5265
55325 -62970 3685
55325 -62415 6415
55325 -61910 7840
55325 -61475 7956
55325 -61610 5161
55325 -59935 6213
55325 -58655 11326
55325 -60570 7371
55325 -59580 7016
55325 -63105 4054
55325 -60640 9962
55325 -61820 3711
55325 -61620 8911
55325 -61225 3178
55325 -62680 6518
55325 -60820 7508
55325 -58655 8661
55325 -57885 10320
55325 -60220 7097
55325 -59240 10321
55325 -60820 5361
55325 -56765 9547
55325 -62420 2042
55325 -60675 4571
55325 -60460 7322
55325 -61805 7317
55325 -61035 6484
55325 -60900 12664
55325 -60570 11930
55325 -60440 12005
55325 -58470 9884
55325 -58060 14394
55325 -61925 5818
55325 -60820 5595
55325 -59515 8994
55325 -59560 10866
55325 -53340 12201
55325 -59560 8001
55325 -57810 11292
55325 -60820 8094
55325 -60820 10937
55325 -55065 12033
55325 -60520 9299
55325 -59770 9335
55325 -61820 10529
55325 -59560 8532
55325 -58470 9921
55325 -56870 8658
55325 -61455 6904
55325 -59595 7515
55325 -60820 9521
55325 -57860 10648
55325 -58460 11358
55325 -58550 12039
55325 -60865 10284
55325 -57950 6921
55325 -58875 10576
55325 -59515 11159
55325 -58070 13036
55325 -62050 8296
55325 -58550 14417
55325 -61890 7904
55325 -56230 15809
55325 -55840 14439
55325 -56130 16500
55325 -59770 14344
55325 -57555 14992
55325 -55935 13616
55325 -61040 12265
55325 -58655 12513
55325 -60360 10334
55325 -56240 13548
55325 -59715 6840
55325 -60890 13304
55325 -57340 14321
55325 -54840 13866
55325 -56765 14353
55325 -58470 13014
55325 -59895 13711
55325 -59535 10928
55325 -62420 9257
55325 -56940 17397
55325 -57650 14689
55325 -51720 19554
55325 -58860 10100
55325 -58080 14832
55325 -58450 14052
55325 -59080 9719
55325 -57840 13643
55325 -56170 14505
55325 -58470 14769
55325 -58670 18489
55325 -56130 17875
55325 -58080 12350
55325 -56885 17688
55325 -42220 17427
55325 -46240 22667
55325 -60820 13396
55325 -54550 17813
55325 -55840 18372
55325 -58375 19433
55325 -57540 12259
55325 -59560 15176
55325 -60820 10183
55325 -42120 15641
55325 -58060 12548
55325 -58660 12438
55325 -60570 11745
55325 -56240 15039
55325 -53340 20601
55325 -57570 18551
55325 -55065 18689
55325 -55730 13408
55325 -58150 12414
55325 -55935 16930
55325 -54165 20353
55325 -55065 20873
55325 -60465 12435
55325 -57840 18362
55325 -57945 12583
55325 -57860 20369
55325 -54265 21026
55325 -34810 21564
55325 -54665 15731
55325 -57540 18391
55325 -59595 16909
55325 -42220 20074
55325 -27635 20620
55325 -56155 16535
55325 -56040 21012
55325 -48270 21772
55325 -56655 16762
55325 -40820 16372
55325 -60820 15540
55325 -56830 19465
55325 -57105 16165
55325 -56810 18074
55325 -55065 18072
55325 -58550 16019
55325 -55065 21858
55325 -56830 18146
55325 -57860 15521
55325 -57540 18475
55325 -56940 14981
55325 -34810 21356
55325 -56980 17645
55325 -58525 17848
55325 -55865 17098
55325 -34810 17964
55325 -56830 15974
55325 -58550 19109
55325 -34550 26841
55325 -55065 19811
55325 -57860 22524
55325 -55865 20690
55325 -34810 27003
55325 -54055 19797
55325 -55065 21692
55325 -34810 25611
55325 -34810 23300
55325 -34810 22977
55325 -55065 22972
55325 -34810 23043
55325 -55065 22534
55325 -55840 19822
55325 -55065 17700
55325 -55065 24231
55325 -25955 23003
55325 -55065 18896
55325 -53040 22891
55325 -55840 19622
55325 -41630 22032
55325 -56765 25438
55325 -26915 23455
55325 -60820 23232
55325 -41115 27376
55325 -57540 19957
55325 -58550 15557
55325 -34540 18584
55325 -56055 24767
55325 -35665 24607
55325 -34810 21992
55325 -57855 23418
55325 -34810 27224
55325 -25310 28536
55325 -33660 23795
55325 -26505 25437
55325 -34810 25208
55325 -34540 19806
55325 -25310 32706
55325 -55065 21970
55325 -55065 24000
55325 -56880 21410
55325 -34810 25614
55325 -26915 31946
55325 -34810 24422
55325 -34540 22161
55325 -56860 23217
55325 -26915 30465
55325 -34540 19612
55325 -34540 28186
55325 -29715 27195
55325 -55065 22513
55325 -55065 25003
55325 -54265 24294
55325 -34540 24344
55325 -55225 23975
55325 -55730 21907
55325 -56240 24435
55325 -39260 26691
55325 -33460 25467
55325 -34810 25247
55325 -34640 27523
55325 -26915 25451
55325 -25310 33642
55325 -34810 27316
55325 -25310 28211
55325 -25310 31362
55325 -26915 30134
55325 -34810 28157
55325 -26915 31066
55325 -25310 29242
55325 -25310 32413
55325 -25310 32031
55325 -34810 28616
55325 -34810 31971
55325 -25310 31453
55325 -26915 27419
55325 -26355 30770
55325 -34810 29738
55325 -34810 27278
55325 -34810 26583
55325 -25310 30353
55325 -25310 29283
55325 -25310 33673
55325 -34540 29041
55325 -26915 30995
55325 -25310 32125
55325 -34540 28755
55325 -55065 26115
55325 -26915 30839
55325 -25310 30130
55325 -26915 30715
55325 -34640 24963
55325 -27265 30042
55325 -25310 35373
55325 -55065 28501
55325 -25310 35324
55325 -26915 29989
55325 -25310 33600
55325 -27895 29346
55325 -26915 27797
55325 -26915 32435
55325 -25310 26990
55325 -25310 30628
55325 -25310 27566
55325 -24205 35660
55325 -28130 33731
55325 -24820 35294
55325 -34810 25868
55325 -28420 27972
55325 -53040 28998
55325 -25310 30516
55325 -26915 30063
55325 -25310 33765
55325 -25310 33830
55325 -25310 34310
55325 -25310 34705
55325 -25310 30072
55325 -25310 28749
55325 -26915 31835
55325 -25310 31104
55325 -34610 29178
55325 -25310 34343
55325 -25310 34346
55325 -25310 29903
55325 -25310 32923
55325 -25310 39893
55325 -26915 31839
55325 -26915 29961
55325 -25310 33343
55325 -25310 37984
55325 -25310 34654
55325 -25310 36792
55325 -25310 26015
55325 -22560 38827
55325 -25310 34126
55325 -25310 34963
55325 -25310 40227
55325 -25310 32259
55325 -25310 33708
55325 -25310 36393
55325 -26915 31384
55325 -25310 34263
55325 -24205 38793
55325 -26915 36035
55325 -26700 35112
55325 -25310 35260
55325 -25310 35677
55325 -25310 35813
55325 -25310 29810
55325 -25310 31913
55325 -25310 34457
55325 -25310 36442
55325 -25310 35421
55325 -25310 32967
55325 -25310 32349
55325 -24205 39032
55325 -25310 41712
55325 -25310 38711
55325 -25310 38801
55325 -24205 43624
55325 -22350 45258
55325 -25310 43185
55325 -25310 37140
55325 -25310 31835
55325 -24205 43257
55325 -25310 36197
55325 -22350 44134
55325 -25310 39074
55325 -25310 40100
55325 -22350 45608
55325 -25310 39808
55325 -22350 39270
55325 -25310 37957
55325 -25310 38671
55325 -25310 39832
55325 -25310 40157
55325 -25310 40822
55325 -25310 36426
55325 -25310 34302
55325 -25310 39460
55325 -24205 41754
55325 -25310 34015
55325 -25310 37514
55325 -24205 37186
55325 -25310 39429
55325 -25310 35945
55325 -25310 35888
55325 -25310 39111
55325 -24205 40716
55325 -25310 39745
55325 -25310 36807
55325 -24205 40277
55325 -25310 39794
55325 -24205 41373
55325 -25310 40922
55325 -25310 41620
55325 -24205 39077
55325 -25310 37457
55325 -24205 39940
55325 -25310 37096
55325 -25310 38241
55325 -25310 35648
55325 -26915 35987
55325 -25310 41326
55325 -25310 40886
55325 -25310 39296
55325 -25310 38712
55325 -25310 41353
55325 -25310 37474
55325 -25310 38148
55325 -25310 36012
55325 -25310 41620
55325 -25310 40035
55325 -24205 44016
55325 -24205 40306
55325 -24205 39794
55325 -25310 38249
55325 -25310 38962
55325 -25310 38280
55325 -25310 39798
55325 -25310 38199
55325 -24205 42568
55325 -25310 38946
55325 -22350 41430
55325 -25310 37521
55325 -25310 41747
55325 -25310 40950
55325 -25310 35925
55325 -22350 39265
55325 -25310 35965
55325 -25310 34429
55325 -25310 39836
55325 -24205 39103
55325 -22350 43402
55325 -25310 37563
55325 -25310 41339
55325 -25310 31255
55325 -25310 38743
55325 -25310 39294
55325 -24205 38007
55325 -25310 36963
55325 -25310 34356
55325 -22350 40346
55325 -25310 37400
55325 -26915 36943
55325 -25310 42432
55325 -25310 38492
55325 -25310 37123
55325 -25310 39300
55325 -25310 39054
55325 -25310 37907
55325 -25310 37863
55325 -25310 42260
55325 -25310 39410
55325 -25310 32546
55325 -25310 39840
55325 -25310 37194
55325 -24205 42146
55325 -25310 39011
55325 -24205 42942
55325 -25310 32644
55325 -20330 45679
55325 -25310 40222
55325 -25310 37492
55325 -24205 38674
55325 -24205 36496
55325 -25310 35973
55325 -25310 30724
55325 -25310 36978
55325 -25310 35555
55325 -25310 32825
55325 -25310 34033
55325 -24205 38261
55325 -25310 38595
55325 -25310 36692
55325 -25310 36692
55325 -25310 37413
55325 -25310 39157
55325 -25310 37286
55325 -25310 35189
55325 -25310 42065
55325 -25310 36756
55325 -25310 34265
55325 -25310 36698
55325 -24205 42237
55325 -25310 40972
55325 -25310 36898
55325 -24205 38856
55325 -24205 37945
55325 -25310 36660
55325 -25310 35284
55325 -25310 33878
55325 -25310 40196
55325 -25310 35411
55325 -25310 35704
55325 -25310 36670
55325 -25310 40873
55325 -25310 33507
55325 -25310 33490
55325 -25310 36377
55325 -25310 34082
55325 -25310 35167
55325 -25310 38713
55325 -25310 37021
55325 -25310 40557
55325 -25310 37429
55325 -25310 39221
55325 -25310 30815
55325 -25310 35525
55325 -25310 35832
55325 -25310 35536
55325 -25310 31767
55325 -24205 38043
55325 -25310 35679
55325 -25310 38648
55325 -24205 38073
55325 -25310 35424
55325 -25310 38743
55325 -25310 32813
55325 -25310 33417
55325 -25310 30191
55325 -24205 40249
55325 -25310 38257
55325 -25310 35097
55325 -25310 38544
55325 -25310 34336
55325 -25310 37926
55325 -25310 41316
55325 -25310 36847
55325 -24205 40286
55325 -24205 36915
55325 -24205 37627
55325 -25310 41255
55325 -25310 35053
55325 -25310 36749
55325 -25310 38481
55325 -25310 35188
55325 -25310 34801
55325 -25310 45119
55325 -24205 38360
55325 -25310 35223
55325 -25310 33346
55325 -25310 36617
55325 -25310 40570
55325 -25310 36362
55325 -24205 42102
55325 -25310 33578
55325 -26915 37595
55325 -25310 38191
55325 -25310 37227
55325 -25310 36490
55325 -24205 42906
55325 -25310 37866
55325 -25310 37901
55325 -25310 36271
55325 -25310 35638
55325 -25310 37760
55325 -24205 40723
55325 -25310 35476
55325 -25310 40752
55325 -25310 34485
55325 -25310 31341
55325 -25310 37491
55325 -25310 34730
55325 -25310 36556
55325 -25310 36325
55325 -25310 36014
55325 -25310 35761
55325 -25310 36251
55325 -25310 35951
55325 -25310 40527
55325 -25310 33677
55325 -25310 34759
55325 -25310 38247
55325 -25310 34050
55325 -25310 34689
55325 -25310 38678
55325 -25310 37471
55325 -25310 36301
55325 -25310 39814
55325 -25310 34131
55325 -25310 38258
55325 -25310 39021
55325 -25310 37134
55325 -25310 39402
55325 -25310 39699
55325 -24205 41366
55325 -25310 36692
55325 -25310 37803
55325 -25310 36423
55325 -25310 36320
55325 -24205 40620
55325 -24205 36555
55325 -25310 38255
55325 -25310 39131
55325 -26915 33634
55325 -25310 33999
55325 -25310 38276
55325 -25310 31461
55325 -25310 37321
55325 -25310 34726
55325 -25310 31357
55325 -25310 36745
55325 -25310 34332
55325 -25310 32587
55325 -25310 31646
55325 -25310 35612
55325 -25310 36644
55325 -24205 36476
55325 -25310 37820
55325 -25310 35571
55325 -25310 36099
55325 -25310 35030
55325 -25310 32938
55325 -25310 38652
55325 -25310 35534
55325 -25310 36060
55325 -25310 35088
55325 -25310 38719
55325 -25310 31678
55325 -25310 34340
55325 -25310 31371
55325 -24205 38421
55325 -25310 36410
55325 -25310 36321
55325 -25310 33993
55325 -25310 34094
55325 -25310 35564
55325 -25310 37954
55325 -25310 32441
55325 -25310 35875
55325 -25310 34086
55325 -25310 33998
55325 -25310 34320
55325 -25310 38984
55325 -25310 37656
55325 -25310 35843
55325 -25310 35074
55325 -25310 35549
55325 -25310 34869
55325 -25310 36729
55325 -25310 35532
55325 -25310 37818
55325 -25310 30602
55325 -25310 38002
55325 -25310 34144
55325 -25310 40953
55325 -25310 37225
55325 -25310 35129
55325 -25310 37794
55325 -25310 28433
55325 -25310 36006
55325 -25310 37896
55325 -26915 33139
55325 -25310 33896
55325 -25310 37078
55325 -25310 35003
55325 -25310 29755
55325 -25310 36356
55325 -25310 32539
55325 -25310 36331
55325 -25310 33200
55325 -25310 34724
55325 -25310 36733
55325 -25310 34698
55325 -25310 30122
55325 -25310 30259
55325 -24205 38433
55325 -25310 35492
55325 -25310 37546
55325 -25310 34860
55325 -25310 33513
55325 -25310 38825
55325 -25310 35978
55325 -25310 33076
55325 -25310 36021
55325 -25310 35868
55325 -25310 36907
55325 -25310 31929
55325 -25310 37138
55325 -25310 31765
55325 -25310 37156
55325 -25310 34414
55325 -25310 32190
55325 -25310 31702
55325 -25310 35607
55325 -25310 34471
55325 -25310 38199
55325 -25310 34343
55325 -25310 37456
55325 -25310 34402
55325 -25310 33261
55325 -25310 35912
55325 -25310 36615
55325 -25310 38266
55325 -25310 37075
55325 -26915 35092
55325 -25310 35549
55325 -25310 32181
55325 -25310 42449
55325 -25310 35842
55325 -25310 34064
55325 -25310 32718
55325 -26915 31725
55325 -26915 34178
55325 -24205 34675
55325 -24205 40280
55325 -25310 35142
55325 -25310 33541
55325 -25310 29289
55325 -25310 30891
55325 -26915 29347
55325 -25310 35312
55325 -25310 32511
55325 -25310 34278
55325 -25310 33973
55325 -25310 33241
55325 -25310 34257
55325 -25310 33210
55325 -25310 35794
55325 -25310 33656
55325 -25310 34107
55325 -25310 32083
55325 -25310 35941
55325 -25310 31324
55325 -25310 38720
55325 -25310 33309
55325 -25310 32335
55325 -26915 30019
55325 -25310 35411
55325 -25310 27456
55325 -25310 28349
55325 -25310 39749
55325 -25310 34065
55325 -26915 31506
55325 -25310 35092
55325 -25310 34351
55325 -25310 34402
55325 -25310 36071
55325 -24205 35043
55325 -25310 34822
55325 -25310 34656
55325 -25310 33815
55325 -24205 40613
55325 -25310 32169
55325 -25310 31785
55325 -26915 31634
55325 -25310 34300
55325 -25310 32632
55325 -25310 32389
55325 -25310 34707
55325 -26915 30067
55325 -25310 34339
55325 -26915 28586
55325 -25310 33519
55325 -25310 35609
55325 -25310 30225
55325 -25310 32444
55325 -25310 33268
55325 -25310 32204
55325 -25310 29044
55325 -25310 29356
55325 -25310 32113
55325 -25310 27854
55325 -25310 32779
55325 -24205 39870
55325 -25310 34319
55325 -25310 34674
55325 -25310 32818
55325 -25310 32120
55325 -25310 37135
55325 -25310 33564
55325 -25310 38971
55325 -25310 29441
55325 -25310 33533
55325 -25310 33737
55325 -25310 31560
55325 -26915 30782
55325 -25310 29732
55325 -25310 31166
55325 -25310 34812
55325 -25310 34400
55325 -24205 35336
55325 -25310 35168
55325 -25310 33738
55325 -25310 33029
55325 -25310 38358
55325 -25310 34944
55325 -25310 35097
55325 -24205 38757
55325 -25310 31679
55325 -25310 34711
55325 -25310 34296
55325 -25310 36061
55325 -25310 29852
55325 -25310 32308
55325 -25310 30525
55325 -25310 31748
55325 -25310 33734
55325 -25310 37162
55325 -25310 31736
55325 -25310 30754
55325 -25310 31383
55325 -25310 31437
55325 -25310 28554
55325 -25310 36345
55325 -25310 37053
55325 -25310 37984
55325 -25310 29044
55325 -25310 30595
55325 -25310 39321
55325 -25310 33093
55325 -25310 30575
55325 -25310 35514
55325 -25310 30243
55325 -25310 29029
55325 -25310 32404
55325 -26915 30914
55325 -25310 29207
55325 -25310 36037
55325 -25310 30955
55325 -25310 32476
55325 -25310 33996
55325 -25310 32499
55325 -25310 35244
55325 -25310 33518
55325 -25310 26701
55325 -24205 39219
55325 -25310 34781
55325 -25310 34343
55325 -25310 28139
