-67010 -78550 -66530
-19515 -63085 -54185
-19515 -58985 -47084
-18515 -57885 -37582
85 -43880 -25752
85 -26610 -20948
85 -24180 -19317
85 -20490 -18204
85 -20490 -17598
85 -19515 -17337
5590 -19515 -16985
5590 -19515 -16394
11010 -19515 -14663
12300 -18520 -12893
12300 -18515 -10482
18100 -18240 -7071
18100 -13895 -3733
18100 -7915 -1759
18100 -3820 -754
18100 -2875 -101
18100 -1480 299
21740 -315 745
21740 -115 970
21740 -110 1041
21740 -100 1053
21740 -100 1076
21740 -100 1300
21740 -100 1337
21740 45 1368
21740 85 1383
21740 85 1383
21740 85 1485
21740 85 1486
21740 85 1488
41385 85 2230
41385 85 2274
41385 85 2554
41385 85 2730
41385 185 3014
41385 185 3425
41385 640 4171
41385 800 4640
41385 2090 4940
41385 2090 5338
41385 2850 6001
41385 2850 6671
41385 2850 7370
41385 5590 7870
41385 6245 8023
41385 6245 8465
41385 6245 8679
41385 6245 8904
41385 7255 9151
41385 7255 9358
41385 7255 9641
41385 7255 10253
50535 7255 11274
50535 8435 11867
50535 8435 12573
50535 10275 13398
50535 10685 14059
50535 11010 14722
50535 13545 15276
50535 13545 15383
50535 13880 15500
50535 13880 15703
50535 13880 15980
50535 13880 16293
50535 15090 16616
50535 15090 16703
50535 15465 16761
50535 15465 16791
50535 15465 16821
50535 15615 16840
50535 15615 16840
50535 15615 16864
50535 15615 16866
50535 15615 16871
50535 15615 16880
50535 15615 16897
50535 15615 16925
50535 15615 16957
50535 15675 16985
50535 15775 16998
50535 15775 16998
50535 15775 16998
50535 15775 16998
50535 15775 17033
50535 15775 17037
50535 15775 17044
50535 15775 17059
50535 15775 17090
50535 15775 17151
50535 15775 17227
50535 15775 17303
50535 16155 17352
50535 16155 17367
50535 16155 17374
50535 16155 17416
50535 16155 17458
50535 16155 17542
50535 16155 17685
50535 16155 17841
50535 16155 18019
50535 16800 18084
50535 16845 18140
50535 17095 18173
50535 17095 18173
50535 17095 18173
50535 17095 18194
50535 17095 18197
50535 17095 18204
50535 17095 18217
50535 17095 18242
50535 17095 18293
50535 17095 18357
50535 17095 18421
50535 17415 18463
50535 17415 18463
50535 17415 18463
50535 17415 18463
50535 17415 18463
50535 17415 18463
50535 17415 18636
50535 17415 18638
50535 17415 18643
50535 17415 18931
50535 17415 18962
50535 17415 19024
50535 17415 19107
50535 17415 19208
50535 17670 19300
50535 17670 19389
50535 17810 19468
50535 18100 19505
50535 18100 19519
50535 18100 19533
50535 18170 19542
50535 18170 19542
50535 18170 19542
50535 18170 19542
50535 18170 19542
50535 18170 19542
50535 18170 19542
50535 18170 19542
50535 18170 19542
50535 18170 19542
50535 18170 19542
50535 18170 19542
50535 18170 19542
50535 18170 19542
50535 18170 19713
50535 18170 19713
50535 18170 19715
50535 18170 19719
50535 18170 19725
50535 18170 19739
50535 18170 19756
50535 18170 19773
50535 18255 19796
50535 18255 19801
50535 18255 19812
50535 18255 19834
50535 18255 19877
50535 18255 19963
50535 18255 20244
50535 18255 20353
50535 18795 20429
50535 18795 20438
50535 18795 20455
50535 18795 20489
50535 18795 20538
50535 18795 20616
50535 18895 20693
50535 18895 20765
50535 19255 20812
50535 19255 20812
50535 19255 20812
50535 19255 20812
50535 19255 20812
50535 19255 20812
50535 19255 20812
50535 19255 20812
50535 19255 21112
50535 19255 21112
50535 19255 21112
50535 19255 21112
50535 19255 21113
50535 19255 21113
50535 19255 21114
50535 19255 21115
50535 19260 21116
50535 19260 21116
50535 19260 21116
50535 19260 21116
53545 19260 21459
53545 19260 21461
53545 19260 21465
53545 19260 21473
53545 19260 21502
53545 19260 21538
53545 19260 21580
53545 19260 21623
53545 19465 21649
53545 19465 21657
53545 19465 21672
53545 19465 21684
53545 19515 21692
53545 19515 21698
53545 19515 21710
53545 19515 21733
53545 19515 21762
53545 19515 21962
53545 19660 21981
53545 19660 21982
53545 19660 21986
53545 19660 21993
53545 19660 22008
53545 19660 22026
53545 19660 22044
53545 19750 22055
53545 19750 22055
53545 19750 22062
53545 19750 22064
53545 19750 22068
53865 19750 22417
53865 19750 22439
53865 19750 22483
53865 19750 22542
53865 19750 22704
53865 19940 22808
53865 19940 22912
53865 19940 23019
53865 20455 23083
53865 20455 23097
53865 20455 23115
53865 20455 23133
53865 20545 23145
53865 20545 23145
53865 20545 23145
53865 20545 23145
53865 20545 23145
53865 20545 23145
53865 20545 23145
53865 20545 23145
53865 20545 23145
53865 20545 23145
53865 20545 23145
53865 20545 23145
53865 20545 23145
53865 20545 23145
53865 20545 23145
53865 20545 23145
53865 20545 23145
53865 20545 23145
53865 20545 23145
53865 20545 23145
53865 20545 23145
53865 20545 23145
53865 20545 23145
53865 20545 23145
53865 20545 23145
53865 20545 23145
53865 20545 23145
53865 20545 23145
53865 20545 23145
53865 20545 23145
53865 20545 23145
53865 20545 23145
53865 20545 23145
53865 20545 23145
53865 20545 23145
53865 20545 23145
53865 20545 23145
53865 20545 23145
53865 20545 23145
53865 20545 23145
53865 20545 23145
53865 20545 23145
53865 20545 23145
53865 20545 23145
53865 20545 23145
53865 20545 23145
53865 20545 23145
53865 20545 23145
53865 20545 23145
53865 20545 23145
53865 20545 23145
53865 20545 23145
53865 20545 23457
53865 20545 23458
53865 20545 23458
53865 20545 23460
53865 20545 23463
53865 20545 23468
53865 20545 23475
53865 20545 23482
53865 20580 23487
53865 20580 23487
53865 20580 23487
53865 20580 23487
53865 20580 23487
53865 20580 23582
53865 20580 23594
53865 20580 23617
53865 20580 23664
53865 20580 23756
53865 20580 23942
53865 20580 24174
53865 20580 24406
53865 21740 24557
53865 21740 24557
53865 21740 24557
53865 21740 24557
53865 21740 24557
53865 21740 24557
53865 21740 24557
53865 21740 24557
53865 21740 24557
53865 21740 24557
53865 21740 24557
53865 21740 24557
53865 21740 24557
53865 21740 24557
53865 21740 24557
53865 21740 24557
53865 21740 24874
53865 21740 24937
53865 21740 25062
53865 21740 25314
53865 21740 25816
53865 21740 26821
53865 21740 28077
53865 21740 29333
53865 28020 30149
53865 28020 30149
53865 28020 30149
53865 28020 30149
53865 28020 30149
53865 28020 30149
53865 28020 30149
53865 28020 30149
53865 28020 30149
53865 28020 30149
53865 28020 30181
53865 28020 30202
53865 28020 30244
53865 28020 30329
53865 28020 30499
53865 28020 30838
53865 28020 31262
53865 28020 31686
53865 30140 31962
53865 30140 31962
53865 30140 31962
53865 30140 31962
53865 30140 31962
53865 30140 31962
53865 30140 32005
53865 30140 32013
53865 30140 32029
53865 30140 32062
53865 30140 32177
53865 30140 32317
53865 30140 32485
53865 30140 32657
53865 30955 32764
53865 30955 32800
53865 30955 32845
53865 30955 33109
53865 31180 33374
53865 31180 33468
53865 31180 33657
53865 31180 34036
53865 31180 34668
53865 31180 35314
53865 34275 36001
53865 34275 36036
53865 34445 36058
53865 34445 36062
53865 34445 36070
53865 34445 36086
53865 34445 36106
53865 34445 36140
53865 34545 36153
53865 34545 36156
53865 34545 36162
53865 34545 36174
53865 34545 36198
53865 34545 36228
53865 34545 36258
53865 34695 36278
53865 34695 36278
53865 34695 36278
53865 34695 36278
53865 34695 36278
53865 34695 36278
53865 34695 36278
53865 34695 36286
53865 34695 36290
53865 34695 36298
53865 34695 36315
53865 34695 36347
53865 34695 36412
53865 34695 36675
53865 34695 36757
53865 35100 36808
53865 35100 36812
53865 35100 36820
53865 35100 36837
53865 35100 36858
53865 35100 36879
53865 35205 36893
53865 35205 36893
53865 35205 37073
53865 35205 37076
53865 35205 37237
53865 35205 37306
53865 35205 37341
53865 35205 37407
53865 35205 37480
53865 35205 37565
53865 35500 37623
53865 35500 37683
53865 35520 37739
53865 35800 37775
53865 35800 37775
53865 35800 37775
53865 35800 37775
53865 35800 37775
53865 35800 37775
53865 35800 37775
53865 35800 37775
53865 35800 37777
53865 35800 37779
53865 35800 37783
53865 35800 37791
53865 35800 37807
53865 35800 37839
53865 35800 37879
53865 35800 37919
53865 36000 38033
53865 36000 38040
53865 36000 38052
53865 36000 38078
53865 36000 38128
53865 36000 38230
53865 36000 38357
53865 36000 38484
53865 36635 38567
53865 36635 38567
53865 36635 38567
53865 36635 38567
53865 36635 38567
53865 36635 38567
53865 36635 38567
53865 36635 38567
53865 36635 38567
53865 36635 38567
53865 36635 38567
53865 36635 38567
53865 36635 38567
53865 36635 38567
53865 36635 38571
53865 36635 38575
53865 36635 38583
53865 36635 38600
53865 36635 38633
53865 36635 38699
53865 36635 38782
53865 36635 38865
53865 37050 38919
53865 37050 39004
53865 37050 39039
53865 37050 39109
53865 37050 39250
53865 37050 39531
53865 37050 40094
53865 37050 40797
53865 37050 41500
53865 40565 41956
53865 40565 41956
53865 40565 41956
53865 40565 41956
53865 40565 41956
53865 40565 41956
53865 40565 41956
53865 40565 41956
53865 40565 41956
53865 40565 41956
53865 40565 41956
53865 40565 41956
53865 40565 41956
53865 40565 41956
53865 40565 41956
53865 40565 41956
53865 40565 41956
53865 40565 41956
53865 40565 41956
53865 40565 41956
53865 40565 41956
53865 40565 41956
53865 40565 41956
53865 40565 42044
53865 40565 42052
53865 40565 42194
53865 40565 42359
53865 40565 42495
53865 40565 42750
53865 40565 43097
53865 40565 43602
53865 41385 44342
53865 41970 45031
53865 41970 45626
53865 44775 46004
53865 44775 46141
53865 44775 46329
53865 44775 46527
53865 45505 46674
53865 45765 46708
53865 45765 46708
53865 45765 46708
53865 45765 46755
53865 45765 46790
53865 45765 46860
53865 45765 47000
53865 45765 47280
53865 45765 47840
53865 45765 48540
53865 45765 49240
53865 49265 49695
53865 49265 49695
53865 49265 49695
53865 49265 49695
53865 49265 49695
53865 49265 49695
53865 49265 49695
53865 49265 49695
53865 49265 49695
53865 49265 49695
53865 49265 49695
53865 49265 49695
53865 49265 49695
53865 49265 49737
53865 49265 49746
53865 49265 49754
53865 49265 49771
53865 49265 49806
53865 49265 49873
53865 49265 49999
53865 49305 50197
53865 49305 50350
53865 50045 50449
53865 50045 50469
53865 50045 50509
53915 50045 50627
53915 50045 50725
53915 50045 50823
53915 50535 50880
53915 50535 50880
53915 50535 50880
53915 50535 50880
53915 50535 50880
53915 50535 50880
53915 50535 50880
54435 50535 50919
54435 50535 50921
54935 50535 50968
54935 50535 50988
54935 50535 51029
54935 50535 51109
54935 50535 51232
54935 50535 51487
54935 50725 51707
54935 50725 51965
54935 51785 52105
54935 51785 52142
54935 51785 52229
54935 51785 52328
54935 51855 52456
54935 51925 52598
54935 52435 52725
54935 52435 52794
54935 52445 52871
54935 52445 52973
54935 52805 53031
54935 52805 53061
54935 52805 53117
54935 52925 53156
54935 52925 53204
54935 52925 53268
54935 53085 53335
54935 53085 53384
54935 53215 53418
54935 53215 53446
54935 53355 53473
54935 53355 53474
54935 53355 53477
54935 53355 53483
54935 53355 53492
54935 53355 53512
54935 53355 53543
54935 53355 53581
54935 53465 53589
54935 53465 53590
54935 53465 53593
54935 53465 53597
54935 53465 53604
54935 53465 53612
54935 53475 53618
54935 53505 53622
54935 53505 53622
54935 53505 53622
54935 53505 53622
54935 53505 53622
54935 53505 53635
54935 53505 53649
54935 53505 53649
54935 53505 53657
54935 53505 53661
54935 53505 53683
54935 53505 53716
54935 53505 53750
54935 53505 53811
54935 53545 53871
54935 53545 53944
54935 53735 53992
54935 53865 54042
54935 53865 54084
54935 53915 54127
54935 53915 54167
54935 54115 54193
54935 54115 54193
54935 54115 54193
54935 54115 54193
54935 54115 54193
54935 54115 54193
54935 54115 54193
54935 54115 54198
54935 54115 54198
54935 54115 54199
54935 54115 54200
54935 54115 54207
54935 54115 54212
54935 54115 54221
54935 54115 54229
54935 54135 54239
54935 54135 54255
54935 54135 54271
54935 54135 54287
54935 54215 54291
54935 54215 54291
54935 54215 54291
54935 54215 54291
54935 54215 54291
54935 54215 54291
54935 54215 54291
54935 54215 54295
54935 54215 54295
54935 54215 54302
54935 54215 54305
54935 54215 54312
54935 54215 54325
54935 54215 54347
54935 54215 54383
54935 54245 54423
54935 54245 54461
54935 54435 54485
54935 54435 54485
54935 54435 54485
54935 54435 54485
54935 54435 54487
54935 54435 54488
54935 54435 54489
54935 54435 54491
54935 54435 54495
54935 54435 54503
54935 54435 54517
54935 54435 54527
54935 54485 54533
54935 54485 54536
54935 54485 54537
54935 54485 54540
54935 54485 54545
54935 54485 54554
54935 54485 54573
54935 54485 54597
54935 54485 54621
54935 54605 54637
54935 54605 54637
54935 54605 54637
54935 54605 54637
54935 54605 54637
54935 54605 54637
54935 54605 54637
54935 54605 54637
54935 54605 54637
54935 54605 54637
54935 54605 54637
54935 54605 54637
54935 54605 54637
54935 54605 54637
54935 54605 54637
54935 54605 54637
54935 54605 54637
54935 54605 54637
54935 54605 54637
54935 54605 54638
54935 54605 54639
54935 54605 54639
54935 54605 54641
54935 54605 54648
54935 54605 54654
54935 54605 54663
54935 54605 54674
54935 54645 54679
54935 54645 54680
54935 54645 54682
54935 54645 54684
54935 54655 54685
54935 54655 54685
54935 54655 54685
54935 54655 54688
54935 54655 54689
54935 54655 54690
54935 54655 54694
54935 54655 54703
54935 54655 54716
54935 54655 54732
54935 54655 54749
54935 54735 54759
54935 54735 54761
54935 54735 54761
54935 54735 54763
54935 54735 54765
54935 54735 54772
54935 54735 54782
54935 54735 54794
54935 54735 54807
54935 54795 54814
54935 54795 54816
54935 54795 54818
54935 54795 54820
54935 54805 54821
54935 54805 54822
54935 54805 54822
54935 54805 54822
54935 54805 54822
54935 54805 54822
54935 54805 54822
54935 54805 54822
54935 54805 54822
54935 54805 54822
54935 54805 54822
54935 54805 54822
54935 54805 54822
54935 54805 54822
54935 54805 54822
54935 54805 54822
54935 54805 54822
54935 54805 54822
54935 54805 54822
54935 54805 54824
54935 54805 54824
54935 54805 54825
54935 54805 54826
54935 54805 54830
54935 54805 54836
54935 54805 54844
54935 54805 54852
54935 54845 54857
54935 54845 54857
54935 54845 54857
54935 54845 54857
54935 54845 54857
54935 54845 54857
54935 54845 54857
54935 54845 54857
54935 54845 54857
54935 54845 54857
54935 54845 54857
54935 54845 54857
54935 54845 54857
54935 54845 54857
54935 54845 54857
54935 54845 54857
54935 54845 54859
54935 54845 54860
54935 54845 54861
54935 54845 54864
54935 54845 54870
54935 54845 54878
54935 54845 54888
54935 54865 54897
54935 54895 54901
54935 54895 54901
54935 54895 54901
54935 54895 54901
54935 54895 54901
54935 54895 54901
54935 54895 54901
54935 54895 54901
54935 54895 54901
54935 54895 54901
54935 54895 54901
54935 54895 54901
54935 54895 54901
54935 54895 54901
54935 54895 54901
54935 54895 54901
54935 54895 54901
54935 54895 54901
54935 54895 54901
54935 54895 54902
54935 54895 54902
54935 54895 54903
54935 54895 54906
54935 54895 54911
54935 54895 54917
54935 54895 54923
54935 54925 54927
54935 54925 54927
54935 54925 54928
54935 54925 54929
54935 54925 54931
54935 54925 54933
54935 54925 54935
54935 54935 54935
54935 54935 54935
54935 54935 54935
54935 54935 54935
54935 54935 54935
54935 54935 54935
54935 54935 54935
54935 54935 54935
54935 54935 54935
54935 54935 54935
54935 54935 54935
54935 54935 54935
54935 54935 54935
54935 54935 54935
54935 54935 54935
54935 54935 54935
54935 54935 54935
54935 54935 54935
54935 54935 54935
54935 54935 54935
54935 54935 54935
54935 54935 54935
54935 54935 54935
54935 54935 54935
54995 54935 54936
54995 54935 54936
55195 54935 54938
55195 54935 54938
55195 54935 54938
55195 54935 54938
55195 54935 54938
55195 54935 54938
55195 54935 54941
55195 54935 54941
55195 54935 54943
55195 54935 54946
55195 54935 54946
55195 54935 54949
55195 54935 54949
55195 54935 54951
55195 54935 54952
55195 54935 54957
55195 54935 54957
55195 54935 54957
55195 54935 54960
55195 54935 54960
55195 54935 54960
55195 54935 54960
55195 54935 54960
55195 54935 54963
55195 54935 54963
55195 54935 54963
55195 54935 54966
55195 54935 54966
55195 54935 54966
55195 54935 54966
55195 54935 54966
55225 54935 54970
55225 54935 54975
55225 54935 54981
55225 54935 54997
55225 54935 55013
55225 54935 55030
55225 54995 55046
55225 54995 55062
55225 54995 55088
55225 55025 55122
55225 55045 55153
55225 55135 55179
55225 55135 55191
55225 55195 55197
55225 55195 55198
55225 55195 55198
55225 55195 55198
55225 55195 55198
55225 55195 55198
55325 55195 55199
55325 55195 55200
55325 55195 55200
55325 55195 55202
55325 55195 55206
55325 55195 55206
55325 55195 55206
55325 55195 55207
55325 55195 55208
55325 55195 55209
55325 55195 55211
55325 55195 55217
55325 55195 55226
55325 55195 55236
55325 55225 55240
55325 55225 55240
55325 55225 55241
55325 55225 55242
55325 55225 55244
55325 55225 55248
55325 55225 55256
55325 55225 55273
55325 55225 55293
55325 55225 55313
55325 55325 55325
55325 55325 55325
55325 55325 55325
55325 55325 55325
55325 55325 55325
55325 55325 55325
55325 55325 55325
55325 55325 55325
55325 55325 55325
55325 55325 55325
55325 55325 55325
55325 55325 55325
55325 55325 55325
55325 55325 55325
55325 55325 55325
55325 55325 55325
55325 55325 55325
55325 55325 55325
55325 55325 55325
55325 55325 55325
55325 55325 55325
55325 55325 55325
55325 55325 55325
55325 55325 55325
55325 55325 55325
55325 55325 55325
55325 55325 55325
55325 55325 55325
55325 55325 55325
55325 55325 55325
55325 55325 55325
55325 55325 55325
55325 55325 55325
55325 55325 55325
55325 55325 55325
55325 55325 55325
55325 55325 55325
55325 55325 55325
55325 55325 55325
55325 55325 55325
55325 55325 55325
55325 55325 55325
55325 55325 55325
55325 55325 55325
55325 55325 55325
55325 55325 55325
55325 55325 55325
55325 55325 55325
55325 55325 55325
55325 55325 55325
55325 55325 55325
55325 55325 55325
55325 55325 55325
55325 55325 55325
55325 55325 55325
55325 55325 55325
55325 55325 55325
55325 55325 55325
55325 55325 55325
55325 55325 55325
55325 55325 55325
55325 55325 55325
55325 55325 55325
55325 55325 55325
55325 55325 55325
55325 55325 55325
55325 55325 55325
55325 55325 55325
55325 55325 55325
55325 55325 55325
55325 55325 55325
55325 55325 55325
55325 55325 55325
55325 55325 55325
55325 55325 55325
55325 55325 55325
55325 55325 55325
55325 55325 55325
55325 55325 55325
55325 55325 55325
55325 55325 55325
55325 55325 55325
55325 55325 55325
55325 55325 55325
55325 55325 55325
55325 55325 55325
55325 55325 55325
55325 55325 55325
55325 55325 55325
55325 55325 55325
55325 55325 55325
55325 55325 55325
55325 55325 55325
55325 55325 55325
55325 55325 55325
55325 55325 55325
55325 55325 55325
55325 55325 55325
55325 55325 55325
55325 55325 55325
55325 55325 55325
55325 55325 55325
55325 55325 55325
55325 55325 55325
55325 55325 55325
55325 55325 55325
55325 55325 55325
55325 55325 55325
55325 55325 55325
55325 55325 55325
55325 55325 55325
55325 55325 55325
55325 55325 55325
55325 55325 55325
55325 55325 55325
55325 55325 55325
55325 55325 55325
55325 55325 55325
55325 55325 55325
55325 55325 55325
55325 55325 55325
55325 55325 55325
55325 55325 55325
55325 55325 55325
55325 55325 55325
55325 55325 55325
55325 55325 55325
55325 55325 55325
55325 55325 55325
55325 55325 55325
55325 55325 55325
55325 55325 55325
55325 55325 55325
55325 55325 55325
55325 55325 55325
55325 55325 55325
55325 55325 55325
55325 55325 55325
55325 55325 55325
55325 55325 55325
55325 55325 55325
55325 55325 55325
55325 55325 55325
55325 55325 55325
55325 55325 55325
55325 55325 55325
55325 55325 55325
55325 55325 55325
55325 55325 55325
55325 55325 55325
55325 55325 55325
55325 55325 55325
55325 55325 55325
55325 55325 55325
55325 55325 55325
55325 55325 55325
55325 55325 55325
55325 55325 55325
55325 55325 55325
55325 55325 55325
55325 55325 55325
55325 55325 55325
55325 55325 55325
55325 55325 55325
55325 55325 55325
55325 55325 55325
55325 55325 55325
55325 55325 55325
55325 55325 55325
55325 55325 55325
55325 55325 55325
55325 55325 55325
55325 55325 55325
55325 55325 55325
55325 55325 55325
55325 55325 55325
55325 55325 55325
55325 55325 55325
55325 55325 55325
55325 55325 55325
55325 55325 55325
55325 55325 55325
55325 55325 55325
55325 55325 55325
55325 55325 55325
55325 55325 55325
55325 55325 55325
55325 55325 55325
55325 55325 55325
55325 55325 55325
55325 55325 55325
55325 55325 55325
55325 55325 55325
55325 55325 55325
55325 55325 55325
55325 55325 55325
55325 55325 55325
55325 55325 55325
55325 55325 55325
55325 55325 55325
55325 55325 55325
55325 55325 55325
55325 55325 55325
55325 55325 55325
55325 55325 55325
55325 55325 55325
55325 55325 55325
55325 55325 55325
55325 55325 55325
55325 55325 55325
55325 55325 55325
55325 55325 55325
55325 55325 55325
55325 55325 55325
55325 55325 55325
55325 55325 55325
55325 55325 55325
55325 55325 55325
55325 55325 55325
55325 55325 55325
55325 55325 55325
55325 55325 55325
55325 55325 55325
55325 55325 55325
55325 55325 55325
55325 55325 55325
55325 55325 55325
55325 55325 55325
55325 55325 55325
55325 55325 55325
55325 55325 55325
55325 55325 55325
55325 55325 55325
55325 55325 55325
55325 55325 55325
55325 55325 55325
55325 55325 55325
55325 55325 55325
55325 55325 55325
55325 55325 55325
55325 55325 55325
55325 55325 55325
55325 55325 55325
55325 55325 55325
55325 55325 55325
55325 55325 55325
55325 55325 55325
55325 55325 55325
55325 55325 55325
55325 55325 55325
55325 55325 55325
55325 55325 55325
55325 55325 55325
55325 55325 55325
55325 55325 55325
55325 55325 55325
55325 55325 55325
55325 55325 55325
55325 55325 55325
55325 55325 55325
55325 55325 55325
55325 55325 55325
55325 55325 55325
55325 55325 55325
55325 55325 55325
55325 55325 55325
55325 55325 55325
55325 55325 55325
55325 55325 55325
55325 55325 55325
55325 55325 55325
55325 55325 55325
55325 55325 55325
55325 55325 55325
55325 55325 55325
55325 55325 55325
55325 55325 55325
55325 55325 55325
55325 55325 55325
55325 55325 55325
55325 55325 55325
55325 55325 55325
55325 55325 55325
55325 55325 55325
55325 55325 55325
55325 55325 55325
55325 55325 55325
55325 55325 55325
55325 55325 55325
55325 55325 55325
55325 55325 55325
55325 55325 55325
55325 55325 55325
55325 55325 55325
55325 55325 55325
55325 55325 55325
55325 55325 55325
55325 55325 55325
55325 55325 55325
55325 55325 55325
55325 55325 55325
55325 55325 55325
55325 55325 55325
55325 55325 55325
55325 55325 55325
55325 55325 55325
55325 55325 55325
55325 55325 55325
55325 55325 55325
55325 55325 55325
55325 55325 55325
55325 55325 55325
55325 55325 55325
55325 55325 55325
55325 55325 55325
55325 55325 55325
55325 55325 55325
55325 55325 55325
55325 55325 55325
55325 55325 55325
55325 55325 55325
55325 55325 55325
55325 55325 55325
55325 55325 55325
55325 55325 55325
55325 55325 55325
55325 55325 55325
55325 55325 55325
55325 55325 55325
55325 55325 55325
55325 55325 55325
55325 55325 55325
55325 55325 55325
55325 55325 55325
55325 55325 55325
55325 55325 55325
55325 55325 55325
55325 55325 55325
55325 55325 55325
55325 55325 55325
55325 55325 55325
55325 55325 55325
55325 55325 55325
55325 55325 55325
55325 55325 55325
55325 55325 55325
55325 55325 55325
55325 55325 55325
55325 55325 55325
55325 55325 55325
55325 55325 55325
55325 55325 55325
55325 55325 55325
55325 55325 55325
55325 55325 55325
55325 55325 55325
55325 55325 55325
55325 55325 55325
55325 55325 55325
55325 55325 55325
55325 55325 55325
55325 55325 55325
55325 55325 55325
55325 55325 55325
55325 55325 55325
55325 55325 55325
55325 55325 55325
55325 55325 55325
55325 55325 55325
55325 55325 55325
55325 55325 55325
55325 55325 55325
55325 55325 55325
55325 55325 55325
55325 55325 55325
55325 55325 55325
55325 55325 55325
55325 55325 55325
55325 55325 55325
55325 55325 55325
55325 55325 55325
55325 55325 55325
55325 55325 55325
55325 55325 55325
55325 55325 55325
55325 55325 55325
55325 55325 55325
55325 55325 55325
55325 55325 55325
55325 55325 55325
55325 55325 55325
55325 55325 55325
55325 55325 55325
55325 55325 55325
55325 55325 55325
55325 55325 55325
55325 55325 55325
55325 55325 55325
55325 55325 55325
55325 55325 55325
55325 55325 55325
55325 55325 55325
55325 55325 55325
55325 55325 55325
55325 55325 55325
55325 55325 55325
55325 55325 55325
55325 55325 55325
55325 55325 55325
55325 55325 55325
55325 55325 55325
55325 55325 55325
55325 55325 55325
55325 55325 55325
55325 55325 55325
55325 55325 55325
55325 55325 55325
55325 55325 55325
55325 55325 55325
55325 55325 55325
55325 55325 55325
55325 55325 55325
55325 55325 55325
55325 55325 55325
55325 55325 55325
55325 55325 55325
55325 55325 55325
55325 55325 55325
55325 55325 55325
55325 55325 55325
55325 55325 55325
55325 55325 55325
55325 55325 55325
55325 55325 55325
55325 55325 55325
55325 55325 55325
55325 55325 55325
55325 55325 55325
55325 55325 55325
55325 55325 55325
55325 55325 55325
55325 55325 55325
55325 55325 55325
55325 55325 55325
55325 55325 55325
55325 55325 55325
55325 55325 55325
55325 55325 55325
55325 55325 55325
55325 55325 55325
55325 55325 55325
55325 55325 55325
55325 55325 55325
55325 55325 55325
55325 55325 55325
55325 55325 55325
55325 55325 55325
55325 55325 55325
55325 55325 55325
55325 55325 55325
55325 55325 55325
55325 55325 55325
55325 55325 55325
55325 55325 55325
55325 55325 55325
55325 55325 55325
55325 55325 55325
55325 55325 55325
55325 55325 55325
55325 55325 55325
55325 55325 55325
55325 55325 55325
55325 55325 55325
55325 55325 55325
55325 55325 55325
55325 55325 55325
55325 55325 55325
55325 55325 55325
55325 55325 55325
55325 55325 55325
55325 55325 55325
55325 55325 55325
55325 55325 55325
55325 55325 55325
55325 55325 55325
55325 55325 55325
55325 55325 55325
55325 55325 55325
55325 55325 55325
55325 55325 55325
55325 55325 55325
55325 55325 55325
55325 55325 55325
55325 55325 55325
55325 55325 55325
55325 55325 55325
55325 55325 55325
55325 55325 55325
55325 55325 55325
55325 55325 55325
55325 55325 55325
55325 55325 55325
55325 55325 55325
55325 55325 55325
55325 55325 55325
55325 55325 55325
55325 55325 55325
55325 55325 55325
55325 55325 55325
55325 55325 55325
55325 55325 55325
55325 55325 55325
55325 55325 55325
55325 55325 55325
55325 55325 55325
55325 55325 55325
55325 55325 55325
55325 55325 55325
55325 55325 55325
55325 55325 55325
55325 55325 55325
55325 55325 55325
55325 55325 55325
55325 55325 55325
55325 55325 55325
55325 55325 55325
55325 55325 55325
55325 55325 55325
55325 55325 55325
55325 55325 55325
55325 55325 55325
55325 55325 55325
55325 55325 55325
55325 55325 55325
55325 55325 55325
55325 55325 55325
55325 55325 55325
55325 55325 55325
55325 55325 55325
55325 55325 55325
55325 55325 55325
55325 55325 55325
55325 55325 55325
55325 55325 55325
55325 55325 55325
55325 55325 55325
55325 55325 55325
55325 55325 55325
55325 55325 55325
55325 55325 55325
55325 55325 55325
55325 55325 55325
55325 55325 55325
55325 55325 55325
55325 55325 55325
55325 55325 55325
55325 55325 55325
55325 55325 55325
55325 55325 55325
55325 55325 55325
55325 55325 55325
55325 55325 55325
55325 55325 55325
55325 55325 55325
55325 55325 55325
55325 55325 55325
55325 55325 55325
55325 55325 55325
55325 55325 55325
55325 55325 55325
55325 55325 55325
55325 55325 55325
55325 55325 55325
55325 55325 55325
55325 55325 55325
55325 55325 55325
55325 55325 55325
55325 55325 55325
55325 55325 55325
55325 55325 55325
55325 55325 55325
55325 55325 55325
55325 55325 55325
55325 55325 55325
55325 55325 55325
55325 55325 55325
55325 55325 55325
55325 55325 55325
55325 55325 55325
55325 55325 55325
55325 55325 55325
55325 55325 55325
55325 55325 55325
55325 55325 55325
55325 55325 55325
55325 55325 55325
55325 55325 55325
55325 55325 55325
55325 55325 55325
55325 55325 55325
55325 55325 55325
55325 55325 55325
55325 55325 55325
55325 55325 55325
55325 55325 55325
55325 55325 55325
55325 55325 55325
55325 55325 55325
55325 55325 55325
55325 55325 55325
55325 55325 55325
55325 55325 55325
55325 55325 55325
55325 55325 55325
55325 55325 55325
55325 55325 55325
55325 55325 55325
55325 55325 55325
55325 55325 55325
55325 55325 55325
55325 55325 55325
55325 55325 55325
55325 55325 55325
55325 55325 55325
55325 55325 55325
55325 55325 55325
55325 55325 55325
55325 55325 55325
55325 55325 55325
55325 55325 55325
55325 55325 55325
55325 55325 55325
55325 55325 55325
55325 55325 55325
55325 55325 55325
55325 55325 55325
55325 55325 55325
55325 55325 55325
55325 55325 55325
55325 55325 55325
55325 55325 55325
55325 55325 55325
55325 55325 55325
55325 55325 55325
55325 55325 55325
55325 55325 55325
55325 55325 55325
55325 55325 55325
55325 55325 55325
55325 55325 55325
55325 55325 55325
55325 55325 55325
55325 55325 55325
55325 55325 55325
55325 55325 55325
55325 55325 55325
55325 55325 55325
55325 55325 55325
55325 55325 55325
55325 55325 55325
55325 55325 55325
55325 55325 55325
55325 55325 55325
55325 55325 55325
55325 55325 55325
55325 55325 55325
55325 55325 55325
55325 55325 55325
55325 55325 55325
55325 55325 55325
55325 55325 55325
55325 55325 55325
55325 55325 55325
55325 55325 55325
55325 55325 55325
55325 55325 55325
55325 55325 55325
55325 55325 55325
55325 55325 55325
55325 55325 55325
55325 55325 55325
55325 55325 55325
55325 55325 55325
55325 55325 55325
55325 55325 55325
55325 55325 55325
55325 55325 55325
55325 55325 55325
55325 55325 55325
55325 55325 55325
55325 55325 55325
55325 55325 55325
55325 55325 55325
55325 55325 55325
55325 55325 55325
55325 55325 55325
55325 55325 55325
55325 55325 55325
55325 55325 55325
55325 55325 55325
55325 55325 55325
55325 55325 55325
55325 55325 55325
55325 55325 55325
55325 55325 55325
55325 55325 55325
55325 55325 55325
55325 55325 55325
55325 55325 55325
55325 55325 55325
55325 55325 55325
55325 55325 55325
55325 55325 55325
55325 55325 55325
55325 55325 55325
55325 55325 55325
55325 55325 55325
55325 55325 55325
55325 55325 55325
55325 55325 55325
55325 55325 55325
55325 55325 55325
55325 55325 55325
55325 55325 55325
55325 55325 55325
55325 55325 55325
55325 55325 55325
55325 55325 55325
55325 55325 55325
55325 55325 55325
55325 55325 55325
55325 55325 55325
55325 55325 55325
55325 55325 55325
55325 55325 55325
55325 55325 55325
55325 55325 55325
55325 55325 55325
55325 55325 55325
55325 55325 55325
55325 55325 55325
55325 55325 55325
55325 55325 55325
55325 55325 55325
55325 55325 55325
55325 55325 55325
55325 55325 55325
55325 55325 55325
55325 55325 55325
55325 55325 55325
55325 55325 55325
55325 55325 55325
55325 55325 55325
55325 55325 55325
55325 55325 55325
55325 55325 55325
55325 55325 55325
55325 55325 55325
55325 55325 55325
55325 55325 55325
55325 55325 55325
55325 55325 55325
55325 55325 55325
55325 55325 55325
55325 55325 55325
55325 55325 55325
55325 55325 55325
55325 55325 55325
55325 55325 55325
55325 55325 55325
55325 55325 55325
55325 55325 55325
55325 55325 55325
55325 55325 55325
55325 55325 55325
55325 55325 55325
55325 55325 55325
55325 55325 55325
55325 55325 55325
55325 55325 55325
55325 55325 55325
55325 55325 55325
55325 55325 55325
55325 55325 55325
55325 55325 55325
55325 55325 55325
55325 55325 55325
55325 55325 55325
55325 55325 55325
55325 55325 55325
55325 55325 55325
55325 55325 55325
55325 55325 55325
55325 55325 55325
55325 55325 55325
55325 55325 55325
55325 55325 55325
55325 55325 55325
55325 55325 55325
55325 55325 55325
55325 55325 55325
55325 55325 55325
55325 55325 55325
55325 55325 55325
55325 55325 55325
55325 55325 55325
55325 55325 55325
55325 55325 55325
55325 55325 55325
55325 55325 55325
55325 55325 55325
55325 55325 55325
55325 55325 55325
55325 55325 55325
55325 55325 55325
55325 55325 55325
55325 55325 55325
55325 55325 55325
55325 55325 55325
55325 55325 55325
55325 55325 55325
55325 55325 55325
55325 55325 55325
55325 55325 55325
55325 55325 55325
55325 55325 55325
55325 55325 55325
55325 55325 55325
55325 55325 55325
55325 55325 55325
55325 55325 55325
55325 55325 55325
55325 55325 55325
55325 55325 55325
55325 55325 55325
55325 55325 55325
55325 55325 55325
55325 55325 55325
55325 55325 55325
55325 55325 55325
55325 55325 55325
55325 55325 55325
55325 55325 55325
55325 55325 55325
55325 55325 55325
55325 55325 55325
55325 55325 55325
55325 55325 55325
55325 55325 55325
55325 55325 55325
55325 55325 55325
55325 55325 55325
55325 55325 55325
55325 55325 55325
55325 55325 55325
55325 55325 55325
55325 55325 55325
55325 55325 55325
55325 55325 55325
55325 55325 55325
55325 55325 55325
55325 55325 55325
55325 55325 55325
55325 55325 55325
55325 55325 55325
55325 55325 55325
55325 55325 55325
55325 55325 55325
55325 55325 55325
55325 55325 55325
55325 55325 55325
55325 55325 55325
55325 55325 55325
55325 55325 55325
55325 55325 55325
55325 55325 55325
55325 55325 55325
55325 55325 55325
55325 55325 55325
55325 55325 55325
55325 55325 55325
55325 55325 55325
55325 55325 55325
55325 55325 55325
55325 55325 55325
55325 55325 55325
55325 55325 55325
55325 55325 55325
55325 55325 55325
55325 55325 55325
55325 55325 55325
55325 55325 55325
55325 55325 55325
55325 55325 55325
55325 55325 55325
55325 55325 55325
55325 55325 55325
55325 55325 55325
55325 55325 55325
55325 55325 55325
55325 55325 55325
55325 55325 55325
55325 55325 55325
55325 55325 55325
55325 55325 55325
55325 55325 55325
55325 55325 55325
55325 55325 55325
55325 55325 55325
55325 55325 55325
55325 55325 55325
55325 55325 55325
55325 55325 55325
55325 55325 55325
55325 55325 55325
55325 55325 55325
55325 55325 55325
55325 55325 55325
55325 55325 55325
55325 55325 55325
55325 55325 55325
55325 55325 55325
55325 55325 55325
55325 55325 55325
55325 55325 55325
55325 55325 55325
55325 55325 55325
55325 55325 55325
55325 55325 55325
55325 55325 55325
55325 55325 55325
55325 55325 55325
55325 55325 55325
55325 55325 55325
55325 55325 55325
55325 55325 55325
55325 55325 55325
55325 55325 55325
55325 55325 55325
55325 55325 55325
55325 55325 55325
55325 55325 55325
55325 55325 55325
55325 55325 55325
55325 55325 55325
55325 55325 55325
55325 55325 55325
55325 55325 55325
55325 55325 55325
55325 55325 55325
55325 55325 55325
55325 55325 55325
55325 55325 55325
55325 55325 55325
55325 55325 55325
55325 55325 55325
55325 55325 55325
55325 55325 55325
55325 55325 55325
55325 55325 55325
55325 55325 55325
55325 55325 55325
55325 55325 55325
55325 55325 55325
55325 55325 55325
55325 55325 55325
55325 55325 55325
55325 55325 55325
55325 55325 55325
55325 55325 55325
55325 55325 55325
55325 55325 55325
55325 55325 55325
55325 55325 55325
55325 55325 55325
55325 55325 55325
55325 55325 55325
55325 55325 55325
55325 55325 55325
55325 55325 55325
55325 55325 55325
55325 55325 55325
55325 55325 55325
55325 55325 55325
55325 55325 55325
55325 55325 55325
55325 55325 55325
55325 55325 55325
55325 55325 55325
55325 55325 55325
55325 55325 55325
55325 55325 55325
55325 55325 55325
55325 55325 55325
55325 55325 55325
55325 55325 55325
55325 55325 55325
55325 55325 55325
55325 55325 55325
55325 55325 55325
55325 55325 55325
55325 55325 55325
55325 55325 55325
55325 55325 55325
55325 55325 55325
55325 55325 55325
55325 55325 55325
55325 55325 55325
55325 55325 55325
55325 55325 55325
55325 55325 55325
55325 55325 55325
55325 55325 55325
55325 55325 55325
55325 55325 55325
55325 55325 55325
55325 55325 55325
55325 55325 55325
55325 55325 55325
55325 55325 55325
55325 55325 55325
55325 55325 55325
55325 55325 55325
55325 55325 55325
55325 55325 55325
55325 55325 55325
55325 55325 55325
55325 55325 55325
55325 55325 55325
55325 55325 55325
55325 55325 55325
55325 55325 55325
55325 55325 55325
55325 55325 55325
55325 55325 55325
55325 55325 55325
55325 55325 55325
55325 55325 55325
55325 55325 55325
55325 55325 55325
55325 55325 55325
55325 55325 55325
55325 55325 55325
55325 55325 55325
55325 55325 55325
55325 55325 55325
55325 55325 55325
55325 55325 55325
55325 55325 55325
55325 55325 55325
55325 55325 55325
55325 55325 55325
55325 55325 55325
55325 55325 55325
55325 55325 55325
55325 55325 55325
55325 55325 55325
55325 55325 55325
55325 55325 55325
55325 55325 55325
55325 55325 55325
55325 55325 55325
55325 55325 55325
55325 55325 55325
55325 55325 55325
55325 55325 55325
55325 55325 55325
55325 55325 55325
55325 55325 55325
55325 55325 55325
55325 55325 55325
55325 55325 55325
55325 55325 55325
55325 55325 55325
-67010 -78550 -66530
-19515 -63085 -54185
-19515 -58985 -47084
-18515 -57885 -37582
85 -43880 -25752
85 -26610 -20948
85 -24180 -19317
85 -20490 -18204
85 -20490 -17598
85 -19515 -17337
5590 -19515 -16985
5590 -19515 -16394
11010 -19515 -14663
12300 -18520 -12893
12300 -18515 -10482
18100 -18240 -7071
18100 -13895 -3733
18100 -7915 -1759
18100 -3820 -754
18100 -2875 -101
18100 -1480 299
21740 -315 745
21740 -115 970
21740 -110 1041
21740 -100 1053
21740 -100 1076
21740 -100 1300
21740 -100 1337
21740 45 1368
21740 85 1383
21740 85 1383
21740 85 1485
21740 85 1486
21740 85 1488
41385 85 2230
41385 85 2274
41385 85 2554
41385 85 2730
41385 185 3014
41385 185 3425
41385 640 4171
41385 800 4640
41385 2090 4940
41385 2090 5338
41385 2850 6001
41385 2850 6671
41385 2850 7370
41385 5590 7870
41385 6245 8023
41385 6245 8465
41385 6245 8679
41385 6245 8904
41385 7255 9151
41385 7255 9358
41385 7255 9641
41385 7255 10253
50535 7255 11274
50535 8435 11867
50535 8435 12573
50535 10275 13398
50535 10685 14059
50535 11010 14722
50535 13545 15276
50535 13545 15383
50535 13880 15500
50535 13880 15703
50535 13880 15980
50535 13880 16293
50535 15090 16616
50535 15090 16703
50535 15465 16761
50535 15465 16791
50535 15465 16821
50535 15615 16840
50535 15615 16840
50535 15615 16864
50535 15615 16866
50535 15615 16871
50535 15615 16880
50535 15615 16897
50535 15615 16925
50535 15615 16957
50535 15675 16985
50535 15775 16998
50535 15775 16998
50535 15775 16998
50535 15775 16998
50535 15775 17033
50535 15775 17037
50535 15775 17044
50535 15775 17059
50535 15775 17090
50535 15775 17151
50535 15775 17227
50535 15775 17303
50535 16155 17352
50535 16155 17367
50535 16155 17374
50535 16155 17416
50535 16155 17458
50535 16155 17542
50535 16155 17685
50535 16155 17841
50535 16155 18019
50535 16800 18084
50535 16845 18140
50535 17095 18173
50535 17095 18173
50535 17095 18173
50535 17095 18194
50535 17095 18197
50535 17095 18204
50535 17095 18217
50535 17095 18242
50535 17095 18293
50535 17095 18357
50535 17095 18421
50535 17415 18463
50535 17415 18463
50535 17415 18463
50535 17415 18463
50535 17415 18463
50535 17415 18463
50535 17415 18636
50535 17415 18638
50535 17415 18643
50535 17415 18931
50535 17415 18962
50535 17415 19024
50535 17415 19107
50535 17415 19208
50535 17670 19300
50535 17670 19389
50535 17810 19468
50535 18100 19505
50535 18100 19519
50535 18100 19533
50535 18170 19542
50535 18170 19542
50535 18170 19542
50535 18170 19542
50535 18170 19542
50535 18170 19542
50535 18170 19542
50535 18170 19542
50535 18170 19542
50535 18170 19542
50535 18170 19542
50535 18170 19542
50535 18170 19542
50535 18170 19542
50535 18170 19713
50535 18170 19713
50535 18170 19715
50535 18170 19719
50535 18170 19725
50535 18170 19739
50535 18170 19756
50535 18170 19773
50535 18255 19796
50535 18255 19801
50535 18255 19812
50535 18255 19834
50535 18255 19877
50535 18255 19963
50535 18255 20244
50535 18255 20353
50535 18795 20429
50535 18795 20438
50535 18795 20455
50535 18795 20489
50535 18795 20538
50535 18795 20616
50535 18895 20693
50535 18895 20765
50535 19255 20812
50535 19255 20812
50535 19255 20812
50535 19255 20812
50535 19255 20812
50535 19255 20812
50535 19255 20812
50535 19255 20812
50535 19255 21112
50535 19255 21112
50535 19255 21112
50535 19255 21112
50535 19255 21113
50535 19255 21113
50535 19255 21114
50535 19255 21115
50535 19260 21116
50535 19260 21116
50535 19260 21116
50535 19260 21116
53545 19260 21459
53545 19260 21461
53545 19260 21465
53545 19260 21473
53545 19260 21502
53545 19260 21538
53545 19260 21580
53545 19260 21623
53545 19465 21649
53545 19465 21657
53545 19465 21672
53545 19465 21684
53545 19515 21692
53545 19515 21698
53545 19515 21710
53545 19515 21733
53545 19515 21762
53545 19515 21962
53545 19660 21981
53545 19660 21982
53545 19660 21986
53545 19660 21993
53545 19660 22008
53545 19660 22026
53545 19660 22044
53545 19750 22055
53545 19750 22055
53545 19750 22062
53545 19750 22064
53545 19750 22068
53865 19750 22417
53865 19750 22439
53865 19750 22483
53865 19750 22542
53865 19750 22704
53865 19940 22808
53865 19940 22912
53865 19940 23019
53865 20455 23083
53865 20455 23097
53865 20455 23115
53865 20455 23133
53865 20545 23145
53865 20545 23145
53865 20545 23145
53865 20545 23145
53865 20545 23145
53865 20545 23145
53865 20545 23145
53865 20545 23145
53865 20545 23145
53865 20545 23145
53865 20545 23145
53865 20545 23145
53865 20545 23145
53865 20545 23145
53865 20545 23145
53865 20545 23145
53865 20545 23145
53865 20545 23145
53865 20545 23145
53865 20545 23145
53865 20545 23145
53865 20545 23145
53865 20545 23145
53865 20545 23145
53865 20545 23145
53865 20545 23145
53865 20545 23145
53865 20545 23145
53865 20545 23145
53865 20545 23145
53865 20545 23145
53865 20545 23145
53865 20545 23145
53865 20545 23145
53865 20545 23145
53865 20545 23145
53865 20545 23145
53865 20545 23145
53865 20545 23145
53865 20545 23145
53865 20545 23145
53865 20545 23145
53865 20545 23145
53865 20545 23145
53865 20545 23145
53865 20545 23145
53865 20545 23145
53865 20545 23145
53865 20545 23145
53865 20545 23145
53865 20545 23145
53865 20545 23145
53865 20545 23457
53865 20545 23458
53865 20545 23458
53865 20545 23460
53865 20545 23463
53865 20545 23468
53865 20545 23475
53865 20545 23482
53865 20580 23487
53865 20580 23487
53865 20580 23487
53865 20580 23487
53865 20580 23487
53865 20580 23582
53865 20580 23594
53865 20580 23617
53865 20580 23664
53865 20580 23756
53865 20580 23942
53865 20580 24174
53865 20580 24406
53865 21740 24557
53865 21740 24557
53865 21740 24557
53865 21740 24557
53865 21740 24557
53865 21740 24557
53865 21740 24557
53865 21740 24557
53865 21740 24557
53865 21740 24557
53865 21740 24557
53865 21740 24557
53865 21740 24557
53865 21740 24557
53865 21740 24557
53865 21740 24557
53865 21740 24874
53865 21740 24937
53865 21740 25062
53865 21740 25314
53865 21740 25816
53865 21740 26821
53865 21740 28077
53865 21740 29333
53865 28020 30149
53865 28020 30149
53865 28020 30149
53865 28020 30149
53865 28020 30149
53865 28020 30149
53865 28020 30149
53865 28020 30149
53865 28020 30149
53865 28020 30149
53865 28020 30181
53865 28020 30202
53865 28020 30244
53865 28020 30329
53865 28020 30499
53865 28020 30838
53865 28020 31262
53865 28020 31686
53865 30140 31962
53865 30140 31962
53865 30140 31962
53865 30140 31962
53865 30140 31962
53865 30140 31962
53865 30140 32005
53865 30140 32013
53865 30140 32029
53865 30140 32062
53865 30140 32177
53865 30140 32317
53865 30140 32485
53865 30140 32657
53865 30955 32764
53865 30955 32800
53865 30955 32845
53865 30955 33109
53865 31180 33374
53865 31180 33468
53865 31180 33657
53865 31180 34036
53865 31180 34668
53865 31180 35314
53865 34275 36001
53865 34275 36036
53865 34445 36058
53865 34445 36062
53865 34445 36070
53865 34445 36086
53865 34445 36106
53865 34445 36140
53865 34545 36153
53865 34545 36156
53865 34545 36162
53865 34545 36174
53865 34545 36198
53865 34545 36228
53865 34545 36258
53865 34695 36278
53865 34695 36278
53865 34695 36278
53865 34695 36278
53865 34695 36278
53865 34695 36278
53865 34695 36278
53865 34695 36286
53865 34695 36290
53865 34695 36298
53865 34695 36315
53865 34695 36347
53865 34695 36412
53865 34695 36675
53865 34695 36757
53865 35100 36808
53865 35100 36812
53865 35100 36820
53865 35100 36837
53865 35100 36858
53865 35100 36879
53865 35205 36893
53865 35205 36893
53865 35205 37073
53865 35205 37076
53865 35205 37237
53865 35205 37306
53865 35205 37341
53865 35205 37407
53865 35205 37480
53865 35205 37565
53865 35500 37623
53865 35500 37683
53865 35520 37739
53865 35800 37775
53865 35800 37775
53865 35800 37775
53865 35800 37775
53865 35800 37775
53865 35800 37775
53865 35800 37775
53865 35800 37775
53865 35800 37777
53865 35800 37779
53865 35800 37783
53865 35800 37791
53865 35800 37807
53865 35800 37839
53865 35800 37879
53865 35800 37919
53865 36000 38033
53865 36000 38040
53865 36000 38052
53865 36000 38078
53865 36000 38128
53865 36000 38230
53865 36000 38357
53865 36000 38484
53865 36635 38567
53865 36635 38567
53865 36635 38567
53865 36635 38567
53865 36635 38567
53865 36635 38567
53865 36635 38567
53865 36635 38567
53865 36635 38567
53865 36635 38567
53865 36635 38567
53865 36635 38567
53865 36635 38567
53865 36635 38567
53865 36635 38571
53865 36635 38575
53865 36635 38583
53865 36635 38600
53865 36635 38633
53865 36635 38699
53865 36635 38782
53865 36635 38865
53865 37050 38919
53865 37050 39004
53865 37050 39039
53865 37050 39109
53865 37050 39250
53865 37050 39531
53865 37050 40094
53865 37050 40797
53865 37050 41500
53865 40565 41956
53865 40565 41956
53865 40565 41956
53865 40565 41956
53865 40565 41956
53865 40565 41956
53865 40565 41956
53865 40565 41956
53865 40565 41956
53865 40565 41956
53865 40565 41956
53865 40565 41956
53865 40565 41956
53865 40565 41956
53865 40565 41956
53865 40565 41956
53865 40565 41956
53865 40565 41956
53865 40565 41956
53865 40565 41956
53865 40565 41956
53865 40565 41956
53865 40565 41956
53865 40565 42044
53865 40565 42052
53865 40565 42194
53865 40565 42359
53865 40565 42495
53865 40565 42750
53865 40565 43097
53865 40565 43602
53865 41385 44342
53865 41970 45031
53865 41970 45626
53865 44775 46004
53865 44775 46141
53865 44775 46329
53865 44775 46527
53865 45505 46674
53865 45765 46708
53865 45765 46708
53865 45765 46708
53865 45765 46755
53865 45765 46790
53865 45765 46860
53865 45765 47000
53865 45765 47280
53865 45765 47840
53865 45765 48540
53865 45765 49240
53865 49265 49695
53865 49265 49695
53865 49265 49695
53865 49265 49695
53865 49265 49695
53865 49265 49695
53865 49265 49695
53865 49265 49695
53865 49265 49695
53865 49265 49695
53865 49265 49695
53865 49265 49695
53865 49265 49695
53865 49265 49737
53865 49265 49746
53865 49265 49754
53865 49265 49771
53865 49265 49806
53865 49265 49873
53865 49265 49999
53865 49305 50197
53865 49305 50350
53865 50045 50449
53865 50045 50469
53865 50045 50509
53915 50045 50627
53915 50045 50725
53915 50045 50823
53915 50535 50880
53915 50535 50880
53915 50535 50880
53915 50535 50880
53915 50535 50880
53915 50535 50880
53915 50535 50880
54435 50535 50919
54435 50535 50921
54935 50535 50968
54935 50535 50988
54935 50535 51029
54935 50535 51109
54935 50535 51232
54935 50535 51487
54935 50725 51707
54935 50725 51965
54935 51785 52105
54935 51785 52142
54935 51785 52229
54935 51785 52328
54935 51855 52456
54935 51925 52598
54935 52435 52725
54935 52435 52794
54935 52445 52871
54935 52445 52973
54935 52805 53031
54935 52805 53061
54935 52805 53117
54935 52925 53156
54935 52925 53204
54935 52925 53268
54935 53085 53335
54935 53085 53384
54935 53215 53418
54935 53215 53446
54935 53355 53473
54935 53355 53474
54935 53355 53477
54935 53355 53483
54935 53355 53492
54935 53355 53512
54935 53355 53543
54935 53355 53581
54935 53465 53589
54935 53465 53590
54935 53465 53593
54935 53465 53597
54935 53465 53604
54935 53465 53612
54935 53475 53618
54935 53505 53622
54935 53505 53622
54935 53505 53622
54935 53505 53622
54935 53505 53622
54935 53505 53635
54935 53505 53649
54935 53505 53649
54935 53505 53657
54935 53505 53661
54935 53505 53683
54935 53505 53716
54935 53505 53750
54935 53505 53811
54935 53545 53871
54935 53545 53944
54935 53735 53992
54935 53865 54042
54935 53865 54084
54935 53915 54127
54935 53915 54167
54935 54115 54193
54935 54115 54193
54935 54115 54193
54935 54115 54193
54935 54115 54193
54935 54115 54193
54935 54115 54193
54935 54115 54198
54935 54115 54198
54935 54115 54199
54935 54115 54200
54935 54115 54207
54935 54115 54212
54935 54115 54221
54935 54115 54229
54935 54135 54239
54935 54135 54255
54935 54135 54271
54935 54135 54287
54935 54215 54291
54935 54215 54291
54935 54215 54291
54935 54215 54291
54935 54215 54291
54935 54215 54291
54935 54215 54291
54935 54215 54295
54935 54215 54295
54935 54215 54302
54935 54215 54305
54935 54215 54312
54935 54215 54325
54935 54215 54347
54935 54215 54383
54935 54245 54423
54935 54245 54461
54935 54435 54485
54935 54435 54485
54935 54435 54485
54935 54435 54485
54935 54435 54487
54935 54435 54488
54935 54435 54489
54935 54435 54491
54935 54435 54495
54935 54435 54503
54935 54435 54517
54935 54435 54527
54935 54485 54533
54935 54485 54536
54935 54485 54537
54935 54485 54540
54935 54485 54545
54935 54485 54554
54935 54485 54573
54935 54485 54597
54935 54485 54621
54935 54605 54637
54935 54605 54637
54935 54605 54637
54935 54605 54637
54935 54605 54637
54935 54605 54637
54935 54605 54637
54935 54605 54637
54935 54605 54637
54935 54605 54637
54935 54605 54637
54935 54605 54637
54935 54605 54637
54935 54605 54637
54935 54605 54637
54935 54605 54637
54935 54605 54637
54935 54605 54637
54935 54605 54637
54935 54605 54638
54935 54605 54639
54935 54605 54639
54935 54605 54641
54935 54605 54648
54935 54605 54654
54935 54605 54663
54935 54605 54674
54935 54645 54679
54935 54645 54680
54935 54645 54682
54935 54645 54684
54935 54655 54685
54935 54655 54685
54935 54655 54685
54935 54655 54688
54935 54655 54689
54935 54655 54690
54935 54655 54694
54935 54655 54703
54935 54655 54716
54935 54655 54732
54935 54655 54749
54935 54735 54759
54935 54735 54761
54935 54735 54761
54935 54735 54763
54935 54735 54765
54935 54735 54772
54935 54735 54782
54935 54735 54794
54935 54735 54807
54935 54795 54814
54935 54795 54816
54935 54795 54818
54935 54795 54820
54935 54805 54821
54935 54805 54822
54935 54805 54822
54935 54805 54822
54935 54805 54822
54935 54805 54822
54935 54805 54822
54935 54805 54822
54935 54805 54822
54935 54805 54822
54935 54805 54822
54935 54805 54822
54935 54805 54822
54935 54805 54822
54935 54805 54822
54935 54805 54822
54935 54805 54822
54935 54805 54822
54935 54805 54822
54935 54805 54824
54935 54805 54824
54935 54805 54825
54935 54805 54826
54935 54805 54830
54935 54805 54836
54935 54805 54844
54935 54805 54852
54935 54845 54857
54935 54845 54857
54935 54845 54857
54935 54845 54857
54935 54845 54857
54935 54845 54857
54935 54845 54857
54935 54845 54857
54935 54845 54857
54935 54845 54857
54935 54845 54857
54935 54845 54857
54935 54845 54857
54935 54845 54857
54935 54845 54857
54935 54845 54857
54935 54845 54859
54935 54845 54860
54935 54845 54861
54935 54845 54864
54935 54845 54870
54935 54845 54878
54935 54845 54888
54935 54865 54897
54935 54895 54901
54935 54895 54901
54935 54895 54901
54935 54895 54901
54935 54895 54901
54935 54895 54901
54935 54895 54901
54935 54895 54901
54935 54895 54901
54935 54895 54901
54935 54895 54901
54935 54895 54901
54935 54895 54901
54935 54895 54901
54935 54895 54901
54935 54895 54901
54935 54895 54901
54935 54895 54901
54935 54895 54901
54935 54895 54902
54935 54895 54902
54935 54895 54903
54935 54895 54906
54935 54895 54911
54935 54895 54917
54935 54895 54923
54935 54925 54927
54935 54925 54927
54935 54925 54928
54935 54925 54929
54935 54925 54931
54935 54925 54933
54935 54925 54935
54935 54935 54935
54935 54935 54935
54935 54935 54935
54935 54935 54935
54935 54935 54935
54935 54935 54935
54935 54935 54935
54935 54935 54935
54935 54935 54935
54935 54935 54935
54935 54935 54935
54935 54935 54935
54935 54935 54935
54935 54935 54935
54935 54935 54935
54935 54935 54935
54935 54935 54935
54935 54935 54935
54935 54935 54935
54935 54935 54935
54935 54935 54935
54935 54935 54935
54935 54935 54935
54935 54935 54935
54995 54935 54936
54995 54935 54936
55195 54935 54938
55195 54935 54938
55195 54935 54938
55195 54935 54938
55195 54935 54938
55195 54935 54938
55195 54935 54941
55195 54935 54941
55195 54935 54943
55195 54935 54946
55195 54935 54946
55195 54935 54949
55195 54935 54949
55195 54935 54951
55195 54935 54952
55195 54935 54957
55195 54935 54957
55195 54935 54957
55195 54935 54960
55195 54935 54960
55195 54935 54960
55195 54935 54960
55195 54935 54960
55195 54935 54963
55195 54935 54963
55195 54935 54963
55195 54935 54966
55195 54935 54966
55195 54935 54966
55195 54935 54966
55195 54935 54966
55225 54935 54970
55225 54935 54975
55225 54935 54981
55225 54935 54997
55225 54935 55013
55225 54935 55030
55225 54995 55046
55225 54995 55062
55225 54995 55088
55225 55025 55122
55225 55045 55153
55225 55135 55179
55225 55135 55191
55225 55195 55197
55225 55195 55198
55225 55195 55198
55225 55195 55198
55225 55195 55198
55225 55195 55198
55325 55195 55199
55325 55195 55200
55325 55195 55200
55325 55195 55202
55325 55195 55206
55325 55195 55206
55325 55195 55206
55325 55195 55207
55325 55195 55208
55325 55195 55209
55325 55195 55211
55325 55195 55217
55325 55195 55226
55325 55195 55236
55325 55225 55240
55325 55225 55240
55325 55225 55241
55325 55225 55242
55325 55225 55244
55325 55225 55248
55325 55225 55256
55325 55225 55273
55325 55225 55293
55325 55225 55313
55325 55325 55325
55325 55325 55325
55325 55325 55325
55325 55325 55325
55325 55325 55325
55325 55325 55325
55325 55325 55325
55325 55325 55325
55325 55325 55325
55325 55325 55325
55325 55325 55325
55325 55325 55325
55325 55325 55325
55325 55325 55325
55325 55325 55325
55325 55325 55325
55325 55325 55325
55325 55325 55325
55325 55325 55325
55325 55325 55325
55325 55325 55325
55325 55325 55325
55325 55325 55325
55325 55325 55325
55325 55325 55325
55325 55325 55325
55325 55325 55325
55325 55325 55325
55325 55325 55325
55325 55325 55325
55325 55325 55325
55325 55325 55325
55325 55325 55325
55325 55325 55325
55325 55325 55325
55325 55325 55325
55325 55325 55325
55325 55325 55325
55325 55325 55325
55325 55325 55325
55325 55325 55325
55325 55325 55325
55325 55325 55325
55325 55325 55325
55325 55325 55325
55325 55325 55325
55325 55325 55325
55325 55325 55325
55325 55325 55325
55325 55325 55325
55325 55325 55325
55325 55325 55325
55325 55325 55325
55325 55325 55325
55325 55325 55325
55325 55325 55325
55325 55325 55325
55325 55325 55325
55325 55325 55325
55325 55325 55325
55325 55325 55325
55325 55325 55325
55325 55325 55325
55325 55325 55325
55325 55325 55325
55325 55325 55325
55325 55325 55325
55325 55325 55325
55325 55325 55325
55325 55325 55325
55325 55325 55325
55325 55325 55325
55325 55325 55325
55325 55325 55325
55325 55325 55325
55325 55325 55325
55325 55325 55325
55325 55325 55325
55325 55325 55325
55325 55325 55325
55325 55325 55325
55325 55325 55325
55325 55325 55325
55325 55325 55325
55325 55325 55325
55325 55325 55325
55325 55325 55325
55325 55325 55325
55325 55325 55325
55325 55325 55325
55325 55325 55325
55325 55325 55325
55325 55325 55325
55325 55325 55325
55325 55325 55325
55325 55325 55325
55325 55325 55325
55325 55325 55325
55325 55325 55325
55325 55325 55325
55325 55325 55325
55325 55325 55325
55325 55325 55325
55325 55325 55325
55325 55325 55325
55325 55325 55325
55325 55325 55325
55325 55325 55325
55325 55325 55325
55325 55325 55325
55325 55325 55325
55325 55325 55325
55325 55325 55325
55325 55325 55325
55325 55325 55325
55325 55325 55325
55325 55325 55325
55325 55325 55325
55325 55325 55325
55325 55325 55325
55325 55325 55325
55325 55325 55325
55325 55325 55325
55325 55325 55325
55325 55325 55325
55325 55325 55325
55325 55325 55325
55325 55325 55325
55325 55325 55325
55325 55325 55325
55325 55325 55325
55325 55325 55325
55325 55325 55325
55325 55325 55325
55325 55325 55325
55325 55325 55325
55325 55325 55325
55325 55325 55325
55325 55325 55325
55325 55325 55325
55325 55325 55325
55325 55325 55325
55325 55325 55325
55325 55325 55325
55325 55325 55325
55325 55325 55325
55325 55325 55325
55325 55325 55325
55325 55325 55325
55325 55325 55325
55325 55325 55325
55325 55325 55325
55325 55325 55325
55325 55325 55325
55325 55325 55325
55325 55325 55325
55325 55325 55325
55325 55325 55325
55325 55325 55325
55325 55325 55325
55325 55325 55325
55325 55325 55325
55325 55325 55325
55325 55325 55325
55325 55325 55325
55325 55325 55325
55325 55325 55325
55325 55325 55325
55325 55325 55325
55325 55325 55325
55325 55325 55325
55325 55325 55325
55325 55325 55325
55325 55325 55325
55325 55325 55325
55325 55325 55325
55325 55325 55325
55325 55325 55325
55325 55325 55325
55325 55325 55325
55325 55325 55325
55325 55325 55325
55325 55325 55325
55325 55325 55325
55325 55325 55325
55325 55325 55325
55325 55325 55325
55325 55325 55325
55325 55325 55325
55325 55325 55325
55325 55325 55325
55325 55325 55325
55325 55325 55325
55325 55325 55325
55325 55325 55325
55325 55325 55325
55325 55325 55325
55325 55325 55325
55325 55325 55325
55325 55325 55325
55325 55325 55325
55325 55325 55325
55325 55325 55325
55325 55325 55325
55325 55325 55325
55325 55325 55325
55325 55325 55325
55325 55325 55325
55325 55325 55325
55325 55325 55325
55325 55325 55325
55325 55325 55325
55325 55325 55325
55325 55325 55325
55325 55325 55325
55325 55325 55325
55325 55325 55325
55325 55325 55325
55325 55325 55325
55325 55325 55325
55325 55325 55325
55325 55325 55325
55325 55325 55325
55325 55325 55325
55325 55325 55325
55325 55325 55325
55325 55325 55325
55325 55325 55325
55325 55325 55325
55325 55325 55325
55325 55325 55325
55325 55325 55325
55325 55325 55325
55325 55325 55325
55325 55325 55325
55325 55325 55325
55325 55325 55325
55325 55325 55325
55325 55325 55325
55325 55325 55325
55325 55325 55325
55325 55325 55325
55325 55325 55325
55325 55325 55325
55325 55325 55325
55325 55325 55325
55325 55325 55325
55325 55325 55325
55325 55325 55325
55325 55325 55325
55325 55325 55325
55325 55325 55325
55325 55325 55325
55325 55325 55325
55325 55325 55325
55325 55325 55325
55325 55325 55325
55325 55325 55325
55325 55325 55325
55325 55325 55325
55325 55325 55325
55325 55325 55325
55325 55325 55325
55325 55325 55325
55325 55325 55325
55325 55325 55325
55325 55325 55325
55325 55325 55325
55325 55325 55325
55325 55325 55325
55325 55325 55325
55325 55325 55325
55325 55325 55325
55325 55325 55325
55325 55325 55325
55325 55325 55325
55325 55325 55325
55325 55325 55325
55325 55325 55325
55325 55325 55325
55325 55325 55325
55325 55325 55325
55325 55325 55325
55325 55325 55325
55325 55325 55325
55325 55325 55325
55325 55325 55325
55325 55325 55325
55325 55325 55325
55325 55325 55325
55325 55325 55325
55325 55325 55325
55325 55325 55325
55325 55325 55325
55325 55325 55325
55325 55325 55325
55325 55325 55325
55325 55325 55325
55325 55325 55325
55325 55325 55325
55325 55325 55325
55325 55325 55325
55325 55325 55325
55325 55325 55325
55325 55325 55325
55325 55325 55325
55325 55325 55325
55325 55325 55325
55325 55325 55325
55325 55325 55325
55325 55325 55325
55325 55325 55325
55325 55325 55325
55325 55325 55325
55325 55325 55325
55325 55325 55325
55325 55325 55325
55325 55325 55325
55325 55325 55325
55325 55325 55325
55325 55325 55325
55325 55325 55325
55325 55325 55325
55325 55325 55325
55325 55325 55325
55325 55325 55325
55325 55325 55325
55325 55325 55325
55325 55325 55325
55325 55325 55325
55325 55325 55325
55325 55325 55325
55325 55325 55325
55325 55325 55325
55325 55325 55325
55325 55325 55325
55325 55325 55325
55325 55325 55325
55325 55325 55325
55325 55325 55325
55325 55325 55325
55325 55325 55325
55325 55325 55325
55325 55325 55325
55325 55325 55325
55325 55325 55325
55325 55325 55325
55325 55325 55325
55325 55325 55325
55325 55325 55325
55325 55325 55325
55325 55325 55325
55325 55325 55325
55325 55325 55325
55325 55325 55325
55325 55325 55325
55325 55325 55325
55325 55325 55325
55325 55325 55325
55325 55325 55325
55325 55325 55325
55325 55325 55325
55325 55325 55325
55325 55325 55325
55325 55325 55325
55325 55325 55325
55325 55325 55325
55325 55325 55325
55325 55325 55325
55325 55325 55325
55325 55325 55325
55325 55325 55325
55325 55325 55325
55325 55325 55325
55325 55325 55325
55325 55325 55325
55325 55325 55325
55325 55325 55325
55325 55325 55325
55325 55325 55325
55325 55325 55325
55325 55325 55325
55325 55325 55325
55325 55325 55325
55325 55325 55325
55325 55325 55325
55325 55325 55325
55325 55325 55325
55325 55325 55325
55325 55325 55325
55325 55325 55325
55325 55325 55325
55325 55325 55325
55325 55325 55325
55325 55325 55325
55325 55325 55325
55325 55325 55325
55325 55325 55325
55325 55325 55325
55325 55325 55325
55325 55325 55325
55325 55325 55325
55325 55325 55325
55325 55325 55325
55325 55325 55325
55325 55325 55325
55325 55325 55325
55325 55325 55325
55325 55325 55325
55325 55325 55325
55325 55325 55325
55325 55325 55325
55325 55325 55325
55325 55325 55325
55325 55325 55325
55325 55325 55325
55325 55325 55325
55325 55325 55325
55325 55325 55325
55325 55325 55325
55325 55325 55325
55325 55325 55325
55325 55325 55325
55325 55325 55325
55325 55325 55325
55325 55325 55325
55325 55325 55325
55325 55325 55325
55325 55325 55325
55325 55325 55325
55325 55325 55325
55325 55325 55325
55325 55325 55325
55325 55325 55325
55325 55325 55325
55325 55325 55325
55325 55325 55325
55325 55325 55325
55325 55325 55325
55325 55325 55325
55325 55325 55325
55325 55325 55325
55325 55325 55325
55325 55325 55325
55325 55325 55325
55325 55325 55325
55325 55325 55325
55325 55325 55325
55325 55325 55325
55325 55325 55325
55325 55325 55325
55325 55325 55325
55325 55325 55325
55325 55325 55325
55325 55325 55325
55325 55325 55325
55325 55325 55325
55325 55325 55325
55325 55325 55325
55325 55325 55325
55325 55325 55325
55325 55325 55325
55325 55325 55325
55325 55325 55325
55325 55325 55325
55325 55325 55325
55325 55325 55325
55325 55325 55325
55325 55325 55325
55325 55325 55325
55325 55325 55325
55325 55325 55325
55325 55325 55325
55325 55325 55325
55325 55325 55325
55325 55325 55325
55325 55325 55325
55325 55325 55325
55325 55325 55325
55325 55325 55325
55325 55325 55325
55325 55325 55325
55325 55325 55325
55325 55325 55325
55325 55325 55325
55325 55325 55325
55325 55325 55325
55325 55325 55325
55325 55325 55325
55325 55325 55325
55325 55325 55325
55325 55325 55325
55325 55325 55325
55325 55325 55325
55325 55325 55325
55325 55325 55325
55325 55325 55325
55325 55325 55325
55325 55325 55325
55325 55325 55325
55325 55325 55325
55325 55325 55325
55325 55325 55325
55325 55325 55325
55325 55325 55325
55325 55325 55325
55325 55325 55325
55325 55325 55325
55325 55325 55325
55325 55325 55325
55325 55325 55325
55325 55325 55325
55325 55325 55325
55325 55325 55325
55325 55325 55325
55325 55325 55325
55325 55325 55325
55325 55325 55325
55325 55325 55325
55325 55325 55325
55325 55325 55325
55325 55325 55325
55325 55325 55325
55325 55325 55325
55325 55325 55325
55325 55325 55325
55325 55325 55325
55325 55325 55325
55325 55325 55325
55325 55325 55325
55325 55325 55325
55325 55325 55325
55325 55325 55325
55325 55325 55325
55325 55325 55325
55325 55325 55325
55325 55325 55325
55325 55325 55325
55325 55325 55325
55325 55325 55325
55325 55325 55325
55325 55325 55325
55325 55325 55325
55325 55325 55325
55325 55325 55325
55325 55325 55325
55325 55325 55325
55325 55325 55325
55325 55325 55325
55325 55325 55325
55325 55325 55325
55325 55325 55325
55325 55325 55325
55325 55325 55325
55325 55325 55325
55325 55325 55325
55325 55325 55325
55325 55325 55325
55325 55325 55325
55325 55325 55325
55325 55325 55325
55325 55325 55325
55325 55325 55325
55325 55325 55325
55325 55325 55325
55325 55325 55325
55325 55325 55325
55325 55325 55325
55325 55325 55325
55325 55325 55325
55325 55325 55325
55325 55325 55325
55325 55325 55325
55325 55325 55325
55325 55325 55325
55325 55325 55325
55325 55325 55325
55325 55325 55325
55325 55325 55325
55325 55325 55325
55325 55325 55325
55325 55325 55325
55325 55325 55325
55325 55325 55325
55325 55325 55325
55325 55325 55325
55325 55325 55325
55325 55325 55325
55325 55325 55325
55325 55325 55325
55325 55325 55325
55325 55325 55325
55325 55325 55325
55325 55325 55325
55325 55325 55325
55325 55325 55325
55325 55325 55325
55325 55325 55325
55325 55325 55325
55325 55325 55325
55325 55325 55325
55325 55325 55325
55325 55325 55325
55325 55325 55325
55325 55325 55325
55325 55325 55325
55325 55325 55325
55325 55325 55325
55325 55325 55325
55325 55325 55325
55325 55325 55325
55325 55325 55325
55325 55325 55325
55325 55325 55325
55325 55325 55325
55325 55325 55325
55325 55325 55325
55325 55325 55325
55325 55325 55325
55325 55325 55325
55325 55325 55325
55325 55325 55325
55325 55325 55325
55325 55325 55325
55325 55325 55325
55325 55325 55325
55325 55325 55325
55325 55325 55325
55325 55325 55325
55325 55325 55325
55325 55325 55325
55325 55325 55325
55325 55325 55325
55325 55325 55325
55325 55325 55325
55325 55325 55325
55325 55325 55325
55325 55325 55325
55325 55325 55325
55325 55325 55325
55325 55325 55325
55325 55325 55325
55325 55325 55325
55325 55325 55325
55325 55325 55325
55325 55325 55325
55325 55325 55325
55325 55325 55325
55325 55325 55325
55325 55325 55325
55325 55325 55325
55325 55325 55325
55325 55325 55325
55325 55325 55325
55325 55325 55325
55325 55325 55325
55325 55325 55325
55325 55325 55325
55325 55325 55325
55325 55325 55325
55325 55325 55325
55325 55325 55325
55325 55325 55325
55325 55325 55325
55325 55325 55325
55325 55325 55325
55325 55325 55325
55325 55325 55325
55325 55325 55325
55325 55325 55325
55325 55325 55325
55325 55325 55325
55325 55325 55325
55325 55325 55325
55325 55325 55325
55325 55325 55325
55325 55325 55325
55325 55325 55325
55325 55325 55325
55325 55325 55325
55325 55325 55325
55325 55325 55325
55325 55325 55325
55325 55325 55325
55325 55325 55325
55325 55325 55325
55325 55325 55325
55325 55325 55325
55325 55325 55325
55325 55325 55325
55325 55325 55325
55325 55325 55325
55325 55325 55325
55325 55325 55325
55325 55325 55325
55325 55325 55325
55325 55325 55325
55325 55325 55325
55325 55325 55325
55325 55325 55325
55325 55325 55325
55325 55325 55325
55325 55325 55325
55325 55325 55325
55325 55325 55325
55325 55325 55325
55325 55325 55325
55325 55325 55325
55325 55325 55325
55325 55325 55325
55325 55325 55325
55325 55325 55325
55325 55325 55325
55325 55325 55325
55325 55325 55325
55325 55325 55325
55325 55325 55325
55325 55325 55325
55325 55325 55325
55325 55325 55325
55325 55325 55325
55325 55325 55325
55325 55325 55325
55325 55325 55325
55325 55325 55325
55325 55325 55325
55325 55325 55325
55325 55325 55325
55325 55325 55325
55325 55325 55325
55325 55325 55325
55325 55325 55325
55325 55325 55325
55325 55325 55325
55325 55325 55325
55325 55325 55325
55325 55325 55325
55325 55325 55325
55325 55325 55325
55325 55325 55325
55325 55325 55325
55325 55325 55325
55325 55325 55325
55325 55325 55325
55325 55325 55325
55325 55325 55325
55325 55325 55325
55325 55325 55325
55325 55325 55325
55325 55325 55325
55325 55325 55325
55325 55325 55325
55325 55325 55325
55325 55325 55325
55325 55325 55325
55325 55325 55325
55325 55325 55325
55325 55325 55325
55325 55325 55325
55325 55325 55325
55325 55325 55325
55325 55325 55325
55325 55325 55325
55325 55325 55325
55325 55325 55325
55325 55325 55325
55325 55325 55325
55325 55325 55325
55325 55325 55325
55325 55325 55325
55325 55325 55325
55325 55325 55325
55325 55325 55325
55325 55325 55325
55325 55325 55325
55325 55325 55325
55325 55325 55325
55325 55325 55325
55325 55325 55325
55325 55325 55325
55325 55325 55325
55325 55325 55325
55325 55325 55325
55325 55325 55325
55325 55325 55325
55325 55325 55325
55325 55325 55325
55325 55325 55325
55325 55325 55325
55325 55325 55325
55325 55325 55325
55325 55325 55325
55325 55325 55325
55325 55325 55325
55325 55325 55325
55325 55325 55325
55325 55325 55325
55325 55325 55325
55325 55325 55325
55325 55325 55325
55325 55325 55325
55325 55325 55325
55325 55325 55325
55325 55325 55325
55325 55325 55325
55325 55325 55325
55325 55325 55325
55325 55325 55325
55325 55325 55325
55325 55325 55325
55325 55325 55325
55325 55325 55325
55325 55325 55325
55325 55325 55325
55325 55325 55325
55325 55325 55325
55325 55325 55325
55325 55325 55325
55325 55325 55325
55325 55325 55325
55325 55325 55325
55325 55325 55325
55325 55325 55325
55325 55325 55325
55325 55325 55325
55325 55325 55325
55325 55325 55325
55325 55325 55325
55325 55325 55325
55325 55325 55325
55325 55325 55325
55325 55325 55325
55325 55325 55325
55325 55325 55325
55325 55325 55325
55325 55325 55325
55325 55325 55325
55325 55325 55325
55325 55325 55325
55325 55325 55325
55325 55325 55325
55325 55325 55325
55325 55325 55325
55325 55325 55325
55325 55325 55325
55325 55325 55325
55325 55325 55325
55325 55325 55325
55325 55325 55325
55325 55325 55325
55325 55325 55325
55325 55325 55325
55325 55325 55325
55325 55325 55325
55325 55325 55325
55325 55325 55325
55325 55325 55325
55325 55325 55325
55325 55325 55325
55325 55325 55325
55325 55325 55325
55325 55325 55325
55325 55325 55325
55325 55325 55325
55325 55325 55325
55325 55325 55325
55325 55325 55325
55325 55325 55325
55325 55325 55325
55325 55325 55325
55325 55325 55325
55325 55325 55325
55325 55325 55325
55325 55325 55325
55325 55325 55325
55325 55325 55325
55325 55325 55325
55325 55325 55325
55325 55325 55325
55325 55325 55325
55325 55325 55325
55325 55325 55325
55325 55325 55325
55325 55325 55325
55325 55325 55325
55325 55325 55325
55325 55325 55325
55325 55325 55325
55325 55325 55325
55325 55325 55325
55325 55325 55325
55325 55325 55325
55325 55325 55325
55325 55325 55325
55325 55325 55325
55325 55325 55325
55325 55325 55325
55325 55325 55325
55325 55325 55325
55325 55325 55325
55325 55325 55325
55325 55325 55325
55325 55325 55325
55325 55325 55325
55325 55325 55325
55325 55325 55325
55325 55325 55325
55325 55325 55325
55325 55325 55325
55325 55325 55325
55325 55325 55325
55325 55325 55325
55325 55325 55325
55325 55325 55325
55325 55325 55325
55325 55325 55325
55325 55325 55325
55325 55325 55325
55325 55325 55325
55325 55325 55325
55325 55325 55325
55325 55325 55325
55325 55325 55325
55325 55325 55325
55325 55325 55325
55325 55325 55325
55325 55325 55325
55325 55325 55325
55325 55325 55325
55325 55325 55325
55325 55325 55325
55325 55325 55325
55325 55325 55325
55325 55325 55325
55325 55325 55325
55325 55325 55325
55325 55325 55325
55325 55325 55325
55325 55325 55325
55325 55325 55325
55325 55325 55325
55325 55325 55325
55325 55325 55325
55325 55325 55325
55325 55325 55325
55325 55325 55325
55325 55325 55325
55325 55325 55325
55325 55325 55325
55325 55325 55325
55325 55325 55325
55325 55325 55325
55325 55325 55325
55325 55325 55325
55325 55325 55325
55325 55325 55325
55325 55325 55325
55325 55325 55325
55325 55325 55325
55325 55325 55325
55325 55325 55325
55325 55325 55325
55325 55325 55325
55325 55325 55325
55325 55325 55325
55325 55325 55325
55325 55325 55325
55325 55325 55325
55325 55325 55325
55325 55325 55325
55325 55325 55325
55325 55325 55325
55325 55325 55325
55325 55325 55325
55325 55325 55325
55325 55325 55325
55325 55325 55325
55325 55325 55325
55325 55325 55325
55325 55325 55325
55325 55325 55325
55325 55325 55325
55325 55325 55325
55325 55325 55325
55325 55325 55325
55325 55325 55325
55325 55325 55325
55325 55325 55325
55325 55325 55325
55325 55325 55325
55325 55325 55325
55325 55325 55325
55325 55325 55325
55325 55325 55325
55325 55325 55325
55325 55325 55325
55325 55325 55325
55325 55325 55325
55325 55325 55325
55325 55325 55325
55325 55325 55325
55325 55325 55325
55325 55325 55325
55325 55325 55325
55325 55325 55325
55325 55325 55325
55325 55325 55325
55325 55325 55325
55325 55325 55325
55325 55325 55325
55325 55325 55325
55325 55325 55325
55325 55325 55325
55325 55325 55325
55325 55325 55325
55325 55325 55325
55325 55325 55325
55325 55325 55325
55325 55325 55325
55325 55325 55325
55325 55325 55325
55325 55325 55325
55325 55325 55325
55325 55325 55325
55325 55325 55325
55325 55325 55325
55325 55325 55325
55325 55325 55325
55325 55325 55325
55325 55325 55325
55325 55325 55325
55325 55325 55325
55325 55325 55325
55325 55325 55325
55325 55325 55325
55325 55325 55325
55325 55325 55325
55325 55325 55325
55325 55325 55325
55325 55325 55325
55325 55325 55325
55325 55325 55325
55325 55325 55325
55325 55325 55325
55325 55325 55325
55325 55325 55325
55325 55325 55325
55325 55325 55325
55325 55325 55325
55325 55325 55325
55325 55325 55325
55325 55325 55325
55325 55325 55325
55325 55325 55325
55325 55325 55325
55325 55325 55325
55325 55325 55325
55325 55325 55325
55325 55325 55325
55325 55325 55325
55325 55325 55325
55325 55325 55325
55325 55325 55325
55325 55325 55325
55325 55325 55325
55325 55325 55325
55325 55325 55325
55325 55325 55325
55325 55325 55325
55325 55325 55325
55325 55325 55325
55325 55325 55325
55325 55325 55325
55325 55325 55325
