-56700	-51995	-58058
-42760	-57510	-52461
-42760	-54490	-50818
-42760	-53805	-50521
-42760	-54470	-50028
-42760	-53785	-49814
-42760	-55430	-49811
-42760	-54490	-49885
-42760	-56600	-49726
-38480	-54860	-49522
-22530	-55485	-48721
-22530	-54145	-48509
-22530	-55730	-48719
-22530	-55940	-49391
-22530	-56400	-49242
-22530	-54870	-48289
-22530	-55620	-48612
-22530	-55490	-48708
-22530	-54075	-48220
-22530	-54395	-48453
-22530	-53140	-47353
-22530	-55360	-48196
-22530	-54420	-47939
-22530	-55500	-47763
-22530	-57335	-48376
-22530	-53115	-47479
-22530	-53030	-46801
-22530	-56600	-47890
-22530	-54425	-47225
-22530	-53420	-46790
-22530	-54740	-47222
-22530	-55700	-47566
-22530	-55585	-47385
-22530	-55320	-47322
-22530	-56770	-47706
-22530	-54940	-46949
-17765	-56210	-46829
-17765	-53890	-46347
-17765	-52205	-45545
-15880	-53080	-44459
-15880	-56410	-45280
-15880	-55770	-44837
-15880	-56455	-45181
-15880	-54100	-43952
-15880	-53850	-44181
-15880	-56200	-44827
-15880	-57360	-44078
-15880	-53080	-42749
-15880	-56840	-43198
-15880	-54470	-42740
-15830	-53845	-40942
-15830	-54680	-40793
-15830	-52695	-40645
-15830	-54255	-40808
-15830	-56625	-41963
-15830	-54880	-40935
-15830	-56540	-41033
-15830	-54300	-40904
-15830	-54890	-40394
-15830	-55620	-40527
-15830	-53765	-40400
-15830	-55670	-41422
-15830	-56600	-40986
-15830	-55510	-40931
-15830	-53825	-38952
-15830	-54490	-39244
-15830	-55485	-39827
-15830	-56045	-39300
-15830	-54775	-38301
-15830	-55630	-39127
-15830	-56240	-38426
-15830	-55020	-38543
-15830	-56855	-38309
-15830	-57260	-38184
-15830	-55620	-38520
-15830	-56705	-37952
-15830	-54630	-37968
-14910	-56630	-38065
-14910	-57075	-37634
-14910	-56740	-37912
-14910	-55820	-37050
-14910	-55695	-37440
-14910	-56225	-37075
-14910	-54080	-35338
-14910	-54255	-36158
-14910	-54405	-35680
-14910	-55560	-35873
-14910	-56400	-36115
-14910	-54475	-35438
-14910	-55090	-34624
-14910	-55220	-35909
-14910	-56775	-36370
-14910	-56005	-35769
-14910	-54840	-35567
-14910	-55730	-36054
-14910	-55690	-35887
-14910	-54645	-35339
-14910	-55820	-36131
-14910	-55685	-36085
-14910	-54530	-35458
-14910	-55515	-35429
-14910	-54285	-34658
-14910	-54765	-35649
-14910	-55995	-36171
-14910	-55420	-35688
-14910	-52655	-33583
-14910	-54795	-35514
-14910	-55870	-34412
-14910	-54820	-35504
-14910	-55510	-35466
-14910	-53985	-32711
-14910	-56330	-34487
-14910	-54690	-34477
-14910	-54270	-34172
-14910	-55395	-34875
-14910	-54960	-34360
-14910	-54610	-33223
-14910	-54545	-34175
-14910	-55485	-34563
-14910	-54785	-34000
-14910	-52760	-32033
-14910	-54685	-34431
-14910	-54465	-33459
-14910	-55685	-34272
-14910	-55035	-32848
-14910	-55090	-33982
-14910	-54420	-33940
-14910	-54590	-34020
-14910	-52425	-33553
-14910	-53040	-33168
-14910	-54270	-33170
-14910	-55185	-33153
-14910	-53320	-32973
-14910	-56735	-34855
-14910	-53140	-32137
-14910	-53490	-33230
-14910	-53020	-31024
-14910	-55060	-33620
-14910	-54465	-34238
-14910	-53940	-33206
-14910	-54285	-33292
-14910	-55835	-33763
-14910	-53945	-33876
-14910	-52820	-33114
-14910	-54150	-32490
-14910	-55425	-34182
-14910	-57200	-33139
-14910	-54170	-33613
-14910	-55405	-33628
-14910	-55165	-33922
-14910	-55820	-33552
-14910	-54095	-32629
-14910	-54420	-32586
-14910	-55150	-33460
-14910	-51610	-31907
-14910	-52210	-32015
-14910	-54735	-32673
-14910	-55685	-32706
-14910	-54650	-33285
-14910	-53440	-33762
-14910	-55565	-33064
-14910	-52490	-33019
-14910	-52890	-32480
-14910	-54490	-32854
-14910	-52835	-33166
-14910	-54480	-33250
-14910	-55235	-33046
-14910	-53660	-33465
-14910	-55385	-33351
-14910	-54820	-33461
-14910	-54570	-33793
-14910	-52855	-32721
-14910	-53620	-33649
-14910	-55255	-33013
-14910	-53345	-32784
-14910	-55185	-33601
-14910	-53800	-32737
-14910	-55025	-32831
-14910	-56365	-32648
-14910	-52785	-32693
-14910	-56110	-33096
-14910	-52225	-32371
-14910	-53950	-32668
-14910	-53635	-32907
-14910	-54845	-32885
-14910	-55345	-32453
-14910	-56310	-34254
-14910	-52215	-32520
-14910	-54565	-33299
-14910	-53825	-32556
-14910	-55320	-32320
-14375	-52380	-30217
-14375	-52310	-31797
-14375	-51710	-32741
-14375	-53705	-33366
-14375	-51595	-31762
-14375	-53580	-32876
-14375	-54765	-33290
-14375	-53345	-32883
-14375	-55645	-34121
-14375	-53315	-32647
-14375	-55685	-33104
-14375	-53895	-31755
-14375	-55610	-33683
-14375	-54895	-32246
-14375	-54860	-33490
-14375	-53895	-32849
-14375	-55140	-33811
-14375	-53520	-32890
-14375	-53105	-32406
-14375	-54125	-32344
-14375	-52395	-32475
-14375	-52750	-32725
-14375	-52770	-33015
-14375	-54520	-32055
-14375	-53400	-31747
-14375	-55030	-33464
-14265	-51985	-31118
-14265	-52660	-32300
-14265	-53570	-33137
-14265	-53175	-32113
-14265	-54650	-32401
-14265	-53375	-30900
-14265	-53640	-31902
-14265	-55820	-33298
-14265	-54335	-32144
-14265	-52570	-32370
-14265	-53135	-32129
-14265	-54170	-31659
-14265	-55430	-33127
-14265	-54115	-33484
-14265	-53060	-32921
-14265	-53785	-32734
-14265	-52550	-33063
-14265	-52270	-32949
-14265	-54220	-33428
-14265	-56480	-31562
-14265	-53015	-31027
-14265	-53590	-32901
-14265	-53190	-31670
-14265	-54975	-33010
-14265	-54610	-31537
-14265	-52820	-31874
-14265	-55110	-33955
-14265	-55555	-33100
-14265	-55125	-32246
-14265	-52480	-31802
-14265	-53975	-31282
-14265	-57350	-34371
-14265	-52695	-30280
-14265	-55490	-32144
-14265	-55320	-33043
-14265	-52840	-32434
-14265	-51800	-30016
-14265	-55205	-33021
-14265	-52070	-32086
-14265	-54825	-32065
-14265	-55005	-33457
-14265	-54105	-32389
-14265	-52335	-32377
-14265	-54470	-32605
-14265	-52560	-32051
-14265	-51510	-32362
-14265	-52500	-32286
-14265	-53120	-31185
-14265	-55550	-32862
-14265	-53625	-31481
-14265	-54650	-32169
-14265	-53820	-31592
-14265	-52830	-31932
-14265	-52520	-32180
-14265	-54220	-32032
-14265	-53490	-31928
-14265	-52840	-31155
-14265	-54045	-32630
-14265	-53245	-31851
-14265	-52275	-32606
-14265	-52910	-32883
-14265	-56415	-32286
-14265	-54540	-32284
-14265	-54860	-32147
-14265	-55040	-33408
-14265	-54815	-31714
-14265	-53420	-30964
-14265	-52840	-32521
-14265	-53880	-31835
-14265	-54415	-32358
-14265	-53465	-32357
-14265	-53980	-31730
-14265	-54795	-32026
-14265	-54850	-33413
-14265	-53545	-31753
-14265	-52495	-32082
-14265	-51680	-30213
-14265	-54380	-31428
-14265	-52550	-31709
-14265	-53265	-32218
-14265	-55820	-33245
-14265	-52280	-31539
-14265	-52610	-31280
-14265	-53935	-30937
-14265	-54655	-32439
-14265	-55655	-31653
-14265	-54865	-33504
-14265	-51780	-31640
-14265	-52315	-31553
-14265	-52280	-31371
-14265	-53785	-31115
-14265	-54415	-31653
-14265	-53200	-31526
-14265	-53420	-32596
-14265	-53590	-31078
-14265	-55425	-32220
-14265	-52490	-31778
-14265	-56195	-33455
-14265	-52500	-32065
-14265	-54510	-30744
-14265	-54680	-31820
-14265	-53680	-32224
-14265	-55605	-32566
-14265	-53660	-31979
-14265	-55330	-33231
-14265	-53305	-32767
-14265	-52065	-31400
-14265	-55690	-31855
-14265	-53940	-32547
-14265	-55960	-32629
-14265	-56600	-32654
5855	-55030	-31241
5855	-55650	-32273
5855	-54760	-31220
5855	-54430	-31064
5855	-52465	-31418
5855	-55050	-32666
5855	-53840	-31270
5855	-52245	-30423
5855	-55380	-30800
5855	-55005	-32236
5855	-56005	-32396
5855	-54575	-31250
5855	-52170	-30161
5855	-56160	-32589
5855	-56090	-33168
5855	-54235	-30545
5855	-54135	-31300
5855	-52095	-31350
5855	-55135	-32190
5855	-54820	-32049
5855	-53905	-31597
5855	-54225	-31609
5855	-54595	-32183
5855	-53860	-31347
5855	-54920	-29920
5855	-54910	-32780
5855	-55540	-30752
5855	-55355	-32217
5855	-55585	-31912
5855	-54130	-32000
5855	-53455	-31533
5855	-55685	-30646
5855	-53965	-29887
5855	-54285	-31445
5855	-54240	-30914
5855	-54505	-31862
5855	-53820	-31323
5855	-53195	-31081
5855	-54850	-32354
5855	-55350	-32900
5855	-56385	-31741
5855	-53120	-31061
5855	-53980	-29879
5855	-56405	-33231
5855	-54100	-31276
5855	-54035	-31169
5855	-54190	-29728
5855	-54930	-31790
5855	-54380	-31199
5855	-55655	-32176
5855	-55500	-33016
5855	-54295	-30310
5855	-52905	-30383
5855	-57560	-33073
5855	-52940	-30819
5855	-57505	-32810
5855	-52485	-30857
5855	-53625	-31053
5855	-55160	-31463
5855	-55025	-31386
5855	-53340	-30853
5855	-54420	-31430
5855	-52275	-30893
5855	-54140	-31474
5855	-54710	-30929
5855	-55200	-31583
5855	-53950	-30481
5855	-55730	-31975
5855	-52280	-29363
5855	-55340	-31007
5855	-56210	-33053
5855	-55515	-30593
5855	-52370	-30207
5855	-53140	-29790
5855	-55175	-31280
5855	-53450	-31744
5855	-53335	-30918
5855	-54225	-30588
5855	-54510	-29396
5855	-54720	-31718
5855	-54085	-32385
5855	-52145	-31610
5855	-53280	-31259
5855	-53225	-31016
5855	-52280	-30068
5855	-54425	-32123
5855	-52685	-29563
5855	-56430	-32400
5855	-54860	-30987
5855	-53135	-31202
5855	-54610	-32001
5855	-53875	-31255
5855	-52820	-30055
5855	-54565	-29394
5855	-53425	-29916
5855	-54030	-32280
5855	-53700	-31718
5855	-53980	-27822
5855	-52395	-31358
5855	-55810	-30848
5855	-54445	-30011
5855	-54110	-31207
5855	-54770	-30706
5855	-54675	-29137
5855	-55420	-29917
5855	-56055	-30893
5855	-52665	-30653
5855	-54400	-30571
5855	-52635	-30391
5855	-53930	-31180
5855	-53905	-30048
5855	-53260	-30721
5855	-53220	-31440
5855	-55260	-32412
5855	-53635	-31892
5855	-53565	-30233
5855	-52275	-30026
5855	-55375	-32875
5855	-54170	-31956
5855	-52490	-30371
5855	-54690	-31338
5855	-53110	-30897
5855	-54830	-32376
5855	-53830	-30334
5855	-54340	-30605
5855	-52390	-31255
5855	-55670	-32846
5855	-53545	-32229
5855	-55620	-31241
5855	-54210	-30837
5855	-55030	-31426
5855	-52830	-31837
5855	-54685	-30536
5855	-54725	-31293
5855	-52810	-30701
5855	-52340	-30975
5855	-54375	-29621
5855	-54080	-31974
5855	-55255	-31456
5855	-53895	-32389
5855	-53930	-31348
5855	-55005	-32403
5855	-51855	-26473
5855	-53365	-30621
5855	-55045	-31175
5855	-54710	-30025
5855	-53675	-30106
5855	-54125	-30150
5855	-57100	-32168
5855	-56340	-31293
5855	-54295	-30747
5855	-52725	-31888
5855	-53925	-29685
5855	-54350	-31565
5855	-52345	-31789
5855	-51465	-30095
5855	-52880	-31402
5855	-52205	-29608
5855	-54065	-30548
5855	-53230	-30405
5855	-52835	-30570
5855	-55595	-31022
5855	-55025	-31831
5855	-54570	-30037
5855	-52850	-30061
5855	-52730	-29754
5855	-55445	-32456
5855	-54800	-31847
5855	-54435	-29019
5855	-55035	-30763
5855	-53965	-32345
5855	-52875	-30402
5855	-53700	-31073
5855	-55030	-32306
5855	-55210	-31464
5855	-53540	-29921
5855	-56665	-32148
5855	-52060	-30174
5855	-54350	-30494
5855	-53350	-30644
5855	-51680	-30773
5855	-53725	-28831
5855	-53085	-29608
5855	-54400	-31088
5855	-55540	-31985
5855	-54720	-31032
5855	-53290	-29019
5855	-54490	-31255
5855	-52575	-29565
5855	-56085	-29405
5855	-54505	-30885
5855	-52435	-30452
5855	-53205	-31131
5855	-55420	-30085
5855	-54090	-29916
5855	-54535	-31428
5855	-53135	-28856
5855	-53885	-31379
5855	-52460	-31685
5855	-54750	-31003
5855	-55070	-32412
5855	-55015	-29258
5855	-54775	-31078
5855	-53645	-29708
5855	-52500	-29863
5855	-53230	-29664
5855	-52935	-27783
5855	-52625	-29084
5855	-55005	-32021
5855	-53695	-28317
5855	-51585	-28645
5855	-53485	-28994
5855	-54320	-29853
5855	-54655	-30385
5855	-52495	-29654
5855	-54210	-29611
5855	-53840	-29782
5855	-54835	-30715
5855	-53625	-31000
5855	-54490	-30681
5855	-52280	-26579
5855	-52720	-29868
5855	-53140	-28295
5855	-57445	-31287
5855	-56300	-31916
5855	-52920	-31452
5855	-54420	-28849
5855	-52720	-28800
5855	-53525	-29483
5855	-53705	-30006
5855	-55185	-30190
5855	-54290	-30946
5855	-56050	-31940
5855	-53950	-29121
5855	-53205	-29877
5855	-52210	-28999
5855	-54350	-31180
5855	-54020	-31287
5855	-55550	-30225
5855	-55030	-30488
5855	-53695	-31308
5855	-53635	-30867
5855	-54760	-29219
5855	-55130	-29992
5855	-53165	-31710
5855	-54835	-30527
5855	-53925	-29671
5855	-54010	-30706
5855	-55720	-30011
5855	-53555	-31414
5855	-51740	-26935
5855	-52410	-28837
5855	-53625	-31802
5855	-51920	-30010
5855	-52480	-30121
5855	-50820	-28446
5855	-54295	-30515
5855	-54510	-30174
5855	-53975	-31224
5855	-53345	-30729
5855	-52900	-28701
5855	-53105	-27758
5855	-53945	-29601
5855	-57580	-32006
5855	-52610	-31047
5855	-53895	-27923
5855	-55655	-32636
5855	-52540	-28241
5855	-54425	-28706
5855	-54620	-30906
5855	-54420	-31546
5855	-53560	-29416
5855	-52265	-30789
5855	-55035	-31123
5855	-56180	-30835
5855	-53165	-28681
5855	-52590	-29584
5855	-54640	-29322
5855	-52500	-28704
5855	-53500	-30396
5855	-53745	-29556
5855	-52590	-29814
5855	-52745	-28058
5855	-54810	-31377
5855	-52855	-30052
5855	-55685	-30355
5855	-55850	-30925
5855	-54375	-31890
5855	-55080	-29791
5855	-53680	-31513
5855	-55265	-31189
5855	-52820	-31111
5855	-51815	-29010
5855	-55430	-30753
5855	-54785	-31382
5855	-51850	-27564
5855	-54735	-30509
5855	-50410	-29543
5855	-53200	-29254
5855	-54315	-30518
5855	-56295	-29938
5855	-56410	-31486
5855	-54185	-30635
5855	-53975	-29241
5855	-53945	-28409
5855	-55720	-31140
5855	-55525	-30949
5855	-51855	-30077
5855	-55030	-30598
5855	-53535	-29691
5855	-55030	-30352
5855	-53770	-31889
5855	-53230	-29684
5855	-52105	-29758
5855	-52170	-29473
5855	-54670	-28503
5855	-52520	-29995
5855	-51695	-29881
5855	-54820	-30493
5855	-54425	-29754
5855	-56065	-29424
5855	-53790	-31096
5855	-52705	-29848
5855	-52495	-31091
5855	-53875	-27770
5855	-52860	-26849
5855	-53250	-27616
5855	-54965	-31092
5855	-57280	-30338
5855	-54150	-32212
5855	-54340	-28167
5855	-51425	-29800
5855	-54335	-28469
5855	-53120	-28926
5855	-54990	-30467
5855	-54350	-28824
5855	-54070	-29713
5855	-54030	-30787
5855	-53565	-28147
5855	-55955	-29792
5855	-53080	-29225
5855	-52515	-28124
5855	-54750	-29513
5855	-53345	-28939
5855	-55950	-29536
5855	-53855	-29593
5855	-52130	-26480
5855	-54650	-30231
5855	-53220	-28649
5855	-53985	-28968
5855	-54420	-26779
5855	-54015	-29460
5855	-55155	-27896
5855	-55530	-31333
5855	-51195	-29503
5855	-54680	-30153
5855	-54470	-31311
5855	-53450	-28737
5855	-51750	-27377
5855	-55765	-32039
5855	-54275	-30717
5855	-56245	-29874
5855	-55485	-29111
5855	-55450	-27202
5855	-53660	-29465
5855	-52440	-28634
5855	-56265	-27452
5855	-53835	-27578
5855	-54470	-31047
5855	-53575	-26896
5855	-52765	-27849
5855	-55325	-28664
5855	-54390	-28781
5855	-53730	-27942
5855	-54810	-26347
5855	-52660	-27805
5855	-52150	-27149
5855	-52690	-26598
5855	-56965	-31232
5855	-51260	-27432
5855	-51090	-27540
5855	-53625	-27866
5855	-55905	-30630
5855	-52150	-26518
5855	-51510	-28910
5855	-50950	-26657
5855	-53915	-29319
5855	-55510	-28295
5855	-53425	-29457
5855	-55960	-30231
5855	-51135	-23809
5855	-50785	-27388
5855	-51595	-26298
5855	-54035	-29047
5855	-51650	-26752
5855	-53310	-28161
5855	-52235	-27425
5855	-55235	-28726
5855	-53305	-28489
5855	-52300	-29622
5855	-55280	-30277
5855	-52675	-26266
5855	-51430	-26525
5855	-55085	-30238
5855	-51635	-26618
5855	-52800	-26842
5855	-55685	-30468
5855	-52965	-28773
5855	-56560	-28234
5855	-56290	-30487
5855	-51725	-27080
5855	-56950	-28644
5855	-53135	-27877
5855	-50785	-26256
5855	-53280	-28687
5855	-52405	-29176
5855	-55100	-27237
5855	-53945	-28393
5855	-56030	-31870
5855	-53080	-28596
5855	-53275	-26858
5855	-52280	-27040
5855	-53635	-30073
5855	-53375	-26651
5855	-51180	-27466
5855	-52410	-26309
5855	-53005	-26682
5855	-53990	-28316
5855	-52290	-26397
5855	-50685	-26465
5855	-55865	-30903
5855	-55330	-28098
5855	-50610	-25899
5855	-53085	-27324
5855	-52255	-28917
5855	-52610	-29233
5855	-54670	-28643
5855	-52575	-27566
5855	-52410	-25742
5855	-51265	-26302
5855	-53365	-26417
5855	-53195	-27925
5855	-52755	-27033
5855	-53240	-25987
5855	-52485	-27071
5855	-52175	-27302
5855	-51510	-27666
5855	-52860	-27030
5855	-52100	-28364
5855	-54310	-28969
5855	-54810	-28232
5855	-54150	-26748
5855	-53330	-26135
5855	-53575	-27340
5855	-53245	-26797
5855	-51500	-28327
5855	-52100	-27680
5855	-50405	-24365
5855	-55650	-29837
5855	-51530	-29038
5855	-54285	-27897
5855	-52655	-27503
5855	-54095	-26722
5855	-51410	-27717
5855	-52485	-26014
5855	-51250	-25821
5855	-54325	-27761
5855	-54505	-28700
5855	-52265	-28326
5855	-52065	-26200
5855	-52480	-25693
5855	-53785	-26916
5855	-54180	-27329
5855	-51880	-26840
5855	-52685	-25310
5855	-52905	-29211
5855	-51260	-24494
5855	-53985	-27528
5855	-52730	-25152
5855	-54285	-26119
5855	-52740	-26636
5855	-52110	-26034
5855	-52935	-26805
5855	-52000	-25525
5855	-52690	-25154
5855	-52405	-26559
5855	-52460	-26627
5855	-51925	-25261
5855	-54290	-28076
5855	-52435	-26869
5855	-51870	-26786
5855	-52785	-24347
5855	-51315	-27924
5855	-51160	-25543
5855	-50605	-24877
5855	-51110	-24475
5855	-53240	-28355
5855	-52300	-24896
5855	-53790	-28698
5855	-53440	-26715
5855	-54230	-26420
5855	-53295	-26735
5855	-54050	-28928
5855	-52010	-26702
5855	-52685	-26223
5855	-53140	-25389
5855	-51510	-27826
5855	-54455	-28752
5855	-53865	-28621
5855	-51010	-23166
8250	-50345	-22242
8250	-53980	-27691
8250	-51520	-22962
8250	-55205	-24174
8250	-52490	-25336
8250	-51985	-21330
8250	-53225	-25213
8250	-52900	-24821
8250	-54940	-27503
8250	-53775	-24300
8250	-50360	-24222
8250	-54695	-27653
8250	-53840	-27711
8250	-50990	-24672
8250	-51665	-25081
8250	-55100	-25744
8250	-53490	-26921
8250	-52090	-24576
8250	-53035	-24531
8250	-54450	-26800
8250	-53210	-23933
8250	-53120	-26090
8250	-52890	-26383
8250	-51610	-25289
8250	-51510	-24472
8250	-54200	-26927
8250	-54115	-25963
8250	-51250	-25012
8250	-53240	-26089
8250	-52420	-23208
8250	-51515	-26206
8250	-53725	-25561
8250	-52665	-26753
8250	-51720	-23080
8250	-50990	-24010
8250	-53490	-24271
8250	-50365	-24659
8250	-52145	-26159
8250	-52260	-25505
8250	-52965	-26193
8250	-53310	-25446
8250	-52690	-22823
8250	-52490	-23501
8250	-56090	-27416
8250	-54120	-24839
8250	-55820	-25392
8250	-54420	-23221
8250	-52430	-26597
8250	-54475	-27745
8250	-54940	-25473
11185	-53250	-24878
11185	-51880	-23807
11185	-53460	-24183
11185	-53910	-26042
11185	-53040	-22143
11185	-52485	-24852
11185	-53550	-26049
11185	-53065	-22189
11185	-52480	-24318
11185	-54715	-24567
11185	-53240	-25712
11185	-54230	-25055
11185	-54995	-27402
11185	-52810	-24783
11185	-53455	-24156
11185	-52465	-22468
11185	-52920	-24554
11185	-51310	-20858
11185	-52595	-23969
11185	-54420	-24348
11185	-53355	-22109
11185	-55850	-25930
11185	-51620	-21138
11185	-49535	-20446
11185	-54155	-25955
11185	-54040	-24575
11185	-51185	-22393
11185	-52920	-24907
11185	-55110	-24240
11185	-52825	-22161
11185	-52845	-24719
11185	-52980	-25018
11185	-50595	-20232
11185	-52675	-22135
11185	-52645	-22953
11185	-52590	-23911
11185	-53180	-26052
11185	-52960	-24178
11185	-53545	-25142
11185	-55605	-25047
11185	-50200	-24082
11185	-51715	-24032
11185	-53420	-24330
11185	-52245	-25155
11185	-51785	-22555
11185	-52250	-24181
11185	-50415	-22877
11185	-52590	-21831
11185	-50540	-23590
11185	-53660	-23869
11185	-51410	-20619
11185	-52615	-22933
11185	-52995	-23786
11185	-52080	-22252
11185	-50450	-21281
11185	-52590	-22087
11185	-52465	-21154
11185	-53150	-22627
11185	-56155	-24502
11185	-53040	-21456
11185	-51210	-21561
11185	-51335	-22071
11185	-52260	-20894
11185	-50100	-19493
11185	-51610	-21292
11185	-51010	-19726
11185	-53255	-23763
11185	-50025	-21689
11185	-52855	-23810
11185	-50230	-18180
11185	-51670	-22324
11185	-52875	-23035
11185	-51820	-19991
11185	-52045	-23064
11185	-52495	-23682
11185	-49080	-19381
11185	-51730	-23371
11185	-51035	-22534
11770	-53320	-21644
11770	-52135	-22849
11770	-53600	-20613
11770	-52325	-19475
11770	-51420	-20877
11770	-51025	-21022
11770	-51790	-21322
11770	-52000	-17405
11770	-51995	-21249
11770	-50950	-18972
11770	-53475	-21455
11770	-51885	-19718
11770	-54420	-22786
11770	-51630	-20855
11770	-53765	-19653
11770	-52125	-20468
11770	-52740	-21044
11770	-52895	-19526
11770	-50060	-17343
11770	-50720	-19479
11770	-52495	-20375
11770	-50880	-18050
11770	-53375	-20457
11770	-51690	-19595
11770	-50880	-18821
11770	-52495	-19425
11770	-49715	-16207
11770	-51605	-19114
11770	-52215	-19903
11770	-53715	-21021
11770	-50565	-17253
11770	-52175	-17954
11770	-51515	-17616
11770	-51520	-16637
11770	-53665	-18706
11770	-51525	-16146
11770	-51535	-18647
11770	-52500	-19207
11770	-51115	-15785
11770	-51720	-17244
11770	-52280	-17896
11770	-51615	-17984
11770	-52155	-17641
11770	-50630	-14287
11770	-51520	-19565
11770	-51915	-17478
11770	-52115	-17115
11770	-51465	-18679
11770	-50140	-15097
11770	-51380	-16353
11770	-49680	-13304
11770	-53325	-15825
11770	-52435	-16219
11770	-50080	-14356
11770	-51115	-15072
11770	-49830	-12230
11770	-50560	-16650
11770	-51225	-13748
11770	-50850	-15783
11770	-51975	-17141
11925	-53045	-16043
11925	-53590	-15329
11925	-52995	-17591
11925	-51290	-14072
11925	-53155	-16421
11925	-52585	-16956
11925	-51250	-13685
11925	-52930	-13242
11925	-51030	-14958
11925	-53110	-13206
11925	-51440	-13296
11925	-52740	-16104
11925	-53045	-15605
11950	-51895	-12436
11950	-51745	-12125
11950	-51520	-14154
11950	-52480	-16431
11950	-50205	-12752
11950	-52060	-12964
11950	-51115	-14107
11950	-50685	-13685
11950	-52495	-12038
11950	-51055	-13303
11950	-51180	-14733
11950	-50085	-11284
11950	-49560	-12100
11950	-54325	-17658
12250	-49885	-12323
12250	-50805	-13907
12520	-51115	-10216
12520	-51640	-11306
12520	-53400	-12797
12520	-50685	-13592
12520	-52820	-11316
12520	-54545	-13265
12520	-52420	-12316
12520	-50135	-13221
12520	-50170	-9884
12520	-48255	-6736
12520	-50115	-10978
12520	-51340	-11905
12520	-51760	-11370
12520	-50555	-13078
12520	-49495	-9034
12520	-50075	-7735
12520	-50555	-10733
12520	-51115	-11785
12520	-48625	-10930
12520	-50205	-10068
12520	-51655	-11650
12520	-50695	-9387
12520	-50125	-10017
13090	-49355	-9695
13090	-50275	-11367
13090	-51655	-11068
13090	-49520	-8601
13090	-51965	-12020
13475	-52245	-12055
13475	-51780	-9187
13475	-50535	-9484
13475	-48795	-7799
13475	-49560	-11619
13475	-49590	-10941
13475	-50210	-8957
13475	-46200	-4804
13475	-50920	-13609
13475	-50585	-12177
13475	-49065	-8963
13720	-48965	-7927
13720	-49830	-8891
13720	-52170	-10203
13720	-49585	-9336
13720	-51925	-9870
13720	-50855	-9423
13720	-50535	-7093
13720	-49265	-8713
13720	-49710	-7814
13720	-49820	-9911
13720	-50320	-11943
13720	-49620	-7735
13720	-51145	-11806
13760	-50900	-6900
13760	-50655	-11017
13760	-51410	-9922
13770	-49845	-6865
13770	-50240	-10139
14085	-50560	-11537
14085	-49845	-6200
14540	-49900	-5815
14540	-48805	-4747
14540	-49190	-7062
14540	-50580	-7067
14540	-49720	-7291
14540	-47730	-1871
14540	-50275	-6480
14540	-50535	-10169
14540	-50810	-6267
14720	-50810	-5653
14870	-49385	-4876
14870	-51085	-11179
14870	-50370	-6916
14870	-51095	-8167
14870	-50280	-7989
14870	-48570	130
14870	-49690	-5400
14870	-49835	-5465
14870	-50030	-7318
14870	-51845	-12240
14870	-49435	-6347
15640	-46530	1052
15640	-50210	-7513
15640	-48265	-2207
15640	-50000	-5666
15640	-48970	-3577
15640	-49110	-6400
15640	-49695	-3676
15640	-49710	-879
15640	-50950	-10421
15640	-49795	-5810
15640	-51090	-10665
15640	-51460	-12634
15640	-47915	-1282
15640	-49845	-5231
15640	-49445	-5265
15640	-51090	-5874
15640	-49465	-4321
15640	-40100	4510
15640	-50390	-3339
15640	-49200	-8828
15640	-48920	-3729
15910	-50040	-3108
15910	-37170	1613
15910	-49145	-4077
15910	-48890	-4528
15910	-48470	1814
15910	-47930	733
15910	-51300	-3361
15910	-48400	-2996
15910	-50890	-8397
15910	-49560	-3848
15910	-49495	-868
15910	-50275	-6697
15910	-50250	-7048
15910	-48530	-2840
15910	-47500	-1593
15910	-48010	-348
15910	-49710	-4049
15910	-50150	-8794
15910	-50655	-5380
15910	-49560	-8642
15910	-50655	-4841
15910	-49985	-4314
15910	-49240	-4951
15910	-49200	-3503
15910	-48470	-2172
15910	-49370	-7225
15910	-48630	-2403
15910	-48775	-4668
15910	-49690	-5863
15910	-50220	-5847
15910	-51365	-5160
16035	-50140	-4947
16035	-49360	-1463
16035	-51490	-4906
16035	-48580	505
16035	-47745	2993
16035	-49730	-5474
16035	-49235	-3333
16035	-51960	-6244
16035	-48475	-1942
16035	-51410	-1649
16035	-47510	1980
16165	-50445	-5350
16165	-49805	-5400
16165	-50040	-3529
16165	-48940	-4394
16270	-48955	1744
16625	-48990	-2934
16625	-50350	-1416
16625	-50990	-3441
16625	-50325	-3269
16625	-49365	-6310
16625	-48050	4122
16625	-48320	1784
16625	-50455	-2972
16625	-51410	-4833
16625	-48820	-367
16625	-48195	2678
16625	-50745	-3172
16625	-46700	2309
16625	-48840	-2118
16625	-49825	439
16625	-48110	360
16625	-50110	-2342
16625	-50145	-2529
16965	-48185	4430
16965	-49280	1137
16965	-48045	1147
16965	-50010	-3262
16965	-50040	-1954
16965	-49740	-2326
16965	-48970	689
16965	-49360	2067
16965	-49195	3324
16965	-49195	-1226
16965	-49900	-3285
16965	-49945	-3500
16965	-48890	764
16965	-20965	6956
16965	-50180	-3074
16965	-47960	333
16965	-50935	-1434
16965	-49680	2091
16965	-49460	-930
16965	-48565	3758
16965	-49735	-864
16965	-48315	-3433
16965	-47145	5328
16965	-49600	-2546
17560	-46695	5323
17560	-50040	-406
17560	-44170	2996
18735	-49245	164
21020	-47590	5131
21020	-45960	3990
21020	-45475	2243
21020	-45905	4930
21020	-48050	1464
21020	-20420	7056
21350	-48695	229
21350	-49535	682
21350	-47545	1367
21350	-47555	1587
21350	-47610	3674
21350	-48560	17
21350	-39620	5523
21350	-20715	7039
21350	-44375	4217
21350	-32355	7352
21350	-24980	7541
21365	-48195	2931
21365	-44130	8085
21365	-47145	3331
21365	-43035	5143
21365	-23595	9743
30345	-45360	2761
30345	-48460	970
30345	-45630	9250
30345	-46880	5955
30345	-44300	4928
30345	-49320	4532
30345	-44605	3820
30345	-47075	4495
30345	-49360	3278
30345	-47505	5304
30345	-46675	3416
30345	-47750	5957
30345	-19750	9473
30345	-20585	11463
30345	-42625	4306
30345	-45880	11361
30345	-45240	3420
30345	-48970	4172
31270	-18885	11458
31270	-47800	3257
31270	-47300	4985
31270	-47510	6153
31270	-20920	11621
31270	-19595	7084
31270	-37990	10313
31270	-47955	2630
31270	-44430	10696
31270	-47760	6645
42465	-29405	11267
42465	-34955	11906
42465	-28520	11927
42465	-45170	8229
42465	-47960	8677
42465	-24205	11457
42465	-49070	11524
42465	-49350	8020
42465	-38220	12993
42465	-13250	17288
42465	-16760	17911
42465	-47210	11198
42835	-49410	14694
42835	-49685	11746
44705	-25140	17825
44705	-32390	14562
44705	-47115	11974
44705	-34185	17068
44705	-28505	18110
44715	-23975	19525
44715	-34510	19201
44715	-37250	22351
44715	-48235	20844
44715	-20130	22886
44715	-26005	23635
44715	-21775	20957
44715	-21355	26824
44715	-26785	23030
44715	-19205	30204
44715	-48575	16896
44715	-25795	26428
44715	-29985	23876
44715	-33430	19196
45235	-19435	26876
45235	-20785	23905
45235	-28290	24237
45235	-13195	32653
45235	-21505	29288
45235	-21060	27972
45565	-18705	31432
45565	-19645	26001
45565	-26600	27570
45565	-16905	29650
45565	-1520	31715
45625	-32240	26421
45625	-20985	29200
45625	-18470	29385
45625	-18905	26677
45625	-17855	29097
45625	-29135	21784
45625	-20165	28854
45625	-30885	24789
45625	-18375	31020
45825	-20175	26145
45825	-16775	31174
45825	-27695	27097
45825	-19935	27287
45825	-20425	32421
46145	-17105	30148
46145	-19295	28933
46145	-18745	28768
46345	-14235	31895
46345	-19655	27453
46345	-17705	26872
46345	-16145	31016
46345	-18485	29668
46345	-22300	27683
46345	-17045	29453
46345	-21655	23198
46345	-21735	26999
46345	-18315	33131
46345	-17875	34220
46345	-17895	31176
46345	-20645	27544
46345	-13465	36216
46345	-4865	33303
46345	-22050	30118
46475	-19820	35663
46475	10150	36711
46475	-16995	31143
46475	-18050	32744
46475	-31135	26991
46475	-17635	29842
46475	-20225	32936
46475	-22755	31604
46475	-20715	32603
46475	-22520	32396
46475	-27395	27763
46475	-17635	33005
46475	9935	37721
46475	-18445	31613
46475	-15760	33065
46475	-21405	30755
46475	-24910	28106
46475	-15990	35837
46475	-17425	34671
46475	-21630	31807
46475	-24095	27829
46475	-17090	34216
46475	-17445	33837
46475	-19735	30644
46475	-17845	34413
46475	-16320	38298
46475	-19545	36998
46475	-17845	38383
46475	16500	44913
46475	-17845	34452
46605	-14540	39385
46605	-13290	33967
46605	-17345	36874
46605	12145	41382
46605	9145	39853
46605	14660	39095
46605	-17845	36347
46605	10420	39365
46605	-5170	37823
46605	1365	36240
46605	-3970	37551
46605	-17785	30462
46605	-20235	34277
46605	-17455	31201
46605	10995	38570
46605	-12980	34035
46605	-17505	33447
46605	-9105	36030
46605	-19735	29407
46605	11675	39298
46605	-12595	36332
46605	-17295	36333
46605	-19615	34432
46605	9115	37900
46735	-18955	33059
46735	10960	38308
46735	-18715	38330
46735	-27135	33437
46735	15000	40520
46735	-21130	34270
46735	-6215	38021
46735	11175	40174
46735	-18105	33783
46735	11855	41006
46735	11205	40305
46735	11175	37723
46735	9685	37979
46735	11645	40870
46735	-13860	35540
46735	9685	38873
46735	-14360	35654
46735	-19105	35904
46735	-16140	34418
46735	9415	42084
46735	14615	41058
46735	-14325	38601
46735	10975	41383
46735	-7510	36907
46735	11205	37583
46735	-19475	33607
46735	-16745	35716
46735	11135	40015
46735	-18085	35236
46735	11205	37742
46735	-17165	34054
46735	13940	42967
46735	11205	37556
46735	14405	41247
46735	-15525	38713
46735	-21660	36937
46735	-16380	39369
46735	9385	40098
46735	18190	45738
46735	15895	44907
46735	11235	42852
46735	9280	38722
46735	17005	46128
46735	15965	44604
46735	15875	44281
46735	11545	41435
46735	15000	44216
46735	-54125	27959
46735	14615	43053
46735	14670	44245
46735	14700	44520
46735	10915	41183
46735	12665	40998
46735	16035	44899
46735	14225	42284
46735	9315	41321
46735	46735	46735
46735	14795	42456
46735	14795	43964
46735	11855	44157
46735	15000	43752
46735	-17865	39777
46735	-18105	36832
46735	14700	44259
46735	46735	46735
46735	46735	46735
46735	46735	46735
46735	13775	44799
46735	17115	46135
46735	16140	44350
46735	46735	46735
46735	14800	44862
46735	11105	42912
46735	15915	44911
46735	46735	46735
46735	46735	46735
46735	46735	46735
46735	14800	44865
46735	15855	44816
46735	46735	46735
46735	15915	46113
46735	46605	46732
46735	46735	46735
46735	11205	44042
46735	46735	46735
46735	46375	46728
46735	46735	46735
46735	11205	42805
46735	16900	45571
46735	16390	46081
46735	46735	46735
46735	11245	41519
46735	13775	44170
46735	46735	46735
46735	16585	45527
46735	46735	46735
46735	46735	46735
46735	46735	46735
46735	46735	46735
46735	46735	46735
46735	46735	46735
46735	46735	46735
46735	46735	46735
46735	46735	46735
46735	46735	46735
46735	46735	46735
46735	46735	46735
46735	46735	46735
46735	46735	46735
46735	46735	46735
46735	46735	46735
46735	46735	46735
46735	46735	46735
46735	46735	46735
46735	46735	46735
46735	46735	46735
46735	46735	46735
46735	46735	46735
46735	46735	46735
46735	46735	46735
46735	46735	46735
46735	46735	46735
46735	46735	46735
46735	46735	46735
46735	46735	46735
46735	46735	46735
46735	46735	46735
46735	46735	46735
46735	46735	46735
46735	46735	46735
46735	46735	46735
46735	46735	46735
46735	46735	46735
46735	46735	46735
46735	46735	46735
46735	46735	46735
46735	46735	46735
46735	46735	46735
46735	46735	46735
46735	46735	46735
46735	46735	46735
46735	46735	46735
46735	46735	46735
46735	46735	46735
46735	46735	46735
46735	46735	46735
46735	46735	46735
46735	46735	46735
46735	46735	46735
46735	46735	46735
46735	46735	46735
46735	46735	46735
46735	46735	46735
46735	46735	46735
46735	46735	46735
46735	46735	46735
46735	46735	46735
46735	46735	46735
46735	46735	46735
46735	46735	46735
46735	46735	46735
46735	46735	46735
46735	46735	46735
46735	46735	46735
46735	46735	46735
46735	46735	46735
46735	46735	46735
46735	46735	46735
46735	46735	46735
46735	46735	46735
46735	46735	46735
46735	46735	46735
46735	46735	46735
46735	46735	46735
46735	46735	46735
46735	46735	46735
46735	46735	46735
46735	46735	46735
46735	46735	46735
46735	46735	46735
46735	46735	46735
46735	46735	46735
46735	46735	46735
46735	46735	46735
46735	46735	46735
46735	46735	46735
46735	46735	46735
46735	46735	46735
46735	46735	46735
46735	46735	46735
46735	46735	46735
46735	46735	46735
46735	46735	46735
46735	46735	46735
46735	46735	46735
46735	46735	46735
46735	46735	46735
46735	46735	46735
46735	46735	46735
46735	46735	46735
46735	46735	46735
46735	46735	46735
46735	46735	46735
46735	-53935	37042
46735	46735	46735
46735	46735	46735
46735	46735	46735
46735	46735	46735
46735	46735	46735
46735	46735	46735
46735	46735	46735
46735	46735	46735
46735	46735	46735
46735	46735	46735
46735	46735	46735
46735	46735	46735
46735	46735	46735
46735	46735	46735
46735	46735	46735
46735	46735	46735
46735	46735	46735
46735	46735	46735
46735	46735	46735
46735	46735	46735
46735	46735	46735
46735	46735	46735
46735	46735	46735
46735	46735	46735
46735	46735	46735
46735	46735	46735
46735	46735	46735
46735	46735	46735
46735	46735	46735
46735	46735	46735
46735	46735	46735
46735	46735	46735
46735	46735	46735
46735	46735	46735
46735	46735	46735
46735	-59665	38501
46735	46735	46735
46735	46735	46735
46735	46735	46735
46735	46735	46735
46735	46735	46735
46735	46735	46735
46735	46735	46735
46735	46735	46735
46735	46735	46735
46735	46735	46735
46735	46735	46735
46735	46735	46735
46735	46735	46735
46735	46735	46735
46735	46735	46735
46735	46735	46735
46735	46735	46735
46735	46735	46735
46735	46735	46735
46735	46735	46735
46735	46735	46735
46735	46735	46735
46735	46735	46735
46735	46735	46735
46735	46735	46735
46735	46735	46735
46735	46735	46735
46735	46735	46735
46735	46735	46735
46735	46735	46735
46735	46735	46735
46735	46735	46735
46735	46735	46735
46735	-52105	42789
46735	46735	46735
46735	46735	46735
46735	46735	46735
46735	46735	46735
46735	46735	46735
46735	46735	46735
46735	46735	46735
46735	46735	46735
46735	46735	46735
46735	46735	46735
46735	46735	46735
46735	46735	46735
46735	46735	46735
46735	46735	46735
46735	46735	46735
46735	46735	46735
46735	46735	46735
46735	46735	46735
46735	46735	46735
46735	46735	46735
46735	46735	46735
46735	46735	46735
46735	46735	46735
46735	46735	46735
46735	46735	46735
46735	46735	46735
46735	46735	46735
46735	46735	46735
46735	46735	46735
46735	46735	46735
46735	46735	46735
46735	46735	46735
46735	46735	46735
46735	46735	46735
46735	46735	46735
46735	46735	46735
46735	46735	46735
46735	46735	46735
46735	46735	46735
46735	46735	46735
46735	-53265	40799
46735	-48010	44840
46735	46735	46735
46735	46735	46735
46735	46735	46735
46735	46735	46735
46735	46735	46735
46735	46735	46735
46735	-54265	42823
46735	46735	46735
46735	46735	46735
46735	46735	46735
46735	46735	46735
46735	46735	46735
46735	46735	46735
46735	46735	46735
46735	46735	46735
46735	46735	46735
46735	46735	46735
46735	46735	46735
46735	46735	46735
46735	46735	46735
46735	46735	46735
46735	-58990	42861
46735	46735	46735
46735	46735	46735
46735	46735	46735
46735	46735	46735
46735	46735	46735
46735	46735	46735
46735	46735	46735
46735	46735	46735
46735	46735	46735
46735	46735	46735
46735	46735	46735
46735	46735	46735
46735	46735	46735
46735	46735	46735
46735	46735	46735
46735	46735	46735
46735	46735	46735
46735	46735	46735
46735	46735	46735
46735	46735	46735
46735	46735	46735
46735	46735	46735
46735	46735	46735
46735	46735	46735
46735	-41645	44967
46735	46735	46735
46735	-53295	44734
46735	46735	46735
46735	46735	46735
46735	46735	46735
46735	46735	46735
46735	46735	46735
46735	46735	46735
46735	46735	46735
46735	46735	46735
46735	46735	46735
46735	46735	46735
46735	46735	46735
46735	46735	46735
46735	46735	46735
46735	46735	46735
46735	46735	46735
46735	46735	46735
46735	46735	46735
46735	46735	46735
46735	46735	46735
46735	46735	46735
46735	46735	46735
46735	46735	46735
46735	46735	46735
46735	46735	46735
46735	46735	46735
46735	46735	46735
46735	46735	46735
46735	-52655	42768
46735	46735	46735
46735	46735	46735
46735	-52785	42792
46735	46735	46735
46735	46735	46735
46735	46735	46735
46735	46735	46735
46735	46735	46735
46735	46735	46735
46735	46735	46735
46735	46735	46735
46735	46735	46735
46735	46735	46735
46735	46735	46735
46735	46735	46735
46735	46735	46735
46735	46735	46735
46735	46735	46735
46735	46735	46735
46735	46735	46735
46735	-41245	44975
46735	46735	46735
46735	46735	46735
46735	46735	46735
46735	46735	46735
46735	46735	46735
46735	46735	46735
46735	46735	46735
46735	46735	46735
46735	46735	46735
46735	46735	46735
46735	46735	46735
46735	46735	46735
46735	46735	46735
46735	46735	46735
46735	46735	46735
46735	46735	46735
46735	46735	46735
46735	46735	46735
46735	46735	46735
46735	46735	46735
46735	46735	46735
46735	46735	46735
46735	46735	46735
46735	46735	46735
46735	46735	46735
46735	46735	46735
46735	-52145	44757
46735	46735	46735
46735	46735	46735
46735	46735	46735
46735	46735	46735
46735	46735	46735
46735	46735	46735
46735	46735	46735
46735	46735	46735
46735	46735	46735
46735	46735	46735
46735	46735	46735
46735	46735	46735
46735	46735	46735
46735	46735	46735
46735	46735	46735
46735	46735	46735
46735	46735	46735
46735	46735	46735
46735	-58450	42643
46735	46735	46735
46735	46735	46735
46735	46735	46735
46735	46735	46735
46735	46735	46735
46735	46735	46735
46735	46735	46735
46735	46735	46735
46735	46735	46735
46735	46735	46735
46735	-52245	44755
46735	46735	46735
46735	46735	46735
46735	46735	46735
46735	46735	46735
46735	46735	46735
46735	46735	46735
46735	-53265	40777
46735	-52245	42837
46735	-62505	38382
46735	46735	46735
46735	46735	46735
46735	46735	46735
46735	46735	46735
46735	46735	46735
46735	46735	46735
46735	46735	46735
46735	46735	46735
46735	46735	46735
46735	46735	46735
46735	46735	46735
46735	46735	46735
46735	46735	46735
46735	46735	46735
46735	-52245	44755
46735	46735	46735
46735	46735	46735
46735	46735	46735
46735	46735	46735
46735	46735	46735
46735	46735	46735
46735	46735	46735
46735	46735	46735
46735	46735	46735
46735	46735	46735
46735	46735	46735
46735	46735	46735
46735	46735	46735
46735	46735	46735
46735	46735	46735
46735	46735	46735
46735	46735	46735
46735	46735	46735
46735	46735	46735
46735	46735	46735
46735	46735	46735
46735	46735	46735
46735	46735	46735
46735	46735	46735
46735	46735	46735
46735	46735	46735
46735	46735	46735
46735	46735	46735
46735	46735	46735
46735	46735	46735
46735	46735	46735
46735	46735	46735
46735	46735	46735
46735	46735	46735
46735	46735	46735
46735	46735	46735
46735	46735	46735
46735	46735	46735
46735	46735	46735
46735	46735	46735
46735	-53935	42712
46735	46735	46735
46735	46735	46735
46735	46735	46735
46735	46735	46735
46735	46735	46735
46735	46735	46735
46735	46735	46735
46735	46735	46735
46735	-60110	42621
46735	46735	46735
46735	46735	46735
46735	46735	46735
46735	46735	46735
46735	46735	46735
46735	46735	46735
46735	46735	46735
46735	46735	46735
46735	46735	46735
46735	46735	46735
46735	46735	46735
46735	46735	46735
46735	-58725	42617
46735	46735	46735
46735	46735	46735
46735	-52105	44758
46735	-62505	34279
46735	46735	46735
46735	46735	46735
46735	46735	46735
46735	46735	46735
46735	46735	46735
46735	46735	46735
46735	46735	46735
46735	46735	46735
46735	46735	46735
