-9505 -7780 -8995
-5355 -8440 -7871
-5355 -8060 -7447
-5355 -7595 -7199
-5355 -7405 -7046
-5260 -7230 -6884
-5065 -7115 -6744
-4710 -6945 -6581
-4710 -6800 -6472
-4710 -6645 -6366
-3795 -6535 -6269
-3795 -6470 -6156
-2915 -6365 -6001
-2915 -6275 -5867
-2915 -6145 -5752
-2915 -6050 -5651
-980 -5965 -5499
-280 -5855 -5306
-280 -5700 -5148
-280 -5515 -4983
-280 -5315 -4843
-280 -5185 -4714
-280 -5065 -4617
-280 -4880 -4516
-280 -4805 -4430
-280 -4710 -4356
-280 -4675 -4268
-280 -4570 -4179
-280 -4435 -4102
-280 -4325 -4055
-280 -4260 -4003
-280 -4220 -3958
-280 -4150 -3898
-280 -4115 -3861
-280 -4055 -3817
-280 -4020 -3769
-280 -4015 -3730
-280 -3945 -3662
-280 -3875 -3619
-280 -3860 -3584
-280 -3805 -3548
-280 -3775 -3506
-280 -3740 -3459
-280 -3660 -3413
-280 -3605 -3395
-280 -3570 -3373
-280 -3570 -3358
-280 -3550 -3341
-280 -3550 -3314
-280 -3520 -3295
280 -3495 -3259
280 -3440 -3233
280 -3440 -3216
280 -3395 -3194
280 -3395 -3177
280 -3395 -3149
280 -3390 -3101
280 -3375 -3055
280 -3310 -3004
280 -3190 -2976
280 -3180 -2947
280 -3120 -2921
280 -3105 -2897
280 -3105 -2875
280 -3055 -2856
280 -3030 -2838
280 -3000 -2811
280 -2985 -2797
280 -2950 -2772
280 -2950 -2760
280 -2945 -2743
280 -2945 -2724
280 -2890 -2706
280 -2890 -2689
280 -2855 -2673
280 -2825 -2659
280 -2825 -2650
280 -2795 -2640
280 -2795 -2629
280 -2795 -2609
280 -2795 -2579
280 -2770 -2552
280 -2655 -2526
280 -2655 -2523
280 -2655 -2517
280 -2655 -2503
280 -2655 -2481
280 -2655 -2456
280 -2655 -2427
280 -2560 -2415
280 -2545 -2403
280 -2510 -2395
280 -2510 -2388
280 -2510 -2380
280 -2475 -2376
280 -2475 -2376
280 -2475 -2373
280 -2475 -2372
280 -2475 -2371
280 -2470 -2370
280 -2470 -2370
280 -2470 -2368
280 -2470 -2368
280 -2470 -2362
280 -2470 -2362
280 -2470 -2359
280 -2470 -2357
280 -2470 -2351
280 -2470 -2348
280 -2460 -2345
280 -2460 -2342
280 -2460 -2339
280 -2455 -2333
280 -2455 -2323
280 -2455 -2310
280 -2455 -2296
280 -2390 -2274
280 -2390 -2274
280 -2390 -2273
280 -2390 -2271
280 -2390 -2268
280 -2390 -2261
280 -2390 -2244
280 -2385 -2229
280 -2385 -2215
280 -2315 -2205
280 -2315 -2198
280 -2315 -2193
280 -2315 -2185
280 -2315 -2175
280 -2315 -2164
280 -2270 -2155
280 -2270 -2143
650 -2270 -2118
650 -2270 -2108
650 -2220 -2101
650 -2220 -2100
650 -2220 -2094
650 -2220 -2090
650 -2220 -2083
650 -2220 -2076
650 -2210 -2070
650 -2185 -2065
650 -2185 -2061
650 -2185 -2050
650 -2185 -2045
650 -2160 -2042
650 -2160 -2039
650 -2160 -2029
650 -2160 -2014
650 -2160 -2006
650 -2160 -1996
650 -2140 -1985
650 -2130 -1973
650 -2130 -1956
650 -2110 -1934
650 -2070 -1913
650 -2070 -1905
650 -2035 -1899
650 -2035 -1897
650 -2035 -1893
650 -2035 -1888
650 -2025 -1884
650 -2015 -1871
650 -2015 -1869
650 -2010 -1867
650 -2010 -1859
650 -2005 -1855
650 -2005 -1846
650 -2005 -1829
650 -2005 -1811
650 -2005 -1790
965 -1930 -1760
965 -1930 -1749
965 -1930 -1737
965 -1880 -1733
965 -1875 -1729
965 -1875 -1724
965 -1870 -1715
965 -1870 -1705
965 -1870 -1695
965 -1820 -1689
965 -1820 -1688
965 -1820 -1688
965 -1820 -1688
965 -1820 -1687
965 -1820 -1680
965 -1820 -1678
965 -1820 -1674
965 -1820 -1670
965 -1820 -1666
965 -1800 -1663
965 -1800 -1661
965 -1800 -1644
965 -1800 -1636
965 -1795 -1631
965 -1795 -1626
965 -1780 -1620
965 -1780 -1610
965 -1780 -1596
965 -1780 -1582
965 -1765 -1569
965 -1715 -1567
965 -1705 -1565
965 -1705 -1564
965 -1705 -1556
965 -1705 -1555
965 -1705 -1551
965 -1705 -1547
965 -1705 -1529
965 -1705 -1514
965 -1705 -1498
965 -1705 -1473
965 -1630 -1462
965 -1630 -1453
965 -1625 -1441
965 -1610 -1430
965 -1610 -1416
965 -1570 -1401
965 -1570 -1387
965 -1570 -1373
965 -1500 -1364
965 -1500 -1358
965 -1500 -1358
965 -1500 -1357
965 -1500 -1355
965 -1500 -1352
965 -1500 -1346
965 -1500 -1334
965 -1500 -1319
965 -1500 -1304
965 -1425 -1295
965 -1425 -1291
965 -1425 -1291
965 -1425 -1284
965 -1425 -1283
965 -1425 -1282
965 -1425 -1281
965 -1425 -1277
965 -1425 -1271
965 -1425 -1257
965 -1425 -1231
965 -1425 -1210
965 -1340 -1198
965 -1340 -1197
965 -1340 -1196
965 -1340 -1193
965 -1340 -1188
965 -1340 -1172
965 -1330 -1163
965 -1310 -1142
965 -1310 -1133
965 -1300 -1109
965 -1300 -1078
965 -1300 -1046
965 -1210 -1013
965 -1205 -991
965 -1150 -962
965 -1150 -930
965 -1150 -896
965 -1070 -867
965 -980 -854
965 -980 -848
965 -980 -831
965 -980 -817
965 -980 -802
965 -910 -793
965 -910 -790
965 -910 -785
965 -910 -777
965 -910 -768
965 -895 -760
965 -865 -756
965 -865 -754
965 -865 -753
965 -865 -750
965 -865 -748
2130 -860 -721
2130 -860 -715
2130 -860 -703
2130 -860 -688
2130 -860 -669
2130 -820 -654
2130 -785 -639
2130 -785 -628
2130 -760 -621
2130 -730 -617
2130 -730 -617
2130 -730 -617
2130 -730 -617
2130 -730 -617
2130 -730 -617
2130 -730 -617
2130 -730 -617
2130 -730 -617
2130 -730 -617
2130 -730 -617
2130 -730 -617
2130 -730 -610
2130 -730 -610
2130 -730 -609
2130 -730 -606
2130 -730 -602
2130 -730 -588
2130 -730 -570
2130 -730 -549
2130 -730 -527
2130 -625 -514
2130 -625 -511
2130 -625 -503
2130 -625 -497
2130 -625 -490
2130 -595 -486
2130 -595 -484
2130 -595 -481
2130 -595 -475
2130 -595 -467
2130 -595 -454
2130 -555 -449
2130 -555 -449
2130 -555 -448
2130 -555 -448
2130 -555 -446
2130 -555 -443
2130 -555 -439
2130 -555 -435
2130 -535 -431
2130 -535 -428
2130 -535 -427
2130 -535 -427
2130 -535 -425
2130 -535 -417
2130 -535 -411
2130 -535 -403
2130 -535 -393
2130 -520 -386
2130 -490 -380
2130 -490 -376
2130 -490 -369
2130 -490 -362
2130 -460 -358
2130 -460 -357
2130 -460 -356
2130 -460 -351
2130 -460 -347
2130 -460 -340
2130 -460 -332
2130 -445 -325
2130 -430 -316
2130 -430 -301
2130 -430 -282
2130 -430 -263
2130 -335 -250
2130 -335 -250
2130 -335 -250
2130 -335 -250
2130 -335 -248
2130 -335 -248
2130 -335 -248
2130 -335 -247
2130 -335 -246
2130 -335 -245
2130 -335 -244
2130 -335 -242
2130 -335 -239
2130 -330 -235
2130 -330 -228
2130 -330 -219
2130 -330 -210
2130 -285 -204
2130 -285 -204
2215 -285 -191
2215 -285 -191
2215 -285 -191
2215 -285 -191
2215 -285 -191
2215 -285 -190
2215 -285 -190
2215 -285 -188
2215 -285 -187
2215 -280 -187
2215 -280 -187
2215 -280 -186
2215 -280 -184
2215 -280 -182
2215 -280 -180
2215 -280 -178
2215 -270 -166
2215 -270 -165
2215 -270 -160
2215 -270 -156
2215 -270 -151
2215 -250 -148
2215 -250 -145
2215 -250 -140
2215 -250 -133
2215 -245 -126
2215 -235 -117
2215 -210 -114
2215 -210 -114
2215 -210 -113
2215 -210 -109
2215 -210 -107
2215 -210 -104
2215 -205 -101
2215 -205 -98
2215 -195 -89
2215 -195 -84
2215 -195 -76
2215 -195 -69
2215 -160 -58
2215 -160 -56
2215 -160 -53
2215 -160 -49
2215 -160 -41
2215 -140 -38
2215 -140 -37
2215 -140 -36
2215 -140 -27
2215 -135 -26
2215 -135 -25
2215 -135 -14
2215 -135 -9
2215 -135 2
2215 -135 31
2215 -135 53
2215 -135 76
2215 -30 83
2215 -30 86
2215 -20 89
2215 -20 91
2215 -20 95
2215 -20 98
2215 -5 101
2215 -5 103
2215 -5 105
2215 -5 109
2215 5 113
2215 5 128
2215 5 136
2215 5 144
2215 30 151
2215 30 161
2215 30 173
2215 30 184
2215 75 189
2215 75 196
2215 75 202
2215 95 208
2215 95 217
2215 95 227
2215 95 240
2215 135 254
2215 135 267
2215 135 280
2215 200 289
2215 200 289
2215 200 291
2215 200 292
2215 200 295
2215 200 295
2215 200 296
2215 200 298
2215 200 301
2215 200 307
2215 200 315
2215 230 321
2215 230 321
2215 230 322
2215 230 324
2215 230 328
2215 230 334
2215 230 346
2215 240 352
2215 265 355
2215 265 359
2215 265 366
2215 265 372
2215 265 376
2215 265 383
2215 265 393
2215 280 402
2215 280 411
2215 315 417
2215 315 420
2215 325 421
2215 330 422
2215 330 426
2215 330 426
2215 330 426
2215 330 427
2215 330 427
2215 330 429
2215 330 432
2215 330 436
2215 330 440
2215 350 443
2215 350 443
2215 350 450
2215 350 450
2215 350 450
2215 350 451
2215 350 453
2215 350 456
2215 350 462
2215 350 471
2215 350 479
2215 390 484
2215 390 485
2215 390 486
2215 390 489
2215 390 494
2215 390 516
2215 390 530
2215 390 543
2215 455 552
2215 455 555
2215 455 563
2215 455 570
2215 455 577
2215 485 582
2215 490 589
2215 490 589
2215 490 589
2215 490 589
2215 490 589
2215 490 589
2215 490 589
2215 490 589
2215 490 589
2215 490 596
2215 490 596
2215 490 596
2215 490 601
2215 490 610
2215 490 612
2215 490 620
2215 490 627
2215 490 638
2215 490 650
2215 510 662
2215 545 668
2215 550 673
2215 550 678
2215 550 683
2215 575 693
2215 575 695
2215 575 696
2215 575 702
2215 575 710
2215 575 721
2215 575 736
2215 575 753
2215 635 771
2215 635 783
2215 650 806
2215 650 825
2230 710 854
2230 710 873
2230 750 885
2230 750 902
2230 750 933
2230 750 966
2230 750 1002
2230 890 1017
2230 890 1031
2230 925 1035
2230 945 1039
2230 945 1040
2230 945 1041
2230 945 1044
2230 945 1050
2230 945 1061
2230 945 1071
2230 965 1080
2230 965 1088
2230 1005 1093
2230 1005 1093
2230 1005 1093
2230 1005 1093
2230 1005 1093
2230 1005 1093
2230 1005 1093
2230 1005 1093
2230 1005 1093
2230 1005 1096
2230 1005 1097
2230 1005 1097
2230 1005 1098
2230 1005 1099
2230 1005 1103
2230 1005 1109
2230 1005 1120
2230 1005 1131
2230 1045 1136
2230 1045 1137
2230 1045 1142
2230 1045 1147
2230 1045 1156
2230 1045 1167
2230 1065 1180
2230 1065 1192
2230 1100 1207
2230 1100 1216
2230 1100 1227
2230 1140 1232
2230 1140 1236
2230 1155 1239
2230 1155 1245
2230 1155 1251
2230 1155 1256
2230 1175 1261
2230 1175 1265
2230 1175 1279
2255 1175 1301
2255 1175 1326
2255 1215 1351
2255 1215 1372
2255 1290 1385
2255 1290 1398
2255 1305 1411
2255 1305 1425
2255 1345 1431
2255 1370 1437
2255 1370 1442
2255 1370 1449
2255 1370 1456
2255 1405 1461
2255 1405 1461
2255 1405 1462
2255 1405 1462
2255 1405 1463
2255 1405 1469
2255 1405 1473
2255 1405 1483
2255 1405 1495
2255 1405 1507
2255 1460 1517
2275 1460 1525
2275 1460 1531
2275 1460 1536
2275 1485 1541
2275 1485 1543
2275 1485 1550
2275 1485 1555
2275 1485 1561
2275 1505 1563
2275 1515 1565
2275 1515 1565
2275 1515 1566
2275 1515 1567
2275 1515 1568
2275 1520 1569
2275 1520 1569
2275 1520 1569
2275 1520 1569
2275 1520 1569
2275 1520 1569
2275 1520 1569
2275 1520 1569
2275 1520 1570
2275 1520 1570
2275 1520 1572
2275 1520 1574
2275 1520 1577
2275 1520 1580
2275 1530 1581
2275 1530 1582
2275 1535 1582
2275 1535 1586
2275 1535 1586
2275 1535 1588
2275 1535 1589
2275 1535 1590
2275 1535 1592
2275 1535 1597
2275 1535 1603
2275 1540 1607
2275 1555 1609
2275 1555 1610
2275 1560 1611
2275 1560 1611
2275 1560 1612
2275 1560 1613
2275 1560 1616
2275 1565 1617
2275 1565 1617
2275 1565 1620
2275 1565 1622
2275 1565 1624
2275 1565 1630
2275 1565 1636
2275 1565 1643
2275 1595 1648
2275 1595 1650
2275 1595 1652
2275 1605 1654
2275 1605 1654
2275 1605 1654
2275 1605 1654
2275 1605 1654
2275 1605 1655
2275 1605 1657
2275 1605 1659
2275 1605 1661
2275 1615 1662
2275 1615 1662
2275 1615 1662
2275 1615 1662
2275 1615 1662
2275 1615 1662
2275 1615 1662
2275 1615 1662
2275 1615 1662
2275 1615 1662
2275 1615 1662
2275 1615 1662
2275 1615 1662
2275 1615 1662
2275 1615 1663
2275 1615 1663
2275 1615 1663
2275 1615 1663
2275 1615 1664
2275 1615 1664
2275 1615 1665
2275 1615 1666
2275 1615 1667
2275 1620 1667
2275 1620 1667
2275 1620 1667
2275 1620 1667
2275 1620 1669
2275 1620 1669
2275 1620 1669
2275 1620 1669
2275 1620 1669
2275 1620 1670
2275 1620 1671
2275 1620 1674
2275 1620 1676
2275 1625 1678
2275 1625 1680
2275 1625 1685
2275 1625 1691
2275 1625 1699
2275 1645 1704
2275 1645 1709
2275 1665 1712
2275 1665 1717
2275 1665 1722
2275 1665 1733
2275 1665 1747
2275 1665 1760
2275 1730 1768
2275 1730 1771
2275 1730 1773
2275 1730 1775
2275 1740 1777
2275 1740 1777
2275 1740 1777
2275 1740 1778
2275 1740 1779
2275 1740 1781
2275 1745 1782
2275 1745 1782
2275 1745 1782
2275 1745 1782
2275 1745 1782
2275 1745 1783
2275 1745 1784
2275 1745 1785
2275 1750 1786
2275 1750 1786
2275 1750 1786
2275 1750 1786
2275 1750 1786
2275 1750 1786
2275 1750 1787
2275 1750 1787
2275 1750 1787
2275 1750 1788
2275 1750 1788
2275 1750 1790
2275 1750 1792
2275 1750 1795
2275 1750 1798
2275 1765 1800
2275 1765 1800
2275 1765 1800
2275 1765 1800
2275 1765 1800
2275 1765 1800
2275 1765 1801
2275 1765 1801
2275 1765 1801
2275 1765 1802
2275 1765 1803
2275 1765 1806
2275 1765 1810
2275 1765 1815
2275 1770 1820
2275 1790 1822
2275 1790 1822
2275 1790 1822
2275 1790 1822
2275 1790 1824
2275 1790 1824
2275 1790 1825
2275 1790 1826
2275 1790 1827
2335 1790 1832
2335 1790 1838
2375 1790 1847
2410 1790 1857
2410 1815 1861
2410 1815 1866
2410 1820 1873
2410 1820 1883
2410 1835 1890
2410 1850 1896
2410 1865 1899
2410 1865 1899
2410 1865 1901
2410 1865 1903
2410 1865 1905
2410 1865 1909
2410 1870 1914
2410 1870 1922
2410 1870 1935
2410 1895 1944
2410 1915 1951
2410 1915 1953
2410 1925 1956
2410 1925 1957
2410 1925 1959
2410 1925 1961
2410 1925 1964
2410 1935 1967
2410 1935 1970
2410 1935 1974
2410 1935 1978
2410 1955 1980
2410 1955 1980
2410 1955 1980
2410 1955 1980
2410 1955 1980
2410 1955 1980
2445 1955 1983
2445 1955 1983
2445 1955 1983
2445 1955 1983
2445 1955 1985
2445 1955 1993
2445 1955 1995
2445 1955 2000
2445 1955 2008
2445 1960 2018
2445 1960 2029
2445 1990 2039
2445 2000 2045
2445 2015 2048
3220 2025 2056
3220 2025 2056
3220 2025 2056
3220 2025 2056
3220 2025 2056
3220 2025 2056
3220 2025 2057
3220 2025 2064
3220 2025 2068
3220 2030 2069
3220 2030 2070
3220 2030 2070
3220 2030 2072
3220 2030 2081
3220 2030 2085
3220 2035 2089
3220 2045 2091
3220 2050 2092
3220 2050 2092
3220 2050 2096
3220 2050 2097
3220 2050 2098
3220 2055 2099
3220 2055 2100
3220 2055 2101
3220 2055 2102
3220 2055 2103
3220 2055 2106
3220 2060 2111
3220 2060 2112
3220 2060 2113
3350 2060 2121
3350 2065 2122
3350 2065 2123
3350 2065 2126
3350 2065 2130
3350 2065 2134
3350 2080 2136
3350 2080 2138
3350 2080 2140
3350 2090 2147
3350 2090 2147
3350 2090 2154
3350 2090 2154
3350 2090 2155
3350 2090 2156
3350 2090 2158
3350 2090 2167
3350 2095 2173
3420 2095 2188
3420 2100 2194
3420 2105 2214
3420 2105 2228
3420 2120 2245
3420 2130 2270
3420 2155 2285
3420 2215 2298
3420 2215 2301
3420 2220 2306
3420 2220 2314
3420 2225 2317
3420 2225 2320
3420 2230 2323
3420 2240 2331
3420 2240 2333
3420 2240 2335
3420 2250 2345
3420 2250 2347
3420 2250 2351
3420 2250 2357
3420 2250 2370
3420 2255 2381
3420 2270 2399
3420 2270 2414
3420 2275 2430
3420 2335 2439
3420 2335 2447
3420 2345 2453
3420 2345 2460
4560 2375 2475
4560 2375 2477
4560 2375 2481
4560 2375 2506
4560 2375 2522
4560 2395 2533
4560 2395 2554
4560 2395 2599
4560 2410 2653
4560 2445 2690
4730 2445 2745
4730 2535 2785
4730 2645 2821
4730 2645 2847
4730 2670 2875
4730 2685 2932
4930 2695 2997
4930 2820 3046
4930 2825 3106
4930 2850 3166
5060 2860 3239
5060 2915 3320
5060 3090 3382
5060 3160 3430
5540 3220 3485
5540 3250 3554
5540 3290 3621
5540 3325 3748
5540 3420 3899
5540 3550 4095
5540 3790 4282
5540 3940 4404
5540 4130 4521
5540 4330 4636
5540 4370 4736
5540 4500 4827
5540 4620 4906
5540 4730 4974
5540 4820 5025
5540 4930 5077
5540 4950 5112
5540 5010 5159
5540 5020 5201
5540 5150 5233
5540 5150 5249
5540 5180 5267
5540 5210 5285
5540 5210 5305
5610 5220 5332
5610 5280 5356
5610 5290 5371
5610 5340 5387
5610 5340 5401
5610 5340 5417
5610 5380 5434
5610 5410 5436
5610 5410 5440
5610 5410 5448
5610 5410 5464
5610 5410 5486
5610 5410 5513
5610 5480 5532
5610 5480 5544
5740 5540 5546
5740 5540 5546
5740 5540 5547
5740 5540 5549
5740 5540 5554
5740 5540 5555
5740 5540 5556
5740 5540 5556
5740 5540 5556
5740 5540 5558
5740 5540 5558
5740 5540 5558
5740 5540 5558
5740 5540 5558
5740 5540 5560
5740 5540 5564
5740 5540 5569
5740 5540 5578
5740 5540 5595
5740 5540 5614
5740 5610 5625
5740 5610 5626
5740 5610 5626
5740 5610 5626
5740 5610 5627
5740 5610 5628
5740 5610 5629
5740 5610 5630
5740 5610 5631
5740 5610 5633
5740 5610 5637
5740 5610 5645
5740 5610 5663
5740 5610 5689
5740 5610 5715
5740 5740 5740
5740 5740 5740
5740 5740 5740
5740 5740 5740
5740 5740 5740
5740 5740 5740
5740 5740 5740
5740 5740 5740
5740 5740 5740
5740 5740 5740
5740 5740 5740
5740 5740 5740
5740 5740 5740
5740 5740 5740
5740 5740 5740
5740 5740 5740
5740 5740 5740
5740 5740 5740
5740 5740 5740
5740 5740 5740
5740 5740 5740
5740 5740 5740
5740 5740 5740
5740 5740 5740
5740 5740 5740
5740 5740 5740
5740 5740 5740
5740 5740 5740
5740 5740 5740
5740 5740 5740
5740 5740 5740
5740 5740 5740
5740 5740 5740
5740 5740 5740
5740 5740 5740
5740 5740 5740
5740 5740 5740
5740 5740 5740
5740 5740 5740
5740 5740 5740
5740 5740 5740
5740 5740 5740
5740 5740 5740
5740 5740 5740
5740 5740 5740
5740 5740 5740
5740 5740 5740
5740 5740 5740
5740 5740 5740
5740 5740 5740
5740 5740 5740
5740 5740 5740
5740 5740 5740
5740 5740 5740
5740 5740 5740
5740 5740 5740
5740 5740 5740
5740 5740 5740
5740 5740 5740
5740 5740 5740
5740 5740 5740
5740 5740 5740
5740 5740 5740
5740 5740 5740
5740 5740 5740
5740 5740 5740
5740 5740 5740
5740 5740 5740
5740 5740 5740
5740 5740 5740
5740 5740 5740
5740 5740 5740
5740 5740 5740
5740 5740 5740
5740 5740 5740
5740 5740 5740
5740 5740 5740
5740 5740 5740
5740 5740 5740
5740 5740 5740
5740 5740 5740
5740 5740 5740
5740 5740 5740
5740 5740 5740
5740 5740 5740
5740 5740 5740
5740 5740 5740
5740 5740 5740
5740 5740 5740
5740 5740 5740
5740 5740 5740
5740 5740 5740
5740 5740 5740
5740 5740 5740
5740 5740 5740
5740 5740 5740
5740 5740 5740
5740 5740 5740
5740 5740 5740
5740 5740 5740
5740 5740 5740
5740 5740 5740
5740 5740 5740
5740 5740 5740
5740 5740 5740
5740 5740 5740
5740 5740 5740
5740 5740 5740
5740 5740 5740
5740 5740 5740
5740 5740 5740
5740 5740 5740
5740 5740 5740
5740 5740 5740
5740 5740 5740
5740 5740 5740
5740 5740 5740
5740 5740 5740
5740 5740 5740
5740 5740 5740
5740 5740 5740
5740 5740 5740
5740 5740 5740
5740 5740 5740
5740 5740 5740
5740 5740 5740
5740 5740 5740
5740 5740 5740
5740 5740 5740
5740 5740 5740
5740 5740 5740
5740 5740 5740
5740 5740 5740
5740 5740 5740
5740 5740 5740
5740 5740 5740
5740 5740 5740
5740 5740 5740
5740 5740 5740
5740 5740 5740
5740 5740 5740
5740 5740 5740
5740 5740 5740
5740 5740 5740
5740 5740 5740
5740 5740 5740
5740 5740 5740
5740 5740 5740
5740 5740 5740
5740 5740 5740
5740 5740 5740
5740 5740 5740
5740 5740 5740
5740 5740 5740
5740 5740 5740
5740 5740 5740
5740 5740 5740
5740 5740 5740
5740 5740 5740
5740 5740 5740
5740 5740 5740
5740 5740 5740
5740 5740 5740
5740 5740 5740
5740 5740 5740
5740 5740 5740
5740 5740 5740
5740 5740 5740
5740 5740 5740
5740 5740 5740
5740 5740 5740
5740 5740 5740
5740 5740 5740
5740 5740 5740
5740 5740 5740
5740 5740 5740
5740 5740 5740
5740 5740 5740
5740 5740 5740
5740 5740 5740
5740 5740 5740
5740 5740 5740
5740 5740 5740
5740 5740 5740
5740 5740 5740
5740 5740 5740
5740 5740 5740
5740 5740 5740
5740 5740 5740
5740 5740 5740
5740 5740 5740
5740 5740 5740
5740 5740 5740
5740 5740 5740
5740 5740 5740
5740 5740 5740
5740 5740 5740
5740 5740 5740
5740 5740 5740
5740 5740 5740
5740 5740 5740
5740 5740 5740
5740 5740 5740
5740 5740 5740
5740 5740 5740
5740 5740 5740
5740 5740 5740
5740 5740 5740
5740 5740 5740
5740 5740 5740
5740 5740 5740
5740 5740 5740
5740 5740 5740
5740 5740 5740
5740 5740 5740
5740 5740 5740
5740 5740 5740
5740 5740 5740
5740 5740 5740
5740 5740 5740
5740 5740 5740
5740 5740 5740
5740 5740 5740
5740 5740 5740
5740 5740 5740
5740 5740 5740
5740 5740 5740
5740 5740 5740
5740 5740 5740
5740 5740 5740
5740 5740 5740
5740 5740 5740
5740 5740 5740
5740 5740 5740
5740 5740 5740
5740 5740 5740
5740 5740 5740
5740 5740 5740
5740 5740 5740
5740 5740 5740
5740 5740 5740
5740 5740 5740
5740 5740 5740
5740 5740 5740
5740 5740 5740
5740 5740 5740
5740 5740 5740
5740 5740 5740
5740 5740 5740
5740 5740 5740
5740 5740 5740
5740 5740 5740
5740 5740 5740
5740 5740 5740
5740 5740 5740
5740 5740 5740
5740 5740 5740
5740 5740 5740
5740 5740 5740
5740 5740 5740
5740 5740 5740
5740 5740 5740
5740 5740 5740
5740 5740 5740
5740 5740 5740
5740 5740 5740
5740 5740 5740
5740 5740 5740
5740 5740 5740
5740 5740 5740
5740 5740 5740
5740 5740 5740
5740 5740 5740
5740 5740 5740
5740 5740 5740
5740 5740 5740
5740 5740 5740
5740 5740 5740
5740 5740 5740
5740 5740 5740
5740 5740 5740
5740 5740 5740
5740 5740 5740
5740 5740 5740
5740 5740 5740
5740 5740 5740
5740 5740 5740
5740 5740 5740
5740 5740 5740
5740 5740 5740
5740 5740 5740
5740 5740 5740
5740 5740 5740
5740 5740 5740
5740 5740 5740
5740 5740 5740
5740 5740 5740
5740 5740 5740
5740 5740 5740
5740 5740 5740
5740 5740 5740
5740 5740 5740
5740 5740 5740
5740 5740 5740
5740 5740 5740
5740 5740 5740
5740 5740 5740
5740 5740 5740
5740 5740 5740
5740 5740 5740
5740 5740 5740
5740 5740 5740
5740 5740 5740
5740 5740 5740
5740 5740 5740
5740 5740 5740
5740 5740 5740
5740 5740 5740
5740 5740 5740
5740 5740 5740
5740 5740 5740
5740 5740 5740
5740 5740 5740
5740 5740 5740
5740 5740 5740
5740 5740 5740
5740 5740 5740
5740 5740 5740
5740 5740 5740
5740 5740 5740
5740 5740 5740
5740 5740 5740
5740 5740 5740
5740 5740 5740
5740 5740 5740
5740 5740 5740
5740 5740 5740
5740 5740 5740
5740 5740 5740
5740 5740 5740
5740 5740 5740
5740 5740 5740
5740 5740 5740
5740 5740 5740
5740 5740 5740
5740 5740 5740
5740 5740 5740
5740 5740 5740
5740 5740 5740
5740 5740 5740
5740 5740 5740
5740 5740 5740
5740 5740 5740
5740 5740 5740
5740 5740 5740
5740 5740 5740
5740 5740 5740
5740 5740 5740
5740 5740 5740
5740 5740 5740
5740 5740 5740
5740 5740 5740
5740 5740 5740
5740 5740 5740
5740 5740 5740
5740 5740 5740
5740 5740 5740
5740 5740 5740
5740 5740 5740
5740 5740 5740
5740 5740 5740
5740 5740 5740
5740 5740 5740
5740 5740 5740
5740 5740 5740
5740 5740 5740
5740 5740 5740
5740 5740 5740
5740 5740 5740
5740 5740 5740
5740 5740 5740
5740 5740 5740
5740 5740 5740
5740 5740 5740
5740 5740 5740
5740 5740 5740
5740 5740 5740
5740 5740 5740
5740 5740 5740
5740 5740 5740
5740 5740 5740
5740 5740 5740
5740 5740 5740
5740 5740 5740
5740 5740 5740
5740 5740 5740
5740 5740 5740
5740 5740 5740
5740 5740 5740
5740 5740 5740
5740 5740 5740
5740 5740 5740
5740 5740 5740
5740 5740 5740
5740 5740 5740
5740 5740 5740
5740 5740 5740
5740 5740 5740
5740 5740 5740
5740 5740 5740
5740 5740 5740
5740 5740 5740
5740 5740 5740
5740 5740 5740
5740 5740 5740
5740 5740 5740
5740 5740 5740
5740 5740 5740
5740 5740 5740
5740 5740 5740
5740 5740 5740
5740 5740 5740
5740 5740 5740
5740 5740 5740
5740 5740 5740
5740 5740 5740
5740 5740 5740
5740 5740 5740
5740 5740 5740
5740 5740 5740
5740 5740 5740
5740 5740 5740
5740 5740 5740
5740 5740 5740
5740 5740 5740
5740 5740 5740
5740 5740 5740
5740 5740 5740
5740 5740 5740
5740 5740 5740
5740 5740 5740
5740 5740 5740
5740 5740 5740
5740 5740 5740
5740 5740 5740
5740 5740 5740
5740 5740 5740
5740 5740 5740
5740 5740 5740
5740 5740 5740
5740 5740 5740
5740 5740 5740
5740 5740 5740
5740 5740 5740
5740 5740 5740
5740 5740 5740
5740 5740 5740
5740 5740 5740
5740 5740 5740
5740 5740 5740
5740 5740 5740
5740 5740 5740
5740 5740 5740
5740 5740 5740
5740 5740 5740
5740 5740 5740
5740 5740 5740
5740 5740 5740
5740 5740 5740
5740 5740 5740
5740 5740 5740
5740 5740 5740
5740 5740 5740
5740 5740 5740
5740 5740 5740
5740 5740 5740
5740 5740 5740
5740 5740 5740
5740 5740 5740
5740 5740 5740
5740 5740 5740
5740 5740 5740
5740 5740 5740
5740 5740 5740
5740 5740 5740
5740 5740 5740
5740 5740 5740
5740 5740 5740
5740 5740 5740
5740 5740 5740
5740 5740 5740
5740 5740 5740
5740 5740 5740
5740 5740 5740
5740 5740 5740
5740 5740 5740
5740 5740 5740
5740 5740 5740
5740 5740 5740
5740 5740 5740
5740 5740 5740
5740 5740 5740
5740 5740 5740
5740 5740 5740
5740 5740 5740
5740 5740 5740
5740 5740 5740
5740 5740 5740
5740 5740 5740
5740 5740 5740
5740 5740 5740
5740 5740 5740
5740 5740 5740
5740 5740 5740
5740 5740 5740
5740 5740 5740
5740 5740 5740
5740 5740 5740
5740 5740 5740
5740 5740 5740
5740 5740 5740
5740 5740 5740
5740 5740 5740
5740 5740 5740
5740 5740 5740
5740 5740 5740
5740 5740 5740
5740 5740 5740
5740 5740 5740
5740 5740 5740
5740 5740 5740
5740 5740 5740
5740 5740 5740
5740 5740 5740
5740 5740 5740
5740 5740 5740
5740 5740 5740
5740 5740 5740
5740 5740 5740
5740 5740 5740
5740 5740 5740
5740 5740 5740
5740 5740 5740
5740 5740 5740
5740 5740 5740
5740 5740 5740
5740 5740 5740
5740 5740 5740
5740 5740 5740
5740 5740 5740
5740 5740 5740
5740 5740 5740
5740 5740 5740
5740 5740 5740
5740 5740 5740
5740 5740 5740
5740 5740 5740
5740 5740 5740
5740 5740 5740
5740 5740 5740
5740 5740 5740
5740 5740 5740
5740 5740 5740
5740 5740 5740
5740 5740 5740
5740 5740 5740
5740 5740 5740
5740 5740 5740
5740 5740 5740
5740 5740 5740
5740 5740 5740
5740 5740 5740
5740 5740 5740
5740 5740 5740
5740 5740 5740
5740 5740 5740
5740 5740 5740
5740 5740 5740
5740 5740 5740
5740 5740 5740
5740 5740 5740
5740 5740 5740
5740 5740 5740
5740 5740 5740
5740 5740 5740
5740 5740 5740
5740 5740 5740
5740 5740 5740
5740 5740 5740
5740 5740 5740
5740 5740 5740
5740 5740 5740
5740 5740 5740
5740 5740 5740
5740 5740 5740
5740 5740 5740
5740 5740 5740
5740 5740 5740
5740 5740 5740
5740 5740 5740
5740 5740 5740
5740 5740 5740
5740 5740 5740
5740 5740 5740
5740 5740 5740
5740 5740 5740
5740 5740 5740
5740 5740 5740
5740 5740 5740
5740 5740 5740
5740 5740 5740
5740 5740 5740
5740 5740 5740
5740 5740 5740
5740 5740 5740
5740 5740 5740
5740 5740 5740
5740 5740 5740
5740 5740 5740
5740 5740 5740
5740 5740 5740
5740 5740 5740
5740 5740 5740
5740 5740 5740
5740 5740 5740
5740 5740 5740
5740 5740 5740
5740 5740 5740
5740 5740 5740
5740 5740 5740
5740 5740 5740
5740 5740 5740
5740 5740 5740
5740 5740 5740
5740 5740 5740
5740 5740 5740
5740 5740 5740
5740 5740 5740
5740 5740 5740
5740 5740 5740
5740 5740 5740
5740 5740 5740
5740 5740 5740
5740 5740 5740
5740 5740 5740
5740 5740 5740
5740 5740 5740
5740 5740 5740
5740 5740 5740
5740 5740 5740
5740 5740 5740
5740 5740 5740
5740 5740 5740
5740 5740 5740
5740 5740 5740
5740 5740 5740
5740 5740 5740
5740 5740 5740
5740 5740 5740
5740 5740 5740
5740 5740 5740
5740 5740 5740
5740 5740 5740
5740 5740 5740
5740 5740 5740
5740 5740 5740
5740 5740 5740
5740 5740 5740
5740 5740 5740
5740 5740 5740
5740 5740 5740
5740 5740 5740
5740 5740 5740
5740 5740 5740
5740 5740 5740
5740 5740 5740
5740 5740 5740
5740 5740 5740
5740 5740 5740
5740 5740 5740
5740 5740 5740
5740 5740 5740
5740 5740 5740
5740 5740 5740
5740 5740 5740
5740 5740 5740
5740 5740 5740
5740 5740 5740
5740 5740 5740
5740 5740 5740
5740 5740 5740
5740 5740 5740
5740 5740 5740
5740 5740 5740
5740 5740 5740
5740 5740 5740
5740 5740 5740
5740 5740 5740
5740 5740 5740
5740 5740 5740
5740 5740 5740
5740 5740 5740
5740 5740 5740
5740 5740 5740
5740 5740 5740
5740 5740 5740
5740 5740 5740
5740 5740 5740
5740 5740 5740
5740 5740 5740
5740 5740 5740
5740 5740 5740
5740 5740 5740
5740 5740 5740
5740 5740 5740
5740 5740 5740
5740 5740 5740
5740 5740 5740
5740 5740 5740
5740 5740 5740
5740 5740 5740
5740 5740 5740
5740 5740 5740
5740 5740 5740
5740 5740 5740
5740 5740 5740
5740 5740 5740
5740 5740 5740
5740 5740 5740
5740 5740 5740
5740 5740 5740
5740 5740 5740
5740 5740 5740
5740 5740 5740
5740 5740 5740
5740 5740 5740
5740 5740 5740
5740 5740 5740
5740 5740 5740
5740 5740 5740
5740 5740 5740
5740 5740 5740
5740 5740 5740
5740 5740 5740
5740 5740 5740
5740 5740 5740
5740 5740 5740
5740 5740 5740
5740 5740 5740
5740 5740 5740
5740 5740 5740
5740 5740 5740
5740 5740 5740
5740 5740 5740
5740 5740 5740
5740 5740 5740
5740 5740 5740
5740 5740 5740
5740 5740 5740
5740 5740 5740
5740 5740 5740
5740 5740 5740
5740 5740 5740
5740 5740 5740
5740 5740 5740
5740 5740 5740
5740 5740 5740
5740 5740 5740
5740 5740 5740
5740 5740 5740
5740 5740 5740
5740 5740 5740
5740 5740 5740
5740 5740 5740
5740 5740 5740
5740 5740 5740
5740 5740 5740
5740 5740 5740
5740 5740 5740
5740 5740 5740
5740 5740 5740
5740 5740 5740
5740 5740 5740
5740 5740 5740
5740 5740 5740
5740 5740 5740
5740 5740 5740
5740 5740 5740
5740 5740 5740
5740 5740 5740
5740 5740 5740
5740 5740 5740
5740 5740 5740
5740 5740 5740
5740 5740 5740
5740 5740 5740
5740 5740 5740
5740 5740 5740
5740 5740 5740
5740 5740 5740
5740 5740 5740
5740 5740 5740
5740 5740 5740
5740 5740 5740
5740 5740 5740
5740 5740 5740
5740 5740 5740
5740 5740 5740
5740 5740 5740
5740 5740 5740
5740 5740 5740
5740 5740 5740
5740 5740 5740
5740 5740 5740
5740 5740 5740
5740 5740 5740
5740 5740 5740
5740 5740 5740
5740 5740 5740
5740 5740 5740
5740 5740 5740
5740 5740 5740
5740 5740 5740
5740 5740 5740
5740 5740 5740
5740 5740 5740
5740 5740 5740
5740 5740 5740
5740 5740 5740
5740 5740 5740
5740 5740 5740
5740 5740 5740
5740 5740 5740
5740 5740 5740
5740 5740 5740
5740 5740 5740
5740 5740 5740
5740 5740 5740
5740 5740 5740
5740 5740 5740
5740 5740 5740
5740 5740 5740
5740 5740 5740
5740 5740 5740
5740 5740 5740
5740 5740 5740
5740 5740 5740
5740 5740 5740
5740 5740 5740
5740 5740 5740
5740 5740 5740
5740 5740 5740
5740 5740 5740
5740 5740 5740
5740 5740 5740
5740 5740 5740
5740 5740 5740
5740 5740 5740
5740 5740 5740
5740 5740 5740
5740 5740 5740
5740 5740 5740
5740 5740 5740
5740 5740 5740
5740 5740 5740
5740 5740 5740
5740 5740 5740
5740 5740 5740
5740 5740 5740
5740 5740 5740
5740 5740 5740
5740 5740 5740
5740 5740 5740
5740 5740 5740
5740 5740 5740
5740 5740 5740
5740 5740 5740
5740 5740 5740
5740 5740 5740
5740 5740 5740
5740 5740 5740
5740 5740 5740
5740 5740 5740
5740 5740 5740
5740 5740 5740
5740 5740 5740
5740 5740 5740
5740 5740 5740
5740 5740 5740
5740 5740 5740
5740 5740 5740
5740 5740 5740
5740 5740 5740
5740 5740 5740
5740 5740 5740
5740 5740 5740
5740 5740 5740
5740 5740 5740
5740 5740 5740
5740 5740 5740
5740 5740 5740
5740 5740 5740
5740 5740 5740
5740 5740 5740
5740 5740 5740
5740 5740 5740
5740 5740 5740
5740 5740 5740
5740 5740 5740
5740 5740 5740
5740 5740 5740
5740 5740 5740
5740 5740 5740
5740 5740 5740
5740 5740 5740
5740 5740 5740
5740 5740 5740
5740 5740 5740
5740 5740 5740
5740 5740 5740
5740 5740 5740
5740 5740 5740
5740 5740 5740
5740 5740 5740
5740 5740 5740
5740 5740 5740
5740 5740 5740
5740 5740 5740
5740 5740 5740
5740 5740 5740
5740 5740 5740
5740 5740 5740
5740 5740 5740
5740 5740 5740
5740 5740 5740
5740 5740 5740
5740 5740 5740
5740 5740 5740
5740 5740 5740
5740 5740 5740
5740 5740 5740
5740 5740 5740
5740 5740 5740
5740 5740 5740
5740 5740 5740
5740 5740 5740
5740 5740 5740
5740 5740 5740
5740 5740 5740
5740 5740 5740
5740 5740 5740
5740 5740 5740
5740 5740 5740
5740 5740 5740
5740 5740 5740
5740 5740 5740
5740 5740 5740
5740 5740 5740
5740 5740 5740
5740 5740 5740
5740 5740 5740
5740 5740 5740
-9505 -7780 -8995
-5355 -8440 -7871
-5355 -8060 -7447
-5355 -7595 -7199
-5355 -7405 -7046
-5260 -7230 -6884
-5065 -7115 -6744
-4710 -6945 -6581
-4710 -6800 -6472
-4710 -6645 -6366
-3795 -6535 -6269
-3795 -6470 -6156
-2915 -6365 -6001
-2915 -6275 -5867
-2915 -6145 -5752
-2915 -6050 -5651
-980 -5965 -5499
-280 -5855 -5306
-280 -5700 -5148
-280 -5515 -4983
-280 -5315 -4843
-280 -5185 -4714
-280 -5065 -4617
-280 -4880 -4516
-280 -4805 -4430
-280 -4710 -4356
-280 -4675 -4268
-280 -4570 -4179
-280 -4435 -4102
-280 -4325 -4055
-280 -4260 -4003
-280 -4220 -3958
-280 -4150 -3898
-280 -4115 -3861
-280 -4055 -3817
-280 -4020 -3769
-280 -4015 -3730
-280 -3945 -3662
-280 -3875 -3619
-280 -3860 -3584
-280 -3805 -3548
-280 -3775 -3506
-280 -3740 -3459
-280 -3660 -3413
-280 -3605 -3395
-280 -3570 -3373
-280 -3570 -3358
-280 -3550 -3341
-280 -3550 -3314
-280 -3520 -3295
280 -3495 -3259
280 -3440 -3233
280 -3440 -3216
280 -3395 -3194
280 -3395 -3177
280 -3395 -3149
280 -3390 -3101
280 -3375 -3055
280 -3310 -3004
280 -3190 -2976
280 -3180 -2947
280 -3120 -2921
280 -3105 -2897
280 -3105 -2875
280 -3055 -2856
280 -3030 -2838
280 -3000 -2811
280 -2985 -2797
280 -2950 -2772
280 -2950 -2760
280 -2945 -2743
280 -2945 -2724
280 -2890 -2706
280 -2890 -2689
280 -2855 -2673
280 -2825 -2659
280 -2825 -2650
280 -2795 -2640
280 -2795 -2629
280 -2795 -2609
280 -2795 -2579
280 -2770 -2552
280 -2655 -2526
280 -2655 -2523
280 -2655 -2517
280 -2655 -2503
280 -2655 -2481
280 -2655 -2456
280 -2655 -2427
280 -2560 -2415
280 -2545 -2403
280 -2510 -2395
280 -2510 -2388
280 -2510 -2380
280 -2475 -2376
280 -2475 -2376
280 -2475 -2373
280 -2475 -2372
280 -2475 -2371
280 -2470 -2370
280 -2470 -2370
280 -2470 -2368
280 -2470 -2368
280 -2470 -2362
280 -2470 -2362
280 -2470 -2359
280 -2470 -2357
280 -2470 -2351
280 -2470 -2348
280 -2460 -2345
280 -2460 -2342
280 -2460 -2339
280 -2455 -2333
280 -2455 -2323
280 -2455 -2310
280 -2455 -2296
280 -2390 -2274
280 -2390 -2274
280 -2390 -2273
280 -2390 -2271
280 -2390 -2268
280 -2390 -2261
280 -2390 -2244
280 -2385 -2229
280 -2385 -2215
280 -2315 -2205
280 -2315 -2198
280 -2315 -2193
280 -2315 -2185
280 -2315 -2175
280 -2315 -2164
280 -2270 -2155
280 -2270 -2143
650 -2270 -2118
650 -2270 -2108
650 -2220 -2101
650 -2220 -2100
650 -2220 -2094
650 -2220 -2090
650 -2220 -2083
650 -2220 -2076
650 -2210 -2070
650 -2185 -2065
650 -2185 -2061
650 -2185 -2050
650 -2185 -2045
650 -2160 -2042
650 -2160 -2039
650 -2160 -2029
650 -2160 -2014
650 -2160 -2006
650 -2160 -1996
650 -2140 -1985
650 -2130 -1973
650 -2130 -1956
650 -2110 -1934
650 -2070 -1913
650 -2070 -1905
650 -2035 -1899
650 -2035 -1897
650 -2035 -1893
650 -2035 -1888
650 -2025 -1884
650 -2015 -1871
650 -2015 -1869
650 -2010 -1867
650 -2010 -1859
650 -2005 -1855
650 -2005 -1846
650 -2005 -1829
650 -2005 -1811
650 -2005 -1790
965 -1930 -1760
965 -1930 -1749
965 -1930 -1737
965 -1880 -1733
965 -1875 -1729
965 -1875 -1724
965 -1870 -1715
965 -1870 -1705
965 -1870 -1695
965 -1820 -1689
965 -1820 -1688
965 -1820 -1688
965 -1820 -1688
965 -1820 -1687
965 -1820 -1680
965 -1820 -1678
965 -1820 -1674
965 -1820 -1670
965 -1820 -1666
965 -1800 -1663
965 -1800 -1661
965 -1800 -1644
965 -1800 -1636
965 -1795 -1631
965 -1795 -1626
965 -1780 -1620
965 -1780 -1610
965 -1780 -1596
965 -1780 -1582
965 -1765 -1569
965 -1715 -1567
965 -1705 -1565
965 -1705 -1564
965 -1705 -1556
965 -1705 -1555
965 -1705 -1551
965 -1705 -1547
965 -1705 -1529
965 -1705 -1514
965 -1705 -1498
965 -1705 -1473
965 -1630 -1462
965 -1630 -1453
965 -1625 -1441
965 -1610 -1430
965 -1610 -1416
965 -1570 -1401
965 -1570 -1387
965 -1570 -1373
965 -1500 -1364
965 -1500 -1358
965 -1500 -1358
965 -1500 -1357
965 -1500 -1355
965 -1500 -1352
965 -1500 -1346
965 -1500 -1334
965 -1500 -1319
965 -1500 -1304
965 -1425 -1295
965 -1425 -1291
965 -1425 -1291
965 -1425 -1284
965 -1425 -1283
965 -1425 -1282
965 -1425 -1281
965 -1425 -1277
965 -1425 -1271
965 -1425 -1257
965 -1425 -1231
965 -1425 -1210
965 -1340 -1198
965 -1340 -1197
965 -1340 -1196
965 -1340 -1193
965 -1340 -1188
965 -1340 -1172
965 -1330 -1163
965 -1310 -1142
965 -1310 -1133
965 -1300 -1109
965 -1300 -1078
965 -1300 -1046
965 -1210 -1013
965 -1205 -991
965 -1150 -962
965 -1150 -930
965 -1150 -896
965 -1070 -867
965 -980 -854
965 -980 -848
965 -980 -831
965 -980 -817
965 -980 -802
965 -910 -793
965 -910 -790
965 -910 -785
965 -910 -777
965 -910 -768
965 -895 -760
965 -865 -756
965 -865 -754
965 -865 -753
965 -865 -750
965 -865 -748
2130 -860 -721
2130 -860 -715
2130 -860 -703
2130 -860 -688
2130 -860 -669
2130 -820 -654
2130 -785 -639
2130 -785 -628
2130 -760 -621
2130 -730 -617
2130 -730 -617
2130 -730 -617
2130 -730 -617
2130 -730 -617
2130 -730 -617
2130 -730 -617
2130 -730 -617
2130 -730 -617
2130 -730 -617
2130 -730 -617
2130 -730 -617
2130 -730 -610
2130 -730 -610
2130 -730 -609
2130 -730 -606
2130 -730 -602
2130 -730 -588
2130 -730 -570
2130 -730 -549
2130 -730 -527
2130 -625 -514
2130 -625 -511
2130 -625 -503
2130 -625 -497
2130 -625 -490
2130 -595 -486
2130 -595 -484
2130 -595 -481
2130 -595 -475
2130 -595 -467
2130 -595 -454
2130 -555 -449
2130 -555 -449
2130 -555 -448
2130 -555 -448
2130 -555 -446
2130 -555 -443
2130 -555 -439
2130 -555 -435
2130 -535 -431
2130 -535 -428
2130 -535 -427
2130 -535 -427
2130 -535 -425
2130 -535 -417
2130 -535 -411
2130 -535 -403
2130 -535 -393
2130 -520 -386
2130 -490 -380
2130 -490 -376
2130 -490 -369
2130 -490 -362
2130 -460 -358
2130 -460 -357
2130 -460 -356
2130 -460 -351
2130 -460 -347
2130 -460 -340
2130 -460 -332
2130 -445 -325
2130 -430 -316
2130 -430 -301
2130 -430 -282
2130 -430 -263
2130 -335 -250
2130 -335 -250
2130 -335 -250
2130 -335 -250
2130 -335 -248
2130 -335 -248
2130 -335 -248
2130 -335 -247
2130 -335 -246
2130 -335 -245
2130 -335 -244
2130 -335 -242
2130 -335 -239
2130 -330 -235
2130 -330 -228
2130 -330 -219
2130 -330 -210
2130 -285 -204
2130 -285 -204
2215 -285 -191
2215 -285 -191
2215 -285 -191
2215 -285 -191
2215 -285 -191
2215 -285 -190
2215 -285 -190
2215 -285 -188
2215 -285 -187
2215 -280 -187
2215 -280 -187
2215 -280 -186
2215 -280 -184
2215 -280 -182
2215 -280 -180
2215 -280 -178
2215 -270 -166
2215 -270 -165
2215 -270 -160
2215 -270 -156
2215 -270 -151
2215 -250 -148
2215 -250 -145
2215 -250 -140
2215 -250 -133
2215 -245 -126
2215 -235 -117
2215 -210 -114
2215 -210 -114
2215 -210 -113
2215 -210 -109
2215 -210 -107
2215 -210 -104
2215 -205 -101
2215 -205 -98
2215 -195 -89
2215 -195 -84
2215 -195 -76
2215 -195 -69
2215 -160 -58
2215 -160 -56
2215 -160 -53
2215 -160 -49
2215 -160 -41
2215 -140 -38
2215 -140 -37
2215 -140 -36
2215 -140 -27
2215 -135 -26
2215 -135 -25
2215 -135 -14
2215 -135 -9
2215 -135 2
2215 -135 31
2215 -135 53
2215 -135 76
2215 -30 83
2215 -30 86
2215 -20 89
2215 -20 91
2215 -20 95
2215 -20 98
2215 -5 101
2215 -5 103
2215 -5 105
2215 -5 109
2215 5 113
2215 5 128
2215 5 136
2215 5 144
2215 30 151
2215 30 161
2215 30 173
2215 30 184
2215 75 189
2215 75 196
2215 75 202
2215 95 208
2215 95 217
2215 95 227
2215 95 240
2215 135 254
2215 135 267
2215 135 280
2215 200 289
2215 200 289
2215 200 291
2215 200 292
2215 200 295
2215 200 295
2215 200 296
2215 200 298
2215 200 301
2215 200 307
2215 200 315
2215 230 321
2215 230 321
2215 230 322
2215 230 324
2215 230 328
2215 230 334
2215 230 346
2215 240 352
2215 265 355
2215 265 359
2215 265 366
2215 265 372
2215 265 376
2215 265 383
2215 265 393
2215 280 402
2215 280 411
2215 315 417
2215 315 420
2215 325 421
2215 330 422
2215 330 426
2215 330 426
2215 330 426
2215 330 427
2215 330 427
2215 330 429
2215 330 432
2215 330 436
2215 330 440
2215 350 443
2215 350 443
2215 350 450
2215 350 450
2215 350 450
2215 350 451
2215 350 453
2215 350 456
2215 350 462
2215 350 471
2215 350 479
2215 390 484
2215 390 485
2215 390 486
2215 390 489
2215 390 494
2215 390 516
2215 390 530
2215 390 543
2215 455 552
2215 455 555
2215 455 563
2215 455 570
2215 455 577
2215 485 582
2215 490 589
2215 490 589
2215 490 589
2215 490 589
2215 490 589
2215 490 589
2215 490 589
2215 490 589
2215 490 589
2215 490 596
2215 490 596
2215 490 596
2215 490 601
2215 490 610
2215 490 612
2215 490 620
2215 490 627
2215 490 638
2215 490 650
2215 510 662
2215 545 668
2215 550 673
2215 550 678
2215 550 683
2215 575 693
2215 575 695
2215 575 696
2215 575 702
2215 575 710
2215 575 721
2215 575 736
2215 575 753
2215 635 771
2215 635 783
2215 650 806
2215 650 825
2230 710 854
2230 710 873
2230 750 885
2230 750 902
2230 750 933
2230 750 966
2230 750 1002
2230 890 1017
2230 890 1031
2230 925 1035
2230 945 1039
2230 945 1040
2230 945 1041
2230 945 1044
2230 945 1050
2230 945 1061
2230 945 1071
2230 965 1080
2230 965 1088
2230 1005 1093
2230 1005 1093
2230 1005 1093
2230 1005 1093
2230 1005 1093
2230 1005 1093
2230 1005 1093
2230 1005 1093
2230 1005 1093
2230 1005 1096
2230 1005 1097
2230 1005 1097
2230 1005 1098
2230 1005 1099
2230 1005 1103
2230 1005 1109
2230 1005 1120
2230 1005 1131
2230 1045 1136
2230 1045 1137
2230 1045 1142
2230 1045 1147
2230 1045 1156
2230 1045 1167
2230 1065 1180
2230 1065 1192
2230 1100 1207
2230 1100 1216
2230 1100 1227
2230 1140 1232
2230 1140 1236
2230 1155 1239
2230 1155 1245
2230 1155 1251
2230 1155 1256
2230 1175 1261
2230 1175 1265
2230 1175 1279
2255 1175 1301
2255 1175 1326
2255 1215 1351
2255 1215 1372
2255 1290 1385
2255 1290 1398
2255 1305 1411
2255 1305 1425
2255 1345 1431
2255 1370 1437
2255 1370 1442
2255 1370 1449
2255 1370 1456
2255 1405 1461
2255 1405 1461
2255 1405 1462
2255 1405 1462
2255 1405 1463
2255 1405 1469
2255 1405 1473
2255 1405 1483
2255 1405 1495
2255 1405 1507
2255 1460 1517
2275 1460 1525
2275 1460 1531
2275 1460 1536
2275 1485 1541
2275 1485 1543
2275 1485 1550
2275 1485 1555
2275 1485 1561
2275 1505 1563
2275 1515 1565
2275 1515 1565
2275 1515 1566
2275 1515 1567
2275 1515 1568
2275 1520 1569
2275 1520 1569
2275 1520 1569
2275 1520 1569
2275 1520 1569
2275 1520 1569
2275 1520 1569
2275 1520 1569
2275 1520 1570
2275 1520 1570
2275 1520 1572
2275 1520 1574
2275 1520 1577
2275 1520 1580
2275 1530 1581
2275 1530 1582
2275 1535 1582
2275 1535 1586
2275 1535 1586
2275 1535 1588
2275 1535 1589
2275 1535 1590
2275 1535 1592
2275 1535 1597
2275 1535 1603
2275 1540 1607
2275 1555 1609
2275 1555 1610
2275 1560 1611
2275 1560 1611
2275 1560 1612
2275 1560 1613
2275 1560 1616
2275 1565 1617
2275 1565 1617
2275 1565 1620
2275 1565 1622
2275 1565 1624
2275 1565 1630
2275 1565 1636
2275 1565 1643
2275 1595 1648
2275 1595 1650
2275 1595 1652
2275 1605 1654
2275 1605 1654
2275 1605 1654
2275 1605 1654
2275 1605 1654
2275 1605 1655
2275 1605 1657
2275 1605 1659
2275 1605 1661
2275 1615 1662
2275 1615 1662
2275 1615 1662
2275 1615 1662
2275 1615 1662
2275 1615 1662
2275 1615 1662
2275 1615 1662
2275 1615 1662
2275 1615 1662
2275 1615 1662
2275 1615 1662
2275 1615 1662
2275 1615 1662
2275 1615 1663
2275 1615 1663
2275 1615 1663
2275 1615 1663
2275 1615 1664
2275 1615 1664
2275 1615 1665
2275 1615 1666
2275 1615 1667
2275 1620 1667
2275 1620 1667
2275 1620 1667
2275 1620 1667
2275 1620 1669
2275 1620 1669
2275 1620 1669
2275 1620 1669
2275 1620 1669
2275 1620 1670
2275 1620 1671
2275 1620 1674
2275 1620 1676
2275 1625 1678
2275 1625 1680
2275 1625 1685
2275 1625 1691
2275 1625 1699
2275 1645 1704
2275 1645 1709
2275 1665 1712
2275 1665 1717
2275 1665 1722
2275 1665 1733
2275 1665 1747
2275 1665 1760
2275 1730 1768
2275 1730 1771
2275 1730 1773
2275 1730 1775
2275 1740 1777
2275 1740 1777
2275 1740 1777
2275 1740 1778
2275 1740 1779
2275 1740 1781
2275 1745 1782
2275 1745 1782
2275 1745 1782
2275 1745 1782
2275 1745 1782
2275 1745 1783
2275 1745 1784
2275 1745 1785
2275 1750 1786
2275 1750 1786
2275 1750 1786
2275 1750 1786
2275 1750 1786
2275 1750 1786
2275 1750 1787
2275 1750 1787
2275 1750 1787
2275 1750 1788
2275 1750 1788
2275 1750 1790
2275 1750 1792
2275 1750 1795
2275 1750 1798
2275 1765 1800
2275 1765 1800
2275 1765 1800
2275 1765 1800
2275 1765 1800
2275 1765 1800
2275 1765 1801
2275 1765 1801
2275 1765 1801
2275 1765 1802
2275 1765 1803
2275 1765 1806
2275 1765 1810
2275 1765 1815
2275 1770 1820
2275 1790 1822
2275 1790 1822
2275 1790 1822
2275 1790 1822
2275 1790 1824
2275 1790 1824
2275 1790 1825
2275 1790 1826
2275 1790 1827
2335 1790 1832
2335 1790 1838
2375 1790 1847
2410 1790 1857
2410 1815 1861
2410 1815 1866
2410 1820 1873
2410 1820 1883
2410 1835 1890
2410 1850 1896
2410 1865 1899
2410 1865 1899
2410 1865 1901
2410 1865 1903
2410 1865 1905
2410 1865 1909
2410 1870 1914
2410 1870 1922
2410 1870 1935
2410 1895 1944
2410 1915 1951
2410 1915 1953
2410 1925 1956
2410 1925 1957
2410 1925 1959
2410 1925 1961
2410 1925 1964
2410 1935 1967
2410 1935 1970
2410 1935 1974
2410 1935 1978
2410 1955 1980
2410 1955 1980
2410 1955 1980
2410 1955 1980
2410 1955 1980
2410 1955 1980
2445 1955 1983
2445 1955 1983
2445 1955 1983
2445 1955 1983
2445 1955 1985
2445 1955 1993
2445 1955 1995
2445 1955 2000
2445 1955 2008
2445 1960 2018
2445 1960 2029
2445 1990 2039
2445 2000 2045
2445 2015 2048
3220 2025 2056
3220 2025 2056
3220 2025 2056
3220 2025 2056
3220 2025 2056
3220 2025 2056
3220 2025 2057
3220 2025 2064
3220 2025 2068
3220 2030 2069
3220 2030 2070
3220 2030 2070
3220 2030 2072
3220 2030 2081
3220 2030 2085
3220 2035 2089
3220 2045 2091
3220 2050 2092
3220 2050 2092
3220 2050 2096
3220 2050 2097
3220 2050 2098
3220 2055 2099
3220 2055 2100
3220 2055 2101
3220 2055 2102
3220 2055 2103
3220 2055 2106
3220 2060 2111
3220 2060 2112
3220 2060 2113
3350 2060 2121
3350 2065 2122
3350 2065 2123
3350 2065 2126
3350 2065 2130
3350 2065 2134
3350 2080 2136
3350 2080 2138
3350 2080 2140
3350 2090 2147
3350 2090 2147
3350 2090 2154
3350 2090 2154
3350 2090 2155
3350 2090 2156
3350 2090 2158
3350 2090 2167
3350 2095 2173
3420 2095 2188
3420 2100 2194
3420 2105 2214
3420 2105 2228
3420 2120 2245
3420 2130 2270
3420 2155 2285
3420 2215 2298
3420 2215 2301
3420 2220 2306
3420 2220 2314
3420 2225 2317
3420 2225 2320
3420 2230 2323
3420 2240 2331
3420 2240 2333
3420 2240 2335
3420 2250 2345
3420 2250 2347
3420 2250 2351
3420 2250 2357
3420 2250 2370
3420 2255 2381
3420 2270 2399
3420 2270 2414
3420 2275 2430
3420 2335 2439
3420 2335 2447
3420 2345 2453
3420 2345 2460
4560 2375 2475
4560 2375 2477
4560 2375 2481
4560 2375 2506
4560 2375 2522
4560 2395 2533
4560 2395 2554
4560 2395 2599
4560 2410 2653
4560 2445 2690
4730 2445 2745
4730 2535 2785
4730 2645 2821
4730 2645 2847
4730 2670 2875
4730 2685 2932
4930 2695 2997
4930 2820 3046
4930 2825 3106
4930 2850 3166
5060 2860 3239
5060 2915 3320
5060 3090 3382
5060 3160 3430
5540 3220 3485
5540 3250 3554
5540 3290 3621
5540 3325 3748
5540 3420 3899
5540 3550 4095
5540 3790 4282
5540 3940 4404
5540 4130 4521
5540 4330 4636
5540 4370 4736
5540 4500 4827
5540 4620 4906
5540 4730 4974
5540 4820 5025
5540 4930 5077
5540 4950 5112
5540 5010 5159
5540 5020 5201
5540 5150 5233
5540 5150 5249
5540 5180 5267
5540 5210 5285
5540 5210 5305
5610 5220 5332
5610 5280 5356
5610 5290 5371
5610 5340 5387
5610 5340 5401
5610 5340 5417
5610 5380 5434
5610 5410 5436
5610 5410 5440
5610 5410 5448
5610 5410 5464
5610 5410 5486
5610 5410 5513
5610 5480 5532
5610 5480 5544
5740 5540 5546
5740 5540 5546
5740 5540 5547
5740 5540 5549
5740 5540 5554
5740 5540 5555
5740 5540 5556
5740 5540 5556
5740 5540 5556
5740 5540 5558
5740 5540 5558
5740 5540 5558
5740 5540 5558
5740 5540 5558
5740 5540 5560
5740 5540 5564
5740 5540 5569
5740 5540 5578
5740 5540 5595
5740 5540 5614
5740 5610 5625
5740 5610 5626
5740 5610 5626
5740 5610 5626
5740 5610 5627
5740 5610 5628
5740 5610 5629
5740 5610 5630
5740 5610 5631
5740 5610 5633
5740 5610 5637
5740 5610 5645
5740 5610 5663
5740 5610 5689
5740 5610 5715
5740 5740 5740
5740 5740 5740
5740 5740 5740
5740 5740 5740
5740 5740 5740
5740 5740 5740
5740 5740 5740
5740 5740 5740
5740 5740 5740
5740 5740 5740
5740 5740 5740
5740 5740 5740
5740 5740 5740
5740 5740 5740
5740 5740 5740
5740 5740 5740
5740 5740 5740
5740 5740 5740
5740 5740 5740
5740 5740 5740
5740 5740 5740
5740 5740 5740
5740 5740 5740
5740 5740 5740
5740 5740 5740
5740 5740 5740
5740 5740 5740
5740 5740 5740
5740 5740 5740
5740 5740 5740
5740 5740 5740
5740 5740 5740
5740 5740 5740
5740 5740 5740
5740 5740 5740
5740 5740 5740
5740 5740 5740
5740 5740 5740
5740 5740 5740
5740 5740 5740
5740 5740 5740
5740 5740 5740
5740 5740 5740
5740 5740 5740
5740 5740 5740
5740 5740 5740
5740 5740 5740
5740 5740 5740
5740 5740 5740
5740 5740 5740
5740 5740 5740
5740 5740 5740
5740 5740 5740
5740 5740 5740
5740 5740 5740
5740 5740 5740
5740 5740 5740
5740 5740 5740
5740 5740 5740
5740 5740 5740
5740 5740 5740
5740 5740 5740
5740 5740 5740
5740 5740 5740
5740 5740 5740
5740 5740 5740
5740 5740 5740
5740 5740 5740
5740 5740 5740
5740 5740 5740
5740 5740 5740
5740 5740 5740
5740 5740 5740
5740 5740 5740
5740 5740 5740
5740 5740 5740
5740 5740 5740
5740 5740 5740
5740 5740 5740
5740 5740 5740
5740 5740 5740
5740 5740 5740
5740 5740 5740
5740 5740 5740
5740 5740 5740
5740 5740 5740
5740 5740 5740
5740 5740 5740
5740 5740 5740
5740 5740 5740
5740 5740 5740
5740 5740 5740
5740 5740 5740
5740 5740 5740
5740 5740 5740
5740 5740 5740
5740 5740 5740
5740 5740 5740
5740 5740 5740
5740 5740 5740
5740 5740 5740
5740 5740 5740
5740 5740 5740
5740 5740 5740
5740 5740 5740
5740 5740 5740
5740 5740 5740
5740 5740 5740
5740 5740 5740
5740 5740 5740
5740 5740 5740
5740 5740 5740
5740 5740 5740
5740 5740 5740
5740 5740 5740
5740 5740 5740
5740 5740 5740
5740 5740 5740
5740 5740 5740
5740 5740 5740
5740 5740 5740
5740 5740 5740
5740 5740 5740
5740 5740 5740
5740 5740 5740
5740 5740 5740
5740 5740 5740
5740 5740 5740
5740 5740 5740
5740 5740 5740
5740 5740 5740
5740 5740 5740
5740 5740 5740
5740 5740 5740
5740 5740 5740
5740 5740 5740
5740 5740 5740
5740 5740 5740
5740 5740 5740
5740 5740 5740
5740 5740 5740
5740 5740 5740
5740 5740 5740
5740 5740 5740
5740 5740 5740
5740 5740 5740
5740 5740 5740
5740 5740 5740
5740 5740 5740
5740 5740 5740
5740 5740 5740
5740 5740 5740
5740 5740 5740
5740 5740 5740
5740 5740 5740
5740 5740 5740
5740 5740 5740
5740 5740 5740
5740 5740 5740
5740 5740 5740
5740 5740 5740
5740 5740 5740
5740 5740 5740
5740 5740 5740
5740 5740 5740
5740 5740 5740
5740 5740 5740
5740 5740 5740
5740 5740 5740
5740 5740 5740
5740 5740 5740
5740 5740 5740
5740 5740 5740
5740 5740 5740
5740 5740 5740
5740 5740 5740
5740 5740 5740
5740 5740 5740
5740 5740 5740
5740 5740 5740
5740 5740 5740
5740 5740 5740
5740 5740 5740
5740 5740 5740
5740 5740 5740
5740 5740 5740
5740 5740 5740
5740 5740 5740
5740 5740 5740
5740 5740 5740
5740 5740 5740
5740 5740 5740
5740 5740 5740
5740 5740 5740
5740 5740 5740
5740 5740 5740
5740 5740 5740
5740 5740 5740
5740 5740 5740
5740 5740 5740
5740 5740 5740
5740 5740 5740
5740 5740 5740
5740 5740 5740
5740 5740 5740
5740 5740 5740
5740 5740 5740
5740 5740 5740
5740 5740 5740
5740 5740 5740
5740 5740 5740
5740 5740 5740
5740 5740 5740
5740 5740 5740
5740 5740 5740
5740 5740 5740
5740 5740 5740
5740 5740 5740
5740 5740 5740
5740 5740 5740
5740 5740 5740
5740 5740 5740
5740 5740 5740
5740 5740 5740
5740 5740 5740
5740 5740 5740
5740 5740 5740
5740 5740 5740
5740 5740 5740
5740 5740 5740
5740 5740 5740
5740 5740 5740
5740 5740 5740
5740 5740 5740
5740 5740 5740
5740 5740 5740
5740 5740 5740
5740 5740 5740
5740 5740 5740
5740 5740 5740
5740 5740 5740
5740 5740 5740
5740 5740 5740
5740 5740 5740
5740 5740 5740
5740 5740 5740
5740 5740 5740
5740 5740 5740
5740 5740 5740
5740 5740 5740
5740 5740 5740
5740 5740 5740
5740 5740 5740
5740 5740 5740
5740 5740 5740
5740 5740 5740
5740 5740 5740
5740 5740 5740
5740 5740 5740
5740 5740 5740
5740 5740 5740
5740 5740 5740
5740 5740 5740
5740 5740 5740
5740 5740 5740
5740 5740 5740
5740 5740 5740
5740 5740 5740
5740 5740 5740
5740 5740 5740
5740 5740 5740
5740 5740 5740
5740 5740 5740
5740 5740 5740
5740 5740 5740
5740 5740 5740
5740 5740 5740
5740 5740 5740
5740 5740 5740
5740 5740 5740
5740 5740 5740
5740 5740 5740
5740 5740 5740
5740 5740 5740
5740 5740 5740
5740 5740 5740
5740 5740 5740
5740 5740 5740
5740 5740 5740
5740 5740 5740
5740 5740 5740
5740 5740 5740
5740 5740 5740
5740 5740 5740
5740 5740 5740
5740 5740 5740
5740 5740 5740
5740 5740 5740
5740 5740 5740
5740 5740 5740
5740 5740 5740
5740 5740 5740
5740 5740 5740
5740 5740 5740
5740 5740 5740
5740 5740 5740
5740 5740 5740
5740 5740 5740
5740 5740 5740
5740 5740 5740
5740 5740 5740
5740 5740 5740
5740 5740 5740
5740 5740 5740
5740 5740 5740
5740 5740 5740
5740 5740 5740
5740 5740 5740
5740 5740 5740
5740 5740 5740
5740 5740 5740
5740 5740 5740
5740 5740 5740
5740 5740 5740
5740 5740 5740
5740 5740 5740
5740 5740 5740
5740 5740 5740
5740 5740 5740
5740 5740 5740
5740 5740 5740
5740 5740 5740
5740 5740 5740
5740 5740 5740
5740 5740 5740
5740 5740 5740
5740 5740 5740
5740 5740 5740
5740 5740 5740
5740 5740 5740
5740 5740 5740
5740 5740 5740
5740 5740 5740
5740 5740 5740
5740 5740 5740
5740 5740 5740
5740 5740 5740
5740 5740 5740
5740 5740 5740
5740 5740 5740
5740 5740 5740
5740 5740 5740
5740 5740 5740
5740 5740 5740
5740 5740 5740
5740 5740 5740
5740 5740 5740
5740 5740 5740
5740 5740 5740
5740 5740 5740
5740 5740 5740
5740 5740 5740
5740 5740 5740
5740 5740 5740
5740 5740 5740
5740 5740 5740
5740 5740 5740
5740 5740 5740
5740 5740 5740
5740 5740 5740
5740 5740 5740
5740 5740 5740
5740 5740 5740
5740 5740 5740
5740 5740 5740
5740 5740 5740
5740 5740 5740
5740 5740 5740
5740 5740 5740
5740 5740 5740
5740 5740 5740
5740 5740 5740
5740 5740 5740
5740 5740 5740
5740 5740 5740
5740 5740 5740
5740 5740 5740
5740 5740 5740
5740 5740 5740
5740 5740 5740
5740 5740 5740
5740 5740 5740
5740 5740 5740
5740 5740 5740
5740 5740 5740
5740 5740 5740
5740 5740 5740
5740 5740 5740
5740 5740 5740
5740 5740 5740
5740 5740 5740
5740 5740 5740
5740 5740 5740
5740 5740 5740
5740 5740 5740
5740 5740 5740
5740 5740 5740
5740 5740 5740
5740 5740 5740
5740 5740 5740
5740 5740 5740
5740 5740 5740
5740 5740 5740
5740 5740 5740
5740 5740 5740
5740 5740 5740
5740 5740 5740
5740 5740 5740
5740 5740 5740
5740 5740 5740
5740 5740 5740
5740 5740 5740
5740 5740 5740
5740 5740 5740
5740 5740 5740
5740 5740 5740
5740 5740 5740
5740 5740 5740
5740 5740 5740
5740 5740 5740
5740 5740 5740
5740 5740 5740
5740 5740 5740
5740 5740 5740
5740 5740 5740
5740 5740 5740
5740 5740 5740
5740 5740 5740
5740 5740 5740
5740 5740 5740
5740 5740 5740
5740 5740 5740
5740 5740 5740
5740 5740 5740
5740 5740 5740
5740 5740 5740
5740 5740 5740
5740 5740 5740
5740 5740 5740
5740 5740 5740
5740 5740 5740
5740 5740 5740
5740 5740 5740
5740 5740 5740
5740 5740 5740
5740 5740 5740
5740 5740 5740
5740 5740 5740
5740 5740 5740
5740 5740 5740
5740 5740 5740
5740 5740 5740
5740 5740 5740
5740 5740 5740
5740 5740 5740
5740 5740 5740
5740 5740 5740
5740 5740 5740
5740 5740 5740
5740 5740 5740
5740 5740 5740
5740 5740 5740
5740 5740 5740
5740 5740 5740
5740 5740 5740
5740 5740 5740
5740 5740 5740
5740 5740 5740
5740 5740 5740
5740 5740 5740
5740 5740 5740
5740 5740 5740
5740 5740 5740
5740 5740 5740
5740 5740 5740
5740 5740 5740
5740 5740 5740
5740 5740 5740
5740 5740 5740
5740 5740 5740
5740 5740 5740
5740 5740 5740
5740 5740 5740
5740 5740 5740
5740 5740 5740
5740 5740 5740
5740 5740 5740
5740 5740 5740
5740 5740 5740
5740 5740 5740
5740 5740 5740
5740 5740 5740
5740 5740 5740
5740 5740 5740
5740 5740 5740
5740 5740 5740
5740 5740 5740
5740 5740 5740
5740 5740 5740
5740 5740 5740
5740 5740 5740
5740 5740 5740
5740 5740 5740
5740 5740 5740
5740 5740 5740
5740 5740 5740
5740 5740 5740
5740 5740 5740
5740 5740 5740
5740 5740 5740
5740 5740 5740
5740 5740 5740
5740 5740 5740
5740 5740 5740
5740 5740 5740
5740 5740 5740
5740 5740 5740
5740 5740 5740
5740 5740 5740
5740 5740 5740
5740 5740 5740
5740 5740 5740
5740 5740 5740
5740 5740 5740
5740 5740 5740
5740 5740 5740
5740 5740 5740
5740 5740 5740
5740 5740 5740
5740 5740 5740
5740 5740 5740
5740 5740 5740
5740 5740 5740
5740 5740 5740
5740 5740 5740
5740 5740 5740
5740 5740 5740
5740 5740 5740
5740 5740 5740
5740 5740 5740
5740 5740 5740
5740 5740 5740
5740 5740 5740
5740 5740 5740
5740 5740 5740
5740 5740 5740
5740 5740 5740
5740 5740 5740
5740 5740 5740
5740 5740 5740
5740 5740 5740
5740 5740 5740
5740 5740 5740
5740 5740 5740
5740 5740 5740
5740 5740 5740
5740 5740 5740
5740 5740 5740
5740 5740 5740
5740 5740 5740
5740 5740 5740
5740 5740 5740
5740 5740 5740
5740 5740 5740
5740 5740 5740
5740 5740 5740
5740 5740 5740
5740 5740 5740
5740 5740 5740
5740 5740 5740
5740 5740 5740
5740 5740 5740
5740 5740 5740
5740 5740 5740
5740 5740 5740
5740 5740 5740
5740 5740 5740
5740 5740 5740
5740 5740 5740
5740 5740 5740
5740 5740 5740
5740 5740 5740
5740 5740 5740
5740 5740 5740
5740 5740 5740
5740 5740 5740
5740 5740 5740
5740 5740 5740
5740 5740 5740
5740 5740 5740
5740 5740 5740
5740 5740 5740
5740 5740 5740
5740 5740 5740
5740 5740 5740
5740 5740 5740
5740 5740 5740
5740 5740 5740
5740 5740 5740
5740 5740 5740
5740 5740 5740
5740 5740 5740
5740 5740 5740
5740 5740 5740
5740 5740 5740
5740 5740 5740
5740 5740 5740
5740 5740 5740
5740 5740 5740
5740 5740 5740
5740 5740 5740
5740 5740 5740
5740 5740 5740
5740 5740 5740
5740 5740 5740
5740 5740 5740
5740 5740 5740
5740 5740 5740
5740 5740 5740
5740 5740 5740
5740 5740 5740
5740 5740 5740
5740 5740 5740
5740 5740 5740
5740 5740 5740
5740 5740 5740
5740 5740 5740
5740 5740 5740
5740 5740 5740
5740 5740 5740
5740 5740 5740
5740 5740 5740
5740 5740 5740
5740 5740 5740
5740 5740 5740
5740 5740 5740
5740 5740 5740
5740 5740 5740
5740 5740 5740
5740 5740 5740
5740 5740 5740
5740 5740 5740
5740 5740 5740
5740 5740 5740
5740 5740 5740
5740 5740 5740
5740 5740 5740
5740 5740 5740
5740 5740 5740
5740 5740 5740
5740 5740 5740
5740 5740 5740
5740 5740 5740
5740 5740 5740
5740 5740 5740
5740 5740 5740
5740 5740 5740
5740 5740 5740
5740 5740 5740
5740 5740 5740
5740 5740 5740
5740 5740 5740
5740 5740 5740
5740 5740 5740
5740 5740 5740
5740 5740 5740
5740 5740 5740
5740 5740 5740
5740 5740 5740
5740 5740 5740
5740 5740 5740
5740 5740 5740
5740 5740 5740
5740 5740 5740
5740 5740 5740
5740 5740 5740
5740 5740 5740
5740 5740 5740
5740 5740 5740
5740 5740 5740
5740 5740 5740
5740 5740 5740
5740 5740 5740
5740 5740 5740
5740 5740 5740
5740 5740 5740
5740 5740 5740
5740 5740 5740
5740 5740 5740
5740 5740 5740
5740 5740 5740
5740 5740 5740
5740 5740 5740
5740 5740 5740
5740 5740 5740
5740 5740 5740
5740 5740 5740
5740 5740 5740
5740 5740 5740
5740 5740 5740
5740 5740 5740
5740 5740 5740
5740 5740 5740
5740 5740 5740
5740 5740 5740
5740 5740 5740
5740 5740 5740
5740 5740 5740
5740 5740 5740
5740 5740 5740
5740 5740 5740
5740 5740 5740
5740 5740 5740
5740 5740 5740
5740 5740 5740
5740 5740 5740
5740 5740 5740
5740 5740 5740
5740 5740 5740
5740 5740 5740
5740 5740 5740
5740 5740 5740
5740 5740 5740
5740 5740 5740
5740 5740 5740
5740 5740 5740
5740 5740 5740
5740 5740 5740
5740 5740 5740
5740 5740 5740
5740 5740 5740
5740 5740 5740
5740 5740 5740
5740 5740 5740
5740 5740 5740
5740 5740 5740
5740 5740 5740
5740 5740 5740
5740 5740 5740
5740 5740 5740
5740 5740 5740
5740 5740 5740
5740 5740 5740
5740 5740 5740
5740 5740 5740
5740 5740 5740
5740 5740 5740
5740 5740 5740
5740 5740 5740
5740 5740 5740
5740 5740 5740
5740 5740 5740
5740 5740 5740
5740 5740 5740
5740 5740 5740
5740 5740 5740
5740 5740 5740
5740 5740 5740
5740 5740 5740
5740 5740 5740
5740 5740 5740
5740 5740 5740
5740 5740 5740
5740 5740 5740
5740 5740 5740
5740 5740 5740
5740 5740 5740
5740 5740 5740
5740 5740 5740
5740 5740 5740
5740 5740 5740
5740 5740 5740
5740 5740 5740
5740 5740 5740
5740 5740 5740
5740 5740 5740
5740 5740 5740
5740 5740 5740
5740 5740 5740
5740 5740 5740
5740 5740 5740
5740 5740 5740
5740 5740 5740
5740 5740 5740
5740 5740 5740
5740 5740 5740
5740 5740 5740
5740 5740 5740
5740 5740 5740
5740 5740 5740
5740 5740 5740
5740 5740 5740
5740 5740 5740
5740 5740 5740
5740 5740 5740
5740 5740 5740
5740 5740 5740
5740 5740 5740
5740 5740 5740
5740 5740 5740
5740 5740 5740
5740 5740 5740
5740 5740 5740
5740 5740 5740
5740 5740 5740
5740 5740 5740
5740 5740 5740
5740 5740 5740
5740 5740 5740
5740 5740 5740
5740 5740 5740
5740 5740 5740
5740 5740 5740
5740 5740 5740
5740 5740 5740
5740 5740 5740
5740 5740 5740
5740 5740 5740
5740 5740 5740
5740 5740 5740
5740 5740 5740
5740 5740 5740
5740 5740 5740
5740 5740 5740
5740 5740 5740
5740 5740 5740
5740 5740 5740
5740 5740 5740
5740 5740 5740
5740 5740 5740
5740 5740 5740
5740 5740 5740
5740 5740 5740
5740 5740 5740
5740 5740 5740
5740 5740 5740
5740 5740 5740
5740 5740 5740
5740 5740 5740
5740 5740 5740
5740 5740 5740
5740 5740 5740
5740 5740 5740
5740 5740 5740
5740 5740 5740
5740 5740 5740
5740 5740 5740
5740 5740 5740
5740 5740 5740
5740 5740 5740
5740 5740 5740
5740 5740 5740
5740 5740 5740
5740 5740 5740
5740 5740 5740
5740 5740 5740
5740 5740 5740
5740 5740 5740
5740 5740 5740
5740 5740 5740
5740 5740 5740
5740 5740 5740
5740 5740 5740
5740 5740 5740
5740 5740 5740
5740 5740 5740
5740 5740 5740
5740 5740 5740
5740 5740 5740
5740 5740 5740
5740 5740 5740
5740 5740 5740
5740 5740 5740
5740 5740 5740
5740 5740 5740
5740 5740 5740
5740 5740 5740
5740 5740 5740
5740 5740 5740
5740 5740 5740
5740 5740 5740
5740 5740 5740
5740 5740 5740
5740 5740 5740
5740 5740 5740
5740 5740 5740
5740 5740 5740
5740 5740 5740
5740 5740 5740
5740 5740 5740
5740 5740 5740
5740 5740 5740
5740 5740 5740
5740 5740 5740
5740 5740 5740
5740 5740 5740
5740 5740 5740
5740 5740 5740
5740 5740 5740
5740 5740 5740
5740 5740 5740
5740 5740 5740
5740 5740 5740
5740 5740 5740
5740 5740 5740
5740 5740 5740
5740 5740 5740
5740 5740 5740
5740 5740 5740
5740 5740 5740
5740 5740 5740
5740 5740 5740
5740 5740 5740
5740 5740 5740
5740 5740 5740
5740 5740 5740
5740 5740 5740
5740 5740 5740
5740 5740 5740
5740 5740 5740
5740 5740 5740
5740 5740 5740
5740 5740 5740
5740 5740 5740
5740 5740 5740
5740 5740 5740
5740 5740 5740
5740 5740 5740
5740 5740 5740
5740 5740 5740
5740 5740 5740
5740 5740 5740
5740 5740 5740
5740 5740 5740
5740 5740 5740
5740 5740 5740
5740 5740 5740
5740 5740 5740
5740 5740 5740
5740 5740 5740
5740 5740 5740
5740 5740 5740
5740 5740 5740
5740 5740 5740
5740 5740 5740
5740 5740 5740
5740 5740 5740
5740 5740 5740
5740 5740 5740
5740 5740 5740
5740 5740 5740
5740 5740 5740
