-9505 -7780 -8995
-6590 -8830 -8226
-4065 -8510 -7912
-4065 -8610 -7788
-3120 -8610 -7625
-3120 -8570 -7556
-3120 -8405 -7404
-3120 -8520 -7368
-3120 -8475 -7252
-3120 -8400 -7100
-3120 -8420 -7004
-3120 -8290 -6863
-3120 -8450 -6829
-3120 -8480 -6802
-3120 -8510 -6729
-3120 -8460 -6611
-3120 -8400 -6577
-3120 -8480 -6549
-3120 -8410 -6409
-3120 -8540 -6486
-3120 -8540 -6364
-3120 -8610 -6367
-3120 -8460 -6213
-3120 -8680 -6283
-3120 -8585 -6230
-3120 -8600 -6024
-3120 -8780 -6108
-3120 -8610 -5977
-2830 -8780 -6068
-2830 -8490 -5723
-2830 -8550 -5815
-2830 -8420 -5707
-2830 -8540 -5777
-2830 -8510 -5598
-2830 -8545 -5726
-2830 -8505 -5702
-2830 -8585 -5703
-2830 -8515 -5708
-2830 -8625 -5680
-2830 -8590 -5695
-2830 -8590 -5599
-2830 -8630 -5617
-2830 -8520 -5602
-285 -8525 -5470
-285 -8475 -5495
-285 -8610 -5548
-285 -8435 -5372
-285 -8475 -5445
-285 -8410 -5349
-285 -8370 -5423
-285 -8510 -5485
-285 -8580 -5334
-285 -8495 -5268
-285 -8400 -5363
-285 -8505 -5407
-285 -8440 -5219
-285 -8300 -5171
-285 -8420 -5342
-285 -8370 -5233
-285 -8520 -5403
-285 -8475 -5382
-285 -8475 -5223
-285 -8310 -5194
-285 -8310 -5108
-285 -8345 -5140
-285 -8275 -5183
-285 -8320 -5198
-285 -8375 -5182
-285 -8210 -4952
-285 -8450 -5227
-285 -8240 -5017
-285 -8240 -4998
-285 -8380 -5122
-285 -8275 -5108
-285 -8330 -5150
-285 -8370 -5117
-285 -8540 -5238
-285 -8460 -5036
-285 -8360 -4991
-285 -8295 -4917
-285 -8450 -5126
-285 -8215 -4920
-285 -8305 -4947
-285 -8270 -4988
-285 -8395 -5010
-285 -8295 -4855
-285 -8375 -4934
-285 -8240 -4837
-285 -8375 -4935
-285 -8265 -4940
-285 -8375 -4975
-285 -8205 -4843
-285 -8225 -5020
-285 -8205 -4945
-285 -8345 -4968
-285 -8250 -4873
-285 -8275 -4874
-285 -8205 -4903
-285 -8200 -4896
910 -8140 -4740
910 -8380 -5013
910 -8370 -4877
910 -8295 -4891
910 -8270 -4842
910 -8170 -4711
910 -8280 -4989
910 -8305 -4893
910 -8105 -4750
910 -8190 -4767
910 -8275 -4949
910 -8140 -4788
910 -8365 -4873
910 -8410 -4945
910 -8205 -4886
910 -8275 -4752
910 -8120 -4820
910 -8070 -4746
910 -8110 -4662
910 -8115 -4784
910 -8440 -4874
910 -8185 -4741
910 -8195 -4852
910 -8200 -4873
910 -8250 -4782
910 -8065 -4622
910 -8270 -4723
910 -8145 -4677
910 -8175 -4828
910 -8190 -4681
910 -8255 -4896
910 -8115 -4684
910 -8210 -4707
910 -8210 -4776
910 -8205 -4689
910 -8135 -4658
910 -8275 -4748
910 -8360 -4836
910 -8195 -4672
910 -8055 -4542
1160 -8240 -4608
1160 -8330 -4754
1160 -8215 -4784
1160 -8180 -4617
1160 -8165 -4689
1160 -8275 -4593
1160 -8110 -4446
1160 -8160 -4562
1160 -8275 -4644
1160 -8050 -4438
1160 -8255 -4510
1160 -8160 -4418
1160 -8255 -4686
1160 -8015 -4470
1160 -8240 -4383
1160 -8270 -4560
1160 -8155 -4260
1160 -8205 -4477
1160 -8330 -4421
1160 -8045 -4276
1160 -8120 -4355
1160 -8055 -4382
1160 -8115 -4407
1160 -8110 -4346
1160 -8205 -4358
1160 -8120 -4512
1160 -8285 -4558
1160 -8080 -4253
1160 -8120 -4341
1160 -8185 -4391
1160 -8220 -4333
1160 -7990 -4319
1160 -8210 -4410
1160 -8075 -4274
1160 -8245 -4171
1160 -8220 -4366
1160 -8265 -4379
1160 -8325 -4327
1160 -8300 -4373
1160 -8240 -4401
1160 -8210 -4331
1160 -8240 -4384
1160 -8265 -4275
1160 -8185 -4269
1160 -7955 -4175
1160 -8185 -4412
1160 -8205 -4224
1160 -7975 -4130
1160 -8170 -4291
1160 -8155 -4312
1160 -8110 -4196
1160 -8115 -4192
1160 -7890 -3868
1160 -8030 -4158
1160 -8120 -4007
1160 -8160 -4223
1160 -8140 -4215
1160 -8070 -4089
1160 -8025 -4083
1160 -8150 -4115
1160 -7825 -4002
1160 -8040 -4104
1160 -8185 -4141
1160 -8240 -3993
1160 -7975 -3859
1160 -8000 -4036
1160 -8170 -4160
1160 -8140 -4146
1160 -7970 -3853
1160 -8355 -4134
1160 -8245 -4022
1160 -8040 -3848
1160 -8235 -3998
1290 -8145 -3984
1290 -8095 -3834
1290 -8180 -4141
1290 -8175 -3989
1290 -8205 -3810
1290 -8260 -3866
1290 -8085 -3766
1290 -8155 -3662
1290 -8150 -3955
1290 -8205 -3772
1290 -8050 -3791
1290 -8230 -3706
1290 -8075 -3685
1290 -8305 -3866
1290 -8255 -3853
1290 -8335 -3880
1290 -8035 -3595
1290 -8100 -3706
1290 -8295 -3892
1290 -8160 -3893
1290 -8330 -3878
1290 -8185 -3701
1290 -8205 -3824
1290 -8180 -3656
1290 -8110 -3723
1290 -8225 -3674
1290 -7950 -3532
1290 -8105 -3640
1290 -8185 -3577
1290 -8200 -3642
1290 -8285 -3673
1290 -8375 -3602
1290 -8060 -3453
1290 -8200 -3508
1290 -8120 -3520
1290 -8335 -3604
1290 -8205 -3666
1290 -8205 -3493
1290 -8105 -3462
1290 -8190 -3634
1290 -8085 -3492
1290 -8470 -3671
1290 -8255 -3360
1290 -8165 -3369
1290 -8105 -3509
1290 -8155 -3634
1290 -8265 -3447
1290 -8205 -3591
1290 -8215 -3520
1290 -8310 -3496
1290 -8140 -3449
1290 -7970 -3444
1290 -8165 -3329
1290 -7995 -3259
1290 -8115 -3436
1290 -8300 -3437
1290 -8240 -3293
1290 -8130 -3337
1290 -8275 -3391
1290 -8180 -3260
1290 -8195 -3362
1290 -8165 -3305
1290 -7955 -3119
1290 -8290 -3486
1290 -8065 -3219
1290 -8310 -3240
1290 -8165 -3219
1290 -8170 -3155
1290 -8260 -3132
1290 -8300 -3188
1290 -8280 -3292
1290 -8275 -3159
1290 -8085 -2992
1290 -8275 -3304
1290 -8200 -2996
1290 -8055 -3001
1290 -8105 -3031
1290 -8240 -3267
1290 -8080 -3055
1290 -8290 -3120
1290 -8075 -3093
1290 -8275 -3039
1290 -8395 -3190
1290 -8175 -3169
1290 -8190 -3244
1290 -8185 -2966
1290 -8205 -3150
1290 -8325 -3203
1290 -8195 -3075
1290 -8065 -2914
1290 -8150 -2684
1290 -8110 -2826
1290 -7985 -2777
1290 -8185 -3020
1290 -8260 -2980
1290 -8185 -3038
1290 -8385 -3084
1290 -8110 -2855
1290 -8205 -3111
1290 -8180 -2859
1290 -7960 -2643
1290 -8140 -2842
1525 -8105 -2674
1525 -8260 -2878
1525 -8185 -2816
1525 -7965 -2795
1525 -8100 -2753
1525 -8040 -2870
1525 -8055 -2778
1525 -8065 -2879
1525 -7940 -2664
1525 -7910 -2658
1525 -8140 -2692
1525 -8090 -2769
1525 -8255 -2875
1525 -8170 -2858
1525 -8105 -2859
1525 -8040 -2620
1525 -8025 -2803
1525 -8150 -2750
1525 -8100 -2842
1525 -7920 -2679
1525 -8120 -2841
1525 -8125 -2638
1525 -8260 -2992
1525 -7945 -2418
1525 -7970 -2724
1525 -7950 -2666
1525 -8020 -2619
1525 -7895 -2502
1525 -8205 -2757
1525 -7850 -2570
1525 -7875 -2595
1525 -7985 -2608
1525 -8045 -2356
1525 -8140 -2780
1525 -8045 -2777
1525 -7780 -2371
1525 -7945 -2487
1810 -8045 -2631
1810 -8055 -2642
1810 -7835 -2307
1810 -7945 -2601
1810 -7920 -2494
1810 -8115 -2718
1810 -8115 -2726
1810 -7975 -2687
1810 -7990 -2583
1810 -8060 -2482
1810 -7935 -2425
1810 -8110 -2601
1810 -8195 -2734
1810 -8060 -2344
1810 -7875 -2376
1810 -8125 -2552
1810 -7885 -2553
1810 -7925 -2445
1810 -8205 -2654
1810 -7840 -2485
1810 -7805 -2330
1810 -8200 -2571
1810 -7775 -2422
1810 -7905 -2454
1810 -7745 -2248
1835 -7875 -2598
1835 -7790 -2369
1835 -8020 -2430
1835 -8065 -2652
1835 -7945 -2422
1835 -7995 -2460
1835 -7870 -2205
1835 -8105 -2489
1835 -8145 -2611
1835 -8065 -2384
1835 -7785 -2405
1835 -8055 -2607
1835 -8115 -2514
1835 -8015 -2477
1835 -8055 -2318
1835 -7735 -2283
1835 -7795 -2338
1835 -8010 -2141
1835 -7755 -2188
1925 -7980 -2406
1925 -7780 -2205
1925 -7780 -2036
1925 -8055 -2565
1925 -8105 -2464
1925 -8030 -2584
1925 -8070 -2489
1925 -7840 -2304
1925 -8005 -2436
1925 -7850 -2256
1925 -7795 -2208
1925 -7700 -1967
1925 -7745 -2321
1925 -7700 -1963
1925 -7710 -2149
1925 -7800 -1831
1925 -7575 -1862
1925 -7870 -2111
1925 -7680 -1909
1925 -7890 -2077
1925 -7815 -2110
1925 -7730 -2035
1925 -7480 -1964
1925 -7780 -2001
1925 -7730 -1955
1925 -7725 -2064
1925 -7480 -2053
1925 -7920 -1940
1925 -8060 -1998
1925 -7740 -1999
1925 -7800 -2179
1925 -7560 -1651
1925 -7785 -1892
1925 -7315 -1506
1925 -7915 -1916
1925 -7575 -1783
1925 -7770 -1983
1925 -7765 -1975
1925 -7785 -1672
1925 -7690 -1769
1925 -7940 -2232
1925 -7675 -1943
1925 -7635 -1765
1925 -7765 -1879
1945 -7700 -1920
1945 -7555 -1762
1945 -7740 -1890
1945 -7710 -1808
1945 -7330 -1536
1945 -7655 -1833
1945 -7790 -1723
1945 -7665 -1544
1945 -7565 -1617
1945 -7330 -1381
1945 -7540 -1743
1945 -7680 -1976
1945 -7565 -1742
1945 -7785 -1986
2025 -7670 -1648
2035 -7670 -1675
2035 -7200 -1528
2035 -7465 -1490
2035 -7430 -1484
2035 -7645 -1741
2035 -7330 -1510
2035 -7635 -1739
2035 -7390 -1647
2035 -7740 -1912
2035 -7635 -1629
2035 -7440 -1422
2035 -7330 -1487
2035 -7460 -1641
2035 -7465 -1395
2035 -7535 -1585
2035 -7640 -1675
2035 -7245 -1286
2035 -7295 -1299
2035 -7350 -1531
2035 -7445 -1622
2035 -7550 -1585
2035 -7735 -1586
2035 -7130 -1120
2035 -7140 -1230
2035 -7655 -1734
2035 -7330 -1377
2035 -7565 -1649
2035 -7370 -1316
2035 -7450 -1511
2035 -7235 -1440
2035 -7245 -1313
2035 -7280 -1321
2035 -7600 -1519
2035 -7195 -1200
2035 -7395 -1353
2035 -7085 -1273
2035 -7345 -1060
2035 -7430 -1513
2035 -7195 -1257
2035 -7500 -1559
2035 -7415 -1479
2035 -7565 -1507
2035 -7405 -1323
2035 -7275 -1379
2035 -7160 -1330
2035 -7160 -989
2035 -7375 -1302
2035 -7480 -1461
2035 -7140 -1307
2035 -7305 -1297
2035 -7485 -1349
2035 -7460 -1437
2035 -7430 -1391
2035 -6890 -1119
2035 -7330 -1283
2035 -7360 -1132
2035 -7285 -1187
2035 -7350 -1200
2035 -7365 -1199
2035 -7360 -1374
2035 -7605 -1485
2035 -7270 -1057
2035 -7080 -1191
2035 -7530 -1335
2035 -7385 -1331
2035 -7280 -1154
2035 -7260 -1155
2035 -7225 -1237
2035 -7225 -1359
2035 -7260 -1174
2035 -7455 -1095
2035 -7365 -1162
2035 -7225 -998
2035 -6950 -910
2035 -7455 -1178
2035 -6630 -704
2035 -6995 -820
2035 -6920 -977
2035 -7295 -1273
2035 -6570 -600
2035 -7105 -711
2035 -6920 -902
2035 -7260 -868
2035 -6655 -657
2035 -6625 -655
2035 -6990 -774
2035 -6525 -509
2035 -7130 -710
2035 -7330 -757
2035 -7150 -871
2035 -7260 -1032
2035 -6530 -680
2035 -7130 -697
2035 -6890 -906
2060 -7340 -998
2060 -7140 -984
2060 -6960 -598
2060 -7135 -951
2060 -7195 -1045
2060 -6830 -914
2060 -7055 -821
2060 -7305 -1217
2060 -7040 -757
2060 -6585 -518
2060 -6910 -859
2060 -6625 -681
2060 -7465 -1327
2060 -6655 -776
2060 -6605 -733
2060 -6700 -722
2060 -6520 -467
2060 -6525 -789
2060 -7205 -629
2060 -6965 -532
2060 -7330 -1220
2060 -6900 -808
2060 -6585 -607
2060 -6455 -466
2060 -6935 -611
2060 -6900 -679
2060 -6845 -595
2060 -6710 -437
2060 -6930 -741
2060 -6745 -869
2060 -7000 -718
2060 -6850 -670
2060 -6630 -625
2060 -7035 -870
2060 -6650 -428
2060 -7080 -929
2060 -7035 -740
2060 -7145 -986
2060 -6950 -669
2060 -6930 -686
2060 -6795 -760
2060 -7115 -977
2060 -6950 -761
2060 -6630 -544
2060 -5560 -338
2060 -6645 -404
2060 -6850 -801
2060 -6725 -486
2060 -6715 -619
2060 -6330 -415
2060 -6865 -788
2060 -6515 -379
2060 -7010 -661
2060 -6140 -462
2060 -6860 -689
2060 -6100 -603
2060 -6830 -584
2060 -6860 -832
2060 -6900 -644
2060 -6835 -612
2060 -7135 -753
2060 -6545 -470
2060 -7135 -476
2060 -6355 -401
2060 -7135 -881
2060 -7385 -1124
2060 -6695 -663
2060 -6630 -544
2060 -6860 -647
2060 -7115 -507
2060 -7040 -811
2060 -6635 -549
2060 -6605 -566
2060 -6415 -671
2060 -7035 -885
2060 -6625 -514
2060 -6740 -441
2060 -6415 -546
2060 -7055 -775
2060 -6045 -330
2060 -6650 -357
2060 -5820 -162
2060 -6595 -467
2060 -6825 -536
2060 -6225 -491
2060 -6620 -526
2060 -6630 -396
2060 -6545 -579
2060 -6225 -433
2060 -6830 -490
2060 -6695 -609
2060 -6015 -152
2060 -6865 -260
2060 -6740 -538
2060 -6255 -240
2060 -6115 -364
2060 -6330 -435
2060 -5425 -223
2060 -6740 -582
2060 -6710 -419
2060 -6515 -457
2060 -6540 -428
2060 -6630 -497
2060 -7035 -518
2060 -6515 -325
2060 -6650 -824
2060 -6285 -467
2060 -6515 -526
2165 -6645 -492
2165 -5585 -153
2165 -6730 -668
2165 -6200 -493
2165 -4875 -51
2165 -6435 -480
2165 -6835 -571
2165 -6335 -438
2165 -6525 -237
2165 -6250 -508
2165 -5770 -261
2165 -4740 -129
2165 -6225 -402
2165 -6045 -399
2165 -6015 -213
2165 -6180 -407
2165 -5440 -133
2165 -6430 -146
2165 -5875 -271
2165 -6715 -271
2165 -5875 -166
2165 -6760 -332
2230 -6335 -391
2230 -6360 -517
2230 -6545 -410
2230 -6505 -384
2230 -6735 -262
2230 -5695 -98
2230 -6360 -317
2230 -6765 -696
2230 -5630 66
2230 -5695 -133
2230 -6440 -474
2230 -6525 -342
2230 -5585 -52
2230 -5585 -24
2230 -6755 -441
2230 -5805 -45
2230 -4875 -261
2230 -6095 -344
2230 -6090 -164
2230 -6025 -178
2230 -6685 -335
2230 -6095 -367
2230 -6230 -388
2230 -6430 -355
2230 -6635 -360
2230 -6430 -333
2230 -5885 -385
2230 -5320 -66
2230 -6145 -217
2230 -5530 -98
2230 -6025 -133
2230 -6710 -493
2230 -5585 -208
2230 -6385 -526
2230 -4840 34
2230 -6015 -206
2230 -4840 -118
2230 -6180 -372
2230 -6395 -364
2230 -5795 -182
2230 -4470 100
2230 -5845 -147
2230 -6450 -113
2230 -6305 -373
2230 -6105 -178
2230 -6650 -263
2230 -4740 18
2230 -5235 -94
2230 -6210 -326
2230 -5725 -200
2230 -5785 -375
2300 -6455 -188
2300 -4800 -37
2300 -5825 -170
2300 -5810 -47
2300 -6615 -502
2300 -5695 -169
2300 -6450 -417
2300 -4930 -58
2300 -6015 -140
2300 -6285 -312
2300 -6360 -459
2300 -6455 -53
2300 -6210 -562
2300 -5665 -113
2300 -6540 -308
2300 -5065 -16
2300 -5735 -51
2300 -4525 62
2300 -5725 -157
2300 -5560 156
2300 -6135 -216
2300 -6315 -280
2300 -4525 116
2300 -5875 -35
2300 -6025 -145
2300 -6110 -181
2300 -5895 -54
2300 -5065 -5
2300 -4060 160
2300 -4840 49
2300 -6295 -93
2300 -6310 -428
2300 -5585 -127
2300 -5585 -295
2300 -6130 -455
2300 -6015 -418
2300 -5805 -104
2300 -4960 75
2300 -6095 -162
2300 -4335 74
2300 -5770 8
2300 -4470 218
2300 -6665 -508
2300 -3930 267
2300 -4740 -227
2300 -5655 -59
2300 -4840 -11
2300 -6225 -88
2300 -6765 -349
2300 -6095 -85
2300 -4560 125
2300 -4930 -32
2300 -5725 -31
2300 -5695 -138
2300 -4875 12
2300 -4740 -63
2300 -5065 70
2300 -5585 -199
2300 -6230 -288
2300 -4060 217
2300 -5640 -97
2300 -6235 -102
2300 -4840 -92
2300 -5155 -42
2300 -4200 7
2300 -6145 -406
2300 -5440 119
2300 -6405 -505
2300 -6125 -244
2300 -5065 31
2300 -5585 11
2300 -5235 -64
2300 -4335 295
2300 -4735 -7
2300 -5325 -115
2300 -5065 186
2300 -6105 -243
2300 -6125 -22
2300 -6530 -403
2300 -4200 103
2300 -4605 77
2300 -4525 222
2300 -5210 -62
2300 -5540 198
2300 -5785 -106
3835 -4875 120
3835 -4875 -22
3835 -4335 118
3835 -4875 253
3835 -6115 -68
3835 -6630 -71
3835 -6015 -229
3835 -6020 -126
3835 -4760 273
3835 -5065 15
3835 -4860 100
3835 -5065 16
3835 -5695 -80
3835 -4740 49
3835 -5350 78
3835 -5455 68
3835 -6115 -227
3835 -4740 163
3835 -5470 34
3835 -4875 -122
3835 -4740 -1
3835 -5005 -144
3835 -5890 -198
3835 -5610 25
3835 -4605 31
3835 -4775 12
3835 -5975 -138
3835 -6285 -326
3835 -4505 222
3835 -5880 -182
3835 -4775 259
3835 -5615 -170
3835 -6250 -150
3835 -6780 -578
3835 -5775 -15
3835 -4740 272
3835 -5240 404
3835 -6390 -18
3835 -4660 163
3835 -5625 -54
3835 -5450 443
3835 -3920 557
3835 -6030 67
3835 -5355 321
5550 -4740 438
5550 -4335 694
5550 -4065 713
5550 -4525 665
5550 -4135 663
5550 -4200 795
5550 -4425 970
5550 -3785 1233
5550 -4065 1055
5550 -4555 1039
5740 -4605 1267
5740 -4140 1289
5740 -3850 1425
5740 -4740 1046
5740 -3795 1866
5740 -3745 1627
5740 -4060 1547
5740 -3610 1652
5740 -4120 1512
5740 -4060 1640
5740 -3350 1842
5740 -3785 1816
5740 -3795 1816
5740 -3850 1884
5740 -3795 1727
5740 -4040 1781
5740 -3635 1973
5740 -3660 1815
5740 -3290 2239
5740 -3520 2250
5740 -3615 2360
5740 -3850 2167
5740 -3795 2087
5740 -3530 2600
5740 -3730 2135
5740 -3415 2897
5740 -4025 2300
5740 -3630 2502
5740 -3195 3204
5740 -3295 2831
5740 -3125 3056
5740 -3430 2827
5740 -3175 3117
5740 -3430 3018
5740 -3295 2869
5740 -3515 3108
5740 -3260 3010
5740 -3155 3015
5740 -3390 2972
5740 -2995 3285
5740 -3030 3348
5740 -3465 2770
5740 -3130 3110
5740 -3325 3183
5740 -3155 3221
5740 -2925 3202
5740 -3485 2928
5740 -3020 3179
5740 -3255 2956
5740 -3525 3055
5740 -3295 3002
5740 -3395 2782
5740 -3365 2968
5740 -3130 2953
5740 -3390 2965
5740 -3290 3004
5740 -3525 2858
5740 -3175 3256
5740 -3390 2936
5740 -2920 3210
5740 -3020 3339
5740 -3425 3115
5740 -3430 2822
5740 -3120 3036
5740 -3655 2577
5740 -3565 2836
5740 -3195 3221
5740 -3130 3215
5740 -3225 3313
5740 -3075 3225
5740 -3020 3490
5740 -2925 3254
5740 -3365 2934
5740 -3410 3088
5740 -3250 3150
5740 -3340 3204
5740 -3155 3246
5740 -3155 3138
5740 -2990 3475
5740 -3505 2959
5740 -3110 3154
5740 -2750 3390
5740 -3060 3313
5740 -2655 3556
5740 -2820 3216
5740 -3025 3328
5740 -2945 3190
5740 -3230 3181
5740 -3130 3239
5740 -2985 3021
5740 -3035 3287
5740 -3395 3196
5740 -3360 3112
5740 -3150 3213
5740 -2920 3321
5740 -3290 2952
5740 -3130 3198
5740 -2940 3383
5740 -3015 3311
5740 -2315 3798
5740 -3190 3530
5740 -3290 3305
5740 -2955 3360
5740 -2615 3650
5740 -3020 3086
5740 -2795 3395
5740 -2920 3468
5740 -3255 3157
5740 -3015 3297
5740 -2320 3785
5740 -2310 3653
5740 -2410 3546
5740 -2675 3746
5740 -2595 3459
5740 -2815 3429
5740 -2965 3168
5740 -2310 3780
5740 -2720 3294
5740 -2485 3714
5740 -2805 3256
5740 -2730 3626
5740 -2720 3388
5740 -2915 3532
5740 -2585 3692
5740 -2925 3409
5740 -2880 3685
5740 -2720 3783
5740 -2935 3300
5740 -2830 3591
5740 -2480 3674
5740 -2415 3474
5740 -2935 3317
5740 -2215 3895
5740 -2615 3509
5740 -2615 3653
5740 -2755 3516
5740 -2490 3458
5740 -2830 3439
5740 -2485 3690
5740 -2925 3113
5740 -2930 3610
5740 -2790 3677
5740 -2425 3851
5740 -2195 3683
5740 -2405 3751
5740 -2520 3528
5740 -2230 3878
5740 -2685 3506
5740 -2605 3578
5740 -2830 3505
5740 -2820 3441
5740 -2720 3616
5740 -2830 3455
5740 -2310 3862
5740 -2820 3558
5740 -2705 3408
5740 -2705 3595
5740 -2735 3467
5740 -2405 3716
5740 -2170 3780
5740 -2510 3691
5740 -2435 3587
5740 -1880 4087
5740 -2595 3597
5740 -2420 3755
5740 290 4064
5740 -1880 4064
5740 -2720 3531
5740 -2615 3745
5740 -1790 3902
5740 -1990 4052
5740 -2310 3765
5740 -1330 4156
5740 -1880 3920
5740 -1880 3832
5740 -2705 3535
5740 -2190 3873
5740 -1880 4008
5740 -2855 3567
5740 -2385 3830
5740 290 4113
5740 -520 3847
5740 -1880 3819
5740 -2650 3549
5740 -2410 3631
5740 -1695 3872
5740 -2290 3740
5740 -2120 3975
5740 -1880 3908
5740 -2125 3896
5740 -2090 3825
5740 290 4045
5740 -2215 3840
5740 -1880 4172
5740 -2220 4137
5740 -1135 3898
5740 290 4282
5740 290 4011
5740 385 4142
5740 290 4148
5740 -2220 3916
5740 -1950 3951
5740 -1990 3930
5740 290 4165
5740 290 4125
5740 15 3986
5740 -110 4052
5740 290 4159
5740 385 4477
5740 -1795 4075
5740 -2390 3888
5740 -2190 3827
5740 -1685 4102
5740 -1985 3819
5740 -2205 3683
5740 -2405 4074
5740 385 4140
5740 -2410 3733
5740 -2510 3715
5740 -2310 3958
5740 385 4072
5740 -90 4126
5740 290 4136
5740 710 4566
5740 290 4300
5740 -115 3989
5740 600 4344
5740 290 4269
5740 385 4037
5740 290 4063
5740 290 4345
5740 425 4350
5740 -1990 3994
5740 290 4182
5740 290 4360
5740 710 4319
5740 -1495 4036
5740 110 4190
5740 425 4305
5740 -325 4110
5740 -1880 3989
5740 290 4291
5740 -2520 3975
5740 290 4185
5740 385 4063
5740 290 4277
5740 -305 4135
5740 -285 4159
5740 425 4189
5740 -2000 4100
5740 290 4112
5740 -1990 3961
5740 -1990 4211
5740 290 4019
5740 575 4529
5740 290 4249
5740 385 4268
5740 385 4192
5740 560 4278
5740 290 4337
5740 -595 4186
5740 575 4472
5740 385 4193
5740 575 4390
5740 385 4284
5740 290 4216
5740 290 4377
5740 290 4252
5740 385 4268
5740 425 4406
5740 290 4323
5740 290 4349
5740 290 4268
5740 -2265 4310
5740 290 4133
5740 290 4213
5740 290 4303
5740 290 4204
5740 290 4088
5740 575 4451
5740 695 4309
5740 425 4373
5740 290 4120
5740 385 4379
5740 710 4572
5740 695 4606
5740 790 4570
5740 575 4461
5740 790 4735
5740 290 4320
5740 575 4396
5740 575 4435
5740 965 4590
5740 710 4433
5740 580 4470
5740 1100 4711
5740 385 4285
5740 290 4178
5740 710 4590
5740 425 4088
5740 425 4362
5740 710 4439
5740 1100 4656
5740 1005 4680
5740 695 4437
5740 710 4542
5740 385 4219
5740 980 4550
5740 385 4057
5740 425 4325
5740 425 4372
5740 790 4472
5740 695 4337
5740 790 4376
5740 575 4503
5740 695 4649
5740 965 4813
5740 1390 4814
5740 1250 4908
5740 710 4621
5740 1105 4533
5740 1100 4697
5740 385 4426
5740 970 4705
5740 830 4540
5740 1100 4598
5740 710 4494
5740 575 4741
5740 925 4695
5740 965 4344
5740 1105 4775
5740 425 4185
5740 965 4701
5740 1385 5028
5740 1195 4534
5740 575 4360
5740 1100 4650
5740 980 4476
5740 710 4491
5740 575 4580
5740 1105 4706
5740 1115 4735
5740 980 4823
5740 1115 4980
5740 695 4456
5740 1195 4822
5740 1100 4763
5740 1315 4750
5740 1195 4728
5740 830 4527
5740 965 4783
5740 1470 5064
5740 1105 4731
5740 1250 4928
5740 1100 4825
5740 1105 4864
5740 1100 4746
5740 965 4600
5740 1100 4629
5740 1115 4743
5740 710 4607
5740 965 4706
5740 1195 4879
5740 575 4425
5740 735 4606
5740 710 4734
5740 980 4997
5740 1315 4856
5740 425 4132
5740 1105 4692
5740 1100 4813
5740 1105 4824
5740 830 4591
5740 1100 4729
5740 1335 4642
5740 1115 4825
5740 1385 4935
5740 1250 4976
5740 1470 4951
5740 1435 5192
5740 1315 4879
5740 1435 4966
5740 1315 4813
5740 1195 4928
5740 980 4737
5740 1115 4915
5740 1410 5013
5740 1420 4905
5740 830 4677
5740 1115 4842
5740 1195 4776
5740 1435 5001
5740 1100 4847
5740 1435 4991
5740 1420 4919
5740 1115 4721
5740 1390 5073
5740 1115 4955
5740 1100 4660
5740 1410 4984
5740 1505 5247
5740 1115 4929
5740 1250 4844
5740 1435 5039
5740 1390 4980
5740 1195 4893
5740 1390 4871
5740 1470 5158
5740 1385 5354
5740 1420 5043
5740 1470 5253
5740 1435 5251
5740 1735 5334
5740 1410 5123
5740 1535 5315
5740 1335 4906
5740 1525 5274
5740 1620 5381
5740 1435 5059
5740 1620 5288
5740 1520 5273
5740 1410 5122
5740 1390 5143
5740 1385 5069
5740 1420 5064
5740 1435 4985
5740 1435 4994
5740 1635 5319
5740 1390 5157
5740 1420 5134
5740 1470 5104
5740 1470 5182
5740 1220 4928
5740 1315 5096
5740 1250 4981
5740 1620 5304
5740 1535 5316
5740 1435 5092
5740 1525 5090
5740 2035 5687
5740 1735 5437
5740 1705 5302
5740 1920 5610
5740 1525 5264
5740 1735 5367
5740 1470 5164
5740 1530 5286
5740 1525 5463
5740 1735 5527
5740 1635 5472
5740 1810 5587
5740 1620 5255
5740 1435 5079
5740 2035 5686
5740 1525 5219
5740 1735 5460
5740 1620 5268
5740 1470 5162
5740 1810 5512
5740 1600 5291
5740 1740 5444
5740 1535 5192
5740 1635 5411
5740 1810 5590
5740 1705 5290
5740 1620 5345
5740 1820 5549
5740 1435 5031
5740 1720 5512
5740 1620 5385
5740 1630 5439
5740 2510 5698
5740 2230 5671
5740 2035 5642
5740 1790 5533
5740 1935 5621
5740 1735 5478
5740 2035 5611
5740 2510 5654
5740 1920 5528
5740 3835 5730
5740 1635 5375
5740 1820 5606
5740 1810 5540
5740 1810 5589
5740 1620 5496
5740 1790 5492
5740 1705 5510
5740 1620 5318
5740 2020 5613
5740 1920 5640
5740 1830 5656
5740 1810 5498
5740 1820 5626
5740 5740 5740
5740 2035 5689
5740 1705 5404
5740 1635 5469
5740 1630 5453
5740 2035 5646
5740 1630 5487
5740 5740 5740
5740 5740 5740
5740 5740 5740
5740 2510 5723
5740 5740 5740
5740 2020 5684
5740 5740 5740
5740 5740 5740
5740 5740 5740
5740 5740 5740
5740 5740 5740
5740 5740 5740
5740 3835 5730
5740 5740 5740
5740 5740 5740
5740 5740 5740
5740 1620 5508
5740 5740 5740
5740 2035 5686
5740 5740 5740
5740 5740 5740
5740 5740 5740
5740 5740 5740
5740 5740 5740
5740 3835 5728
5740 5740 5740
5740 5550 5739
5740 5740 5740
5740 5740 5740
5740 5740 5740
5740 5740 5740
5740 5740 5740
5740 5740 5740
5740 5740 5740
5740 5740 5740
5740 5740 5740
5740 5740 5740
5740 5740 5740
5740 5740 5740
5740 5740 5740
5740 5740 5740
5740 5740 5740
5740 5740 5740
5740 5740 5740
5740 5740 5740
5740 5740 5740
5740 5740 5740
5740 5740 5740
5740 5740 5740
5740 5740 5740
5740 5740 5740
5740 5740 5740
5740 5740 5740
5740 5740 5740
5740 5740 5740
5740 5740 5740
5740 5740 5740
5740 5740 5740
5740 5740 5740
5740 5740 5740
5740 5740 5740
5740 5740 5740
5740 5740 5740
5740 5740 5740
5740 5740 5740
5740 5740 5740
5740 5740 5740
5740 5740 5740
5740 5740 5740
5740 5740 5740
5740 5740 5740
5740 5740 5740
5740 5740 5740
5740 5740 5740
5740 5740 5740
5740 5740 5740
5740 5740 5740
5740 5740 5740
5740 5740 5740
5740 5740 5740
5740 5740 5740
5740 5740 5740
5740 5740 5740
5740 5740 5740
5740 5740 5740
5740 5740 5740
5740 5740 5740
5740 5740 5740
5740 5740 5740
5740 5740 5740
5740 5740 5740
5740 5740 5740
5740 5740 5740
5740 5740 5740
5740 5740 5740
5740 5740 5740
5740 5740 5740
5740 5740 5740
5740 5740 5740
5740 5740 5740
5740 5740 5740
5740 5740 5740
5740 5740 5740
5740 5740 5740
5740 5740 5740
5740 5740 5740
5740 5740 5740
5740 5740 5740
5740 5740 5740
5740 5740 5740
5740 5740 5740
5740 5740 5740
5740 5740 5740
5740 5740 5740
5740 5740 5740
5740 5740 5740
5740 5740 5740
5740 5740 5740
5740 5740 5740
5740 5740 5740
5740 5740 5740
5740 5740 5740
5740 5740 5740
5740 5740 5740
5740 5740 5740
5740 5740 5740
5740 5740 5740
5740 5740 5740
5740 5740 5740
5740 5740 5740
5740 5740 5740
5740 5740 5740
5740 5740 5740
5740 5740 5740
5740 5740 5740
5740 5740 5740
5740 5740 5740
5740 5740 5740
5740 5740 5740
5740 5740 5740
5740 5740 5740
5740 5740 5740
5740 5740 5740
5740 5740 5740
5740 5740 5740
5740 5740 5740
5740 5740 5740
5740 5740 5740
5740 5740 5740
5740 5740 5740
5740 5740 5740
5740 5740 5740
5740 5740 5740
5740 5740 5740
5740 5740 5740
5740 5740 5740
5740 5740 5740
5740 5740 5740
5740 5740 5740
5740 5740 5740
5740 5740 5740
5740 5740 5740
5740 5740 5740
5740 5740 5740
5740 5740 5740
5740 5740 5740
5740 5740 5740
5740 5740 5740
5740 5740 5740
5740 5740 5740
5740 5740 5740
5740 5740 5740
5740 5740 5740
5740 5740 5740
5740 5740 5740
5740 5740 5740
5740 5740 5740
5740 5740 5740
5740 5740 5740
5740 5740 5740
5740 5740 5740
5740 5740 5740
5740 5740 5740
5740 5740 5740
5740 5740 5740
5740 5740 5740
5740 5740 5740
5740 5740 5740
5740 5740 5740
5740 5740 5740
5740 5740 5740
5740 5740 5740
5740 5740 5740
5740 5740 5740
5740 5740 5740
5740 5740 5740
5740 5740 5740
5740 5740 5740
5740 5740 5740
5740 5740 5740
5740 5740 5740
5740 5740 5740
5740 5740 5740
5740 5740 5740
5740 5740 5740
5740 5740 5740
5740 5740 5740
5740 5740 5740
5740 5740 5740
5740 5740 5740
5740 5740 5740
5740 5740 5740
5740 5740 5740
5740 5740 5740
5740 5740 5740
5740 5740 5740
5740 5740 5740
5740 5740 5740
5740 5740 5740
5740 5740 5740
5740 5740 5740
5740 5740 5740
5740 5740 5740
5740 5740 5740
5740 5740 5740
5740 5740 5740
5740 5740 5740
5740 5740 5740
5740 5740 5740
5740 5740 5740
5740 5740 5740
5740 5740 5740
5740 5740 5740
5740 5740 5740
5740 5740 5740
5740 5740 5740
5740 5740 5740
5740 5740 5740
5740 5740 5740
5740 5740 5740
5740 5740 5740
5740 5740 5740
5740 5740 5740
5740 5740 5740
5740 5740 5740
5740 5740 5740
5740 5740 5740
5740 5740 5740
5740 5740 5740
5740 5740 5740
5740 5740 5740
5740 5740 5740
5740 5740 5740
5740 5740 5740
5740 5740 5740
5740 5740 5740
5740 5740 5740
5740 5740 5740
5740 5740 5740
5740 5740 5740
5740 5740 5740
5740 5740 5740
5740 5740 5740
5740 5740 5740
5740 5740 5740
5740 5740 5740
5740 5740 5740
5740 5740 5740
5740 5740 5740
5740 5740 5740
5740 5740 5740
5740 5740 5740
5740 5740 5740
5740 5740 5740
5740 5740 5740
5740 5740 5740
5740 5740 5740
5740 5740 5740
5740 5740 5740
5740 5740 5740
5740 5740 5740
5740 5740 5740
5740 5740 5740
5740 5740 5740
5740 5740 5740
5740 5740 5740
5740 5740 5740
5740 5740 5740
5740 5740 5740
5740 5740 5740
5740 5740 5740
5740 5740 5740
5740 5740 5740
5740 5740 5740
5740 5740 5740
5740 5740 5740
5740 5740 5740
5740 5740 5740
5740 5740 5740
5740 5740 5740
5740 5740 5740
5740 5740 5740
5740 5740 5740
5740 5740 5740
5740 5740 5740
5740 5740 5740
5740 5740 5740
5740 5740 5740
5740 5740 5740
5740 5740 5740
5740 5740 5740
5740 5740 5740
5740 5740 5740
5740 5740 5740
5740 5740 5740
5740 5740 5740
5740 5740 5740
5740 5740 5740
5740 5740 5740
5740 5740 5740
5740 5740 5740
5740 5740 5740
5740 5740 5740
5740 5740 5740
5740 5740 5740
5740 5740 5740
5740 5740 5740
5740 5740 5740
5740 5740 5740
5740 5740 5740
5740 5740 5740
5740 5740 5740
5740 5740 5740
5740 5740 5740
5740 5740 5740
5740 5740 5740
5740 5740 5740
5740 5740 5740
5740 5740 5740
5740 5740 5740
5740 5740 5740
5740 5740 5740
5740 5740 5740
5740 5740 5740
5740 5740 5740
5740 5740 5740
5740 5740 5740
5740 5740 5740
5740 5740 5740
5740 5740 5740
5740 5740 5740
5740 5740 5740
5740 5740 5740
5740 5740 5740
5740 5740 5740
5740 5740 5740
5740 5740 5740
5740 5740 5740
5740 5740 5740
5740 5740 5740
5740 5740 5740
5740 5740 5740
5740 5740 5740
5740 5740 5740
5740 5740 5740
5740 5740 5740
5740 5740 5740
5740 5740 5740
5740 5740 5740
5740 5740 5740
5740 5740 5740
5740 5740 5740
5740 5740 5740
5740 5740 5740
5740 5740 5740
5740 5740 5740
5740 5740 5740
5740 5740 5740
5740 5740 5740
5740 5740 5740
5740 5740 5740
5740 5740 5740
5740 5740 5740
5740 5740 5740
5740 5740 5740
5740 5740 5740
5740 5740 5740
5740 5740 5740
5740 5740 5740
5740 5740 5740
5740 5740 5740
5740 5740 5740
5740 5740 5740
5740 5740 5740
5740 5740 5740
5740 5740 5740
5740 5740 5740
5740 5740 5740
5740 5740 5740
5740 5740 5740
5740 5740 5740
5740 5740 5740
5740 5740 5740
5740 5740 5740
5740 5740 5740
5740 5740 5740
5740 5740 5740
5740 5740 5740
5740 5740 5740
5740 5740 5740
5740 5740 5740
5740 5740 5740
5740 5740 5740
5740 5740 5740
5740 5740 5740
5740 5740 5740
5740 5740 5740
5740 5740 5740
5740 5740 5740
5740 5740 5740
5740 5740 5740
5740 5740 5740
5740 5740 5740
5740 5740 5740
5740 5740 5740
5740 5740 5740
5740 5740 5740
5740 5740 5740
5740 5740 5740
5740 5740 5740
5740 5740 5740
5740 5740 5740
5740 5740 5740
5740 5740 5740
5740 5740 5740
5740 5740 5740
5740 5740 5740
5740 5740 5740
5740 5740 5740
5740 5740 5740
5740 5740 5740
5740 5740 5740
5740 5740 5740
5740 5740 5740
5740 5740 5740
5740 5740 5740
5740 5740 5740
5740 5740 5740
5740 5740 5740
5740 5740 5740
5740 5740 5740
5740 5740 5740
5740 5740 5740
5740 5740 5740
5740 5740 5740
5740 5740 5740
5740 5740 5740
5740 5740 5740
5740 5740 5740
5740 5740 5740
5740 5740 5740
5740 5740 5740
5740 5740 5740
5740 5740 5740
5740 5740 5740
5740 5740 5740
5740 5740 5740
5740 5740 5740
5740 5740 5740
5740 5740 5740
5740 5740 5740
5740 5740 5740
5740 5740 5740
5740 5740 5740
5740 5740 5740
5740 5740 5740
5740 5740 5740
5740 5740 5740
5740 5740 5740
5740 5740 5740
5740 5740 5740
5740 5740 5740
5740 5740 5740
5740 5740 5740
5740 5740 5740
5740 5740 5740
5740 5740 5740
5740 5740 5740
5740 5740 5740
5740 5740 5740
5740 5740 5740
5740 5740 5740
5740 5740 5740
5740 5740 5740
5740 5740 5740
5740 5740 5740
5740 5740 5740
5740 5740 5740
5740 5740 5740
5740 5740 5740
5740 5740 5740
5740 5740 5740
5740 5740 5740
5740 5740 5740
5740 5740 5740
5740 5740 5740
5740 5740 5740
5740 5740 5740
5740 5740 5740
5740 5740 5740
5740 5740 5740
5740 5740 5740
5740 5740 5740
5740 5740 5740
5740 5740 5740
5740 5740 5740
5740 5740 5740
5740 5740 5740
5740 5740 5740
5740 5740 5740
5740 5740 5740
5740 5740 5740
5740 5740 5740
5740 5740 5740
5740 5740 5740
5740 5740 5740
5740 5740 5740
5740 5740 5740
5740 5740 5740
5740 5740 5740
5740 5740 5740
5740 5740 5740
5740 5740 5740
5740 5740 5740
5740 5740 5740
5740 5740 5740
5740 5740 5740
5740 5740 5740
5740 5740 5740
5740 5740 5740
5740 5740 5740
5740 5740 5740
5740 5740 5740
5740 5740 5740
5740 5740 5740
5740 5740 5740
5740 5740 5740
5740 5740 5740
5740 5740 5740
5740 5740 5740
5740 5740 5740
5740 5740 5740
5740 5740 5740
5740 5740 5740
5740 5740 5740
5740 5740 5740
5740 5740 5740
5740 5740 5740
5740 5740 5740
5740 5740 5740
5740 5740 5740
5740 5740 5740
5740 5740 5740
5740 5740 5740
5740 5740 5740
5740 5740 5740
5740 5740 5740
5740 5740 5740
5740 5740 5740
5740 5740 5740
5740 5740 5740
5740 5740 5740
5740 5740 5740
5740 5740 5740
5740 5740 5740
5740 5740 5740
5740 5740 5740
5740 5740 5740
5740 5740 5740
5740 5740 5740
5740 5740 5740
5740 5740 5740
5740 5740 5740
5740 5740 5740
5740 5740 5740
5740 5740 5740
5740 5740 5740
5740 5740 5740
5740 5740 5740
5740 5740 5740
5740 5740 5740
5740 5740 5740
5740 5740 5740
5740 5740 5740
5740 5740 5740
5740 5740 5740
5740 5740 5740
5740 5740 5740
5740 5740 5740
5740 5740 5740
5740 5740 5740
5740 5740 5740
5740 5740 5740
5740 5740 5740
5740 5740 5740
5740 5740 5740
5740 5740 5740
5740 5740 5740
5740 5740 5740
5740 5740 5740
5740 5740 5740
5740 5740 5740
5740 5740 5740
5740 5740 5740
5740 5740 5740
5740 5740 5740
5740 5740 5740
5740 5740 5740
5740 5740 5740
5740 5740 5740
5740 5740 5740
5740 5740 5740
5740 5740 5740
5740 5740 5740
5740 5740 5740
5740 5740 5740
5740 5740 5740
5740 5740 5740
5740 5740 5740
5740 5740 5740
5740 5740 5740
5740 5740 5740
-9505 -7780 -8995
-6590 -8830 -8226
-4065 -8510 -7912
-4065 -8610 -7788
-3120 -8610 -7625
-3120 -8570 -7556
-3120 -8405 -7404
-3120 -8520 -7368
-3120 -8475 -7252
-3120 -8400 -7100
-3120 -8420 -7004
-3120 -8290 -6863
-3120 -8450 -6829
-3120 -8480 -6802
-3120 -8510 -6729
-3120 -8460 -6611
-3120 -8400 -6577
-3120 -8480 -6549
-3120 -8410 -6409
-3120 -8540 -6486
-3120 -8540 -6364
-3120 -8610 -6367
-3120 -8460 -6213
-3120 -8680 -6283
-3120 -8585 -6230
-3120 -8600 -6024
-3120 -8780 -6108
-3120 -8610 -5977
-2830 -8780 -6068
-2830 -8490 -5723
-2830 -8550 -5815
-2830 -8420 -5707
-2830 -8540 -5777
-2830 -8510 -5598
-2830 -8545 -5726
-2830 -8505 -5702
-2830 -8585 -5703
-2830 -8515 -5708
-2830 -8625 -5680
-2830 -8590 -5695
-2830 -8590 -5599
-2830 -8630 -5617
-2830 -8520 -5602
-285 -8525 -5470
-285 -8475 -5495
-285 -8610 -5548
-285 -8435 -5372
-285 -8475 -5445
-285 -8410 -5349
-285 -8370 -5423
-285 -8510 -5485
-285 -8580 -5334
-285 -8495 -5268
-285 -8400 -5363
-285 -8505 -5407
-285 -8440 -5219
-285 -8300 -5171
-285 -8420 -5342
-285 -8370 -5233
-285 -8520 -5403
-285 -8475 -5382
-285 -8475 -5223
-285 -8310 -5194
-285 -8310 -5108
-285 -8345 -5140
-285 -8275 -5183
-285 -8320 -5198
-285 -8375 -5182
-285 -8210 -4952
-285 -8450 -5227
-285 -8240 -5017
-285 -8240 -4998
-285 -8380 -5122
-285 -8275 -5108
-285 -8330 -5150
-285 -8370 -5117
-285 -8540 -5238
-285 -8460 -5036
-285 -8360 -4991
-285 -8295 -4917
-285 -8450 -5126
-285 -8215 -4920
-285 -8305 -4947
-285 -8270 -4988
-285 -8395 -5010
-285 -8295 -4855
-285 -8375 -4934
-285 -8240 -4837
-285 -8375 -4935
-285 -8265 -4940
-285 -8375 -4975
-285 -8205 -4843
-285 -8225 -5020
-285 -8205 -4945
-285 -8345 -4968
-285 -8250 -4873
-285 -8275 -4874
-285 -8205 -4903
-285 -8200 -4896
910 -8140 -4740
910 -8380 -5013
910 -8370 -4877
910 -8295 -4891
910 -8270 -4842
910 -8170 -4711
910 -8280 -4989
910 -8305 -4893
910 -8105 -4750
910 -8190 -4767
910 -8275 -4949
910 -8140 -4788
910 -8365 -4873
910 -8410 -4945
910 -8205 -4886
910 -8275 -4752
910 -8120 -4820
910 -8070 -4746
910 -8110 -4662
910 -8115 -4784
910 -8440 -4874
910 -8185 -4741
910 -8195 -4852
910 -8200 -4873
910 -8250 -4782
910 -8065 -4622
910 -8270 -4723
910 -8145 -4677
910 -8175 -4828
910 -8190 -4681
910 -8255 -4896
910 -8115 -4684
910 -8210 -4707
910 -8210 -4776
910 -8205 -4689
910 -8135 -4658
910 -8275 -4748
910 -8360 -4836
910 -8195 -4672
910 -8055 -4542
1160 -8240 -4608
1160 -8330 -4754
1160 -8215 -4784
1160 -8180 -4617
1160 -8165 -4689
1160 -8275 -4593
1160 -8110 -4446
1160 -8160 -4562
1160 -8275 -4644
1160 -8050 -4438
1160 -8255 -4510
1160 -8160 -4418
1160 -8255 -4686
1160 -8015 -4470
1160 -8240 -4383
1160 -8270 -4560
1160 -8155 -4260
1160 -8205 -4477
1160 -8330 -4421
1160 -8045 -4276
1160 -8120 -4355
1160 -8055 -4382
1160 -8115 -4407
1160 -8110 -4346
1160 -8205 -4358
1160 -8120 -4512
1160 -8285 -4558
1160 -8080 -4253
1160 -8120 -4341
1160 -8185 -4391
1160 -8220 -4333
1160 -7990 -4319
1160 -8210 -4410
1160 -8075 -4274
1160 -8245 -4171
1160 -8220 -4366
1160 -8265 -4379
1160 -8325 -4327
1160 -8300 -4373
1160 -8240 -4401
1160 -8210 -4331
1160 -8240 -4384
1160 -8265 -4275
1160 -8185 -4269
1160 -7955 -4175
1160 -8185 -4412
1160 -8205 -4224
1160 -7975 -4130
1160 -8170 -4291
1160 -8155 -4312
1160 -8110 -4196
1160 -8115 -4192
1160 -7890 -3868
1160 -8030 -4158
1160 -8120 -4007
1160 -8160 -4223
1160 -8140 -4215
1160 -8070 -4089
1160 -8025 -4083
1160 -8150 -4115
1160 -7825 -4002
1160 -8040 -4104
1160 -8185 -4141
1160 -8240 -3993
1160 -7975 -3859
1160 -8000 -4036
1160 -8170 -4160
1160 -8140 -4146
1160 -7970 -3853
1160 -8355 -4134
1160 -8245 -4022
1160 -8040 -3848
1160 -8235 -3998
1290 -8145 -3984
1290 -8095 -3834
1290 -8180 -4141
1290 -8175 -3989
1290 -8205 -3810
1290 -8260 -3866
1290 -8085 -3766
1290 -8155 -3662
1290 -8150 -3955
1290 -8205 -3772
1290 -8050 -3791
1290 -8230 -3706
1290 -8075 -3685
1290 -8305 -3866
1290 -8255 -3853
1290 -8335 -3880
1290 -8035 -3595
1290 -8100 -3706
1290 -8295 -3892
1290 -8160 -3893
1290 -8330 -3878
1290 -8185 -3701
1290 -8205 -3824
1290 -8180 -3656
1290 -8110 -3723
1290 -8225 -3674
1290 -7950 -3532
1290 -8105 -3640
1290 -8185 -3577
1290 -8200 -3642
1290 -8285 -3673
1290 -8375 -3602
1290 -8060 -3453
1290 -8200 -3508
1290 -8120 -3520
1290 -8335 -3604
1290 -8205 -3666
1290 -8205 -3493
1290 -8105 -3462
1290 -8190 -3634
1290 -8085 -3492
1290 -8470 -3671
1290 -8255 -3360
1290 -8165 -3369
1290 -8105 -3509
1290 -8155 -3634
1290 -8265 -3447
1290 -8205 -3591
1290 -8215 -3520
1290 -8310 -3496
1290 -8140 -3449
1290 -7970 -3444
1290 -8165 -3329
1290 -7995 -3259
1290 -8115 -3436
1290 -8300 -3437
1290 -8240 -3293
1290 -8130 -3337
1290 -8275 -3391
1290 -8180 -3260
1290 -8195 -3362
1290 -8165 -3305
1290 -7955 -3119
1290 -8290 -3486
1290 -8065 -3219
1290 -8310 -3240
1290 -8165 -3219
1290 -8170 -3155
1290 -8260 -3132
1290 -8300 -3188
1290 -8280 -3292
1290 -8275 -3159
1290 -8085 -2992
1290 -8275 -3304
1290 -8200 -2996
1290 -8055 -3001
1290 -8105 -3031
1290 -8240 -3267
1290 -8080 -3055
1290 -8290 -3120
1290 -8075 -3093
1290 -8275 -3039
1290 -8395 -3190
1290 -8175 -3169
1290 -8190 -3244
1290 -8185 -2966
1290 -8205 -3150
1290 -8325 -3203
1290 -8195 -3075
1290 -8065 -2914
1290 -8150 -2684
1290 -8110 -2826
1290 -7985 -2777
1290 -8185 -3020
1290 -8260 -2980
1290 -8185 -3038
1290 -8385 -3084
1290 -8110 -2855
1290 -8205 -3111
1290 -8180 -2859
1290 -7960 -2643
1290 -8140 -2842
1525 -8105 -2674
1525 -8260 -2878
1525 -8185 -2816
1525 -7965 -2795
1525 -8100 -2753
1525 -8040 -2870
1525 -8055 -2778
1525 -8065 -2879
1525 -7940 -2664
1525 -7910 -2658
1525 -8140 -2692
1525 -8090 -2769
1525 -8255 -2875
1525 -8170 -2858
1525 -8105 -2859
1525 -8040 -2620
1525 -8025 -2803
1525 -8150 -2750
1525 -8100 -2842
1525 -7920 -2679
1525 -8120 -2841
1525 -8125 -2638
1525 -8260 -2992
1525 -7945 -2418
1525 -7970 -2724
1525 -7950 -2666
1525 -8020 -2619
1525 -7895 -2502
1525 -8205 -2757
1525 -7850 -2570
1525 -7875 -2595
1525 -7985 -2608
1525 -8045 -2356
1525 -8140 -2780
1525 -8045 -2777
1525 -7780 -2371
1525 -7945 -2487
1810 -8045 -2631
1810 -8055 -2642
1810 -7835 -2307
1810 -7945 -2601
1810 -7920 -2494
1810 -8115 -2718
1810 -8115 -2726
1810 -7975 -2687
1810 -7990 -2583
1810 -8060 -2482
1810 -7935 -2425
1810 -8110 -2601
1810 -8195 -2734
1810 -8060 -2344
1810 -7875 -2376
1810 -8125 -2552
1810 -7885 -2553
1810 -7925 -2445
1810 -8205 -2654
1810 -7840 -2485
1810 -7805 -2330
1810 -8200 -2571
1810 -7775 -2422
1810 -7905 -2454
1810 -7745 -2248
1835 -7875 -2598
1835 -7790 -2369
1835 -8020 -2430
1835 -8065 -2652
1835 -7945 -2422
1835 -7995 -2460
1835 -7870 -2205
1835 -8105 -2489
1835 -8145 -2611
1835 -8065 -2384
1835 -7785 -2405
1835 -8055 -2607
1835 -8115 -2514
1835 -8015 -2477
1835 -8055 -2318
1835 -7735 -2283
1835 -7795 -2338
1835 -8010 -2141
1835 -7755 -2188
1925 -7980 -2406
1925 -7780 -2205
1925 -7780 -2036
1925 -8055 -2565
1925 -8105 -2464
1925 -8030 -2584
1925 -8070 -2489
1925 -7840 -2304
1925 -8005 -2436
1925 -7850 -2256
1925 -7795 -2208
1925 -7700 -1967
1925 -7745 -2321
1925 -7700 -1963
1925 -7710 -2149
1925 -7800 -1831
1925 -7575 -1862
1925 -7870 -2111
1925 -7680 -1909
1925 -7890 -2077
1925 -7815 -2110
1925 -7730 -2035
1925 -7480 -1964
1925 -7780 -2001
1925 -7730 -1955
1925 -7725 -2064
1925 -7480 -2053
1925 -7920 -1940
1925 -8060 -1998
1925 -7740 -1999
1925 -7800 -2179
1925 -7560 -1651
1925 -7785 -1892
1925 -7315 -1506
1925 -7915 -1916
1925 -7575 -1783
1925 -7770 -1983
1925 -7765 -1975
1925 -7785 -1672
1925 -7690 -1769
1925 -7940 -2232
1925 -7675 -1943
1925 -7635 -1765
1925 -7765 -1879
1945 -7700 -1920
1945 -7555 -1762
1945 -7740 -1890
1945 -7710 -1808
1945 -7330 -1536
1945 -7655 -1833
1945 -7790 -1723
1945 -7665 -1544
1945 -7565 -1617
1945 -7330 -1381
1945 -7540 -1743
1945 -7680 -1976
1945 -7565 -1742
1945 -7785 -1986
2025 -7670 -1648
2035 -7670 -1675
2035 -7200 -1528
2035 -7465 -1490
2035 -7430 -1484
2035 -7645 -1741
2035 -7330 -1510
2035 -7635 -1739
2035 -7390 -1647
2035 -7740 -1912
2035 -7635 -1629
2035 -7440 -1422
2035 -7330 -1487
2035 -7460 -1641
2035 -7465 -1395
2035 -7535 -1585
2035 -7640 -1675
2035 -7245 -1286
2035 -7295 -1299
2035 -7350 -1531
2035 -7445 -1622
2035 -7550 -1585
2035 -7735 -1586
2035 -7130 -1120
2035 -7140 -1230
2035 -7655 -1734
2035 -7330 -1377
2035 -7565 -1649
2035 -7370 -1316
2035 -7450 -1511
2035 -7235 -1440
2035 -7245 -1313
2035 -7280 -1321
2035 -7600 -1519
2035 -7195 -1200
2035 -7395 -1353
2035 -7085 -1273
2035 -7345 -1060
2035 -7430 -1513
2035 -7195 -1257
2035 -7500 -1559
2035 -7415 -1479
2035 -7565 -1507
2035 -7405 -1323
2035 -7275 -1379
2035 -7160 -1330
2035 -7160 -989
2035 -7375 -1302
2035 -7480 -1461
2035 -7140 -1307
2035 -7305 -1297
2035 -7485 -1349
2035 -7460 -1437
2035 -7430 -1391
2035 -6890 -1119
2035 -7330 -1283
2035 -7360 -1132
2035 -7285 -1187
2035 -7350 -1200
2035 -7365 -1199
2035 -7360 -1374
2035 -7605 -1485
2035 -7270 -1057
2035 -7080 -1191
2035 -7530 -1335
2035 -7385 -1331
2035 -7280 -1154
2035 -7260 -1155
2035 -7225 -1237
2035 -7225 -1359
2035 -7260 -1174
2035 -7455 -1095
2035 -7365 -1162
2035 -7225 -998
2035 -6950 -910
2035 -7455 -1178
2035 -6630 -704
2035 -6995 -820
2035 -6920 -977
2035 -7295 -1273
2035 -6570 -600
2035 -7105 -711
2035 -6920 -902
2035 -7260 -868
2035 -6655 -657
2035 -6625 -655
2035 -6990 -774
2035 -6525 -509
2035 -7130 -710
2035 -7330 -757
2035 -7150 -871
2035 -7260 -1032
2035 -6530 -680
2035 -7130 -697
2035 -6890 -906
2060 -7340 -998
2060 -7140 -984
2060 -6960 -598
2060 -7135 -951
2060 -7195 -1045
2060 -6830 -914
2060 -7055 -821
2060 -7305 -1217
2060 -7040 -757
2060 -6585 -518
2060 -6910 -859
2060 -6625 -681
2060 -7465 -1327
2060 -6655 -776
2060 -6605 -733
2060 -6700 -722
2060 -6520 -467
2060 -6525 -789
2060 -7205 -629
2060 -6965 -532
2060 -7330 -1220
2060 -6900 -808
2060 -6585 -607
2060 -6455 -466
2060 -6935 -611
2060 -6900 -679
2060 -6845 -595
2060 -6710 -437
2060 -6930 -741
2060 -6745 -869
2060 -7000 -718
2060 -6850 -670
2060 -6630 -625
2060 -7035 -870
2060 -6650 -428
2060 -7080 -929
2060 -7035 -740
2060 -7145 -986
2060 -6950 -669
2060 -6930 -686
2060 -6795 -760
2060 -7115 -977
2060 -6950 -761
2060 -6630 -544
2060 -5560 -338
2060 -6645 -404
2060 -6850 -801
2060 -6725 -486
2060 -6715 -619
2060 -6330 -415
2060 -6865 -788
2060 -6515 -379
2060 -7010 -661
2060 -6140 -462
2060 -6860 -689
2060 -6100 -603
2060 -6830 -584
2060 -6860 -832
2060 -6900 -644
2060 -6835 -612
2060 -7135 -753
2060 -6545 -470
2060 -7135 -476
2060 -6355 -401
2060 -7135 -881
2060 -7385 -1124
2060 -6695 -663
2060 -6630 -544
2060 -6860 -647
2060 -7115 -507
2060 -7040 -811
2060 -6635 -549
2060 -6605 -566
2060 -6415 -671
2060 -7035 -885
2060 -6625 -514
2060 -6740 -441
2060 -6415 -546
2060 -7055 -775
2060 -6045 -330
2060 -6650 -357
2060 -5820 -162
2060 -6595 -467
2060 -6825 -536
2060 -6225 -491
2060 -6620 -526
2060 -6630 -396
2060 -6545 -579
2060 -6225 -433
2060 -6830 -490
2060 -6695 -609
2060 -6015 -152
2060 -6865 -260
2060 -6740 -538
2060 -6255 -240
2060 -6115 -364
2060 -6330 -435
2060 -5425 -223
2060 -6740 -582
2060 -6710 -419
2060 -6515 -457
2060 -6540 -428
2060 -6630 -497
2060 -7035 -518
2060 -6515 -325
2060 -6650 -824
2060 -6285 -467
2060 -6515 -526
2165 -6645 -492
2165 -5585 -153
2165 -6730 -668
2165 -6200 -493
2165 -4875 -51
2165 -6435 -480
2165 -6835 -571
2165 -6335 -438
2165 -6525 -237
2165 -6250 -508
2165 -5770 -261
2165 -4740 -129
2165 -6225 -402
2165 -6045 -399
2165 -6015 -213
2165 -6180 -407
2165 -5440 -133
2165 -6430 -146
2165 -5875 -271
2165 -6715 -271
2165 -5875 -166
2165 -6760 -332
2230 -6335 -391
2230 -6360 -517
2230 -6545 -410
2230 -6505 -384
2230 -6735 -262
2230 -5695 -98
2230 -6360 -317
2230 -6765 -696
2230 -5630 66
2230 -5695 -133
2230 -6440 -474
2230 -6525 -342
2230 -5585 -52
2230 -5585 -24
2230 -6755 -441
2230 -5805 -45
2230 -4875 -261
2230 -6095 -344
2230 -6090 -164
2230 -6025 -178
2230 -6685 -335
2230 -6095 -367
2230 -6230 -388
2230 -6430 -355
2230 -6635 -360
2230 -6430 -333
2230 -5885 -385
2230 -5320 -66
2230 -6145 -217
2230 -5530 -98
2230 -6025 -133
2230 -6710 -493
2230 -5585 -208
2230 -6385 -526
2230 -4840 34
2230 -6015 -206
2230 -4840 -118
2230 -6180 -372
2230 -6395 -364
2230 -5795 -182
2230 -4470 100
2230 -5845 -147
2230 -6450 -113
2230 -6305 -373
2230 -6105 -178
2230 -6650 -263
2230 -4740 18
2230 -5235 -94
2230 -6210 -326
2230 -5725 -200
2230 -5785 -375
2300 -6455 -188
2300 -4800 -37
2300 -5825 -170
2300 -5810 -47
2300 -6615 -502
2300 -5695 -169
2300 -6450 -417
2300 -4930 -58
2300 -6015 -140
2300 -6285 -312
2300 -6360 -459
2300 -6455 -53
2300 -6210 -562
2300 -5665 -113
2300 -6540 -308
2300 -5065 -16
2300 -5735 -51
2300 -4525 62
2300 -5725 -157
2300 -5560 156
2300 -6135 -216
2300 -6315 -280
2300 -4525 116
2300 -5875 -35
2300 -6025 -145
2300 -6110 -181
2300 -5895 -54
2300 -5065 -5
2300 -4060 160
2300 -4840 49
2300 -6295 -93
2300 -6310 -428
2300 -5585 -127
2300 -5585 -295
2300 -6130 -455
2300 -6015 -418
2300 -5805 -104
2300 -4960 75
2300 -6095 -162
2300 -4335 74
2300 -5770 8
2300 -4470 218
2300 -6665 -508
2300 -3930 267
2300 -4740 -227
2300 -5655 -59
2300 -4840 -11
2300 -6225 -88
2300 -6765 -349
2300 -6095 -85
2300 -4560 125
2300 -4930 -32
2300 -5725 -31
2300 -5695 -138
2300 -4875 12
2300 -4740 -63
2300 -5065 70
2300 -5585 -199
2300 -6230 -288
2300 -4060 217
2300 -5640 -97
2300 -6235 -102
2300 -4840 -92
2300 -5155 -42
2300 -4200 7
2300 -6145 -406
2300 -5440 119
2300 -6405 -505
2300 -6125 -244
2300 -5065 31
2300 -5585 11
2300 -5235 -64
2300 -4335 295
2300 -4735 -7
2300 -5325 -115
2300 -5065 186
2300 -6105 -243
2300 -6125 -22
2300 -6530 -403
2300 -4200 103
2300 -4605 77
2300 -4525 222
2300 -5210 -62
2300 -5540 198
2300 -5785 -106
3835 -4875 120
3835 -4875 -22
3835 -4335 118
3835 -4875 253
3835 -6115 -68
3835 -6630 -71
3835 -6015 -229
3835 -6020 -126
3835 -4760 273
3835 -5065 15
3835 -4860 100
3835 -5065 16
3835 -5695 -80
3835 -4740 49
3835 -5350 78
3835 -5455 68
3835 -6115 -227
3835 -4740 163
3835 -5470 34
3835 -4875 -122
3835 -4740 -1
3835 -5005 -144
3835 -5890 -198
3835 -5610 25
3835 -4605 31
3835 -4775 12
3835 -5975 -138
3835 -6285 -326
3835 -4505 222
3835 -5880 -182
3835 -4775 259
3835 -5615 -170
3835 -6250 -150
3835 -6780 -578
3835 -5775 -15
3835 -4740 272
3835 -5240 404
3835 -6390 -18
3835 -4660 163
3835 -5625 -54
3835 -5450 443
3835 -3920 557
3835 -6030 67
3835 -5355 321
5550 -4740 438
5550 -4335 694
5550 -4065 713
5550 -4525 665
5550 -4135 663
5550 -4200 795
5550 -4425 970
5550 -3785 1233
5550 -4065 1055
5550 -4555 1039
5740 -4605 1267
5740 -4140 1289
5740 -3850 1425
5740 -4740 1046
5740 -3795 1866
5740 -3745 1627
5740 -4060 1547
5740 -3610 1652
5740 -4120 1512
5740 -4060 1640
5740 -3350 1842
5740 -3785 1816
5740 -3795 1816
5740 -3850 1884
5740 -3795 1727
5740 -4040 1781
5740 -3635 1973
5740 -3660 1815
5740 -3290 2239
5740 -3520 2250
5740 -3615 2360
5740 -3850 2167
5740 -3795 2087
5740 -3530 2600
5740 -3730 2135
5740 -3415 2897
5740 -4025 2300
5740 -3630 2502
5740 -3195 3204
5740 -3295 2831
5740 -3125 3056
5740 -3430 2827
5740 -3175 3117
5740 -3430 3018
5740 -3295 2869
5740 -3515 3108
5740 -3260 3010
5740 -3155 3015
5740 -3390 2972
5740 -2995 3285
5740 -3030 3348
5740 -3465 2770
5740 -3130 3110
5740 -3325 3183
5740 -3155 3221
5740 -2925 3202
5740 -3485 2928
5740 -3020 3179
5740 -3255 2956
5740 -3525 3055
5740 -3295 3002
5740 -3395 2782
5740 -3365 2968
5740 -3130 2953
5740 -3390 2965
5740 -3290 3004
5740 -3525 2858
5740 -3175 3256
5740 -3390 2936
5740 -2920 3210
5740 -3020 3339
5740 -3425 3115
5740 -3430 2822
5740 -3120 3036
5740 -3655 2577
5740 -3565 2836
5740 -3195 3221
5740 -3130 3215
5740 -3225 3313
5740 -3075 3225
5740 -3020 3490
5740 -2925 3254
5740 -3365 2934
5740 -3410 3088
5740 -3250 3150
5740 -3340 3204
5740 -3155 3246
5740 -3155 3138
5740 -2990 3475
5740 -3505 2959
5740 -3110 3154
5740 -2750 3390
5740 -3060 3313
5740 -2655 3556
5740 -2820 3216
5740 -3025 3328
5740 -2945 3190
5740 -3230 3181
5740 -3130 3239
5740 -2985 3021
5740 -3035 3287
5740 -3395 3196
5740 -3360 3112
5740 -3150 3213
5740 -2920 3321
5740 -3290 2952
5740 -3130 3198
5740 -2940 3383
5740 -3015 3311
5740 -2315 3798
5740 -3190 3530
5740 -3290 3305
5740 -2955 3360
5740 -2615 3650
5740 -3020 3086
5740 -2795 3395
5740 -2920 3468
5740 -3255 3157
5740 -3015 3297
5740 -2320 3785
5740 -2310 3653
5740 -2410 3546
5740 -2675 3746
5740 -2595 3459
5740 -2815 3429
5740 -2965 3168
5740 -2310 3780
5740 -2720 3294
5740 -2485 3714
5740 -2805 3256
5740 -2730 3626
5740 -2720 3388
5740 -2915 3532
5740 -2585 3692
5740 -2925 3409
5740 -2880 3685
5740 -2720 3783
5740 -2935 3300
5740 -2830 3591
5740 -2480 3674
5740 -2415 3474
5740 -2935 3317
5740 -2215 3895
5740 -2615 3509
5740 -2615 3653
5740 -2755 3516
5740 -2490 3458
5740 -2830 3439
5740 -2485 3690
5740 -2925 3113
5740 -2930 3610
5740 -2790 3677
5740 -2425 3851
5740 -2195 3683
5740 -2405 3751
5740 -2520 3528
5740 -2230 3878
5740 -2685 3506
5740 -2605 3578
5740 -2830 3505
5740 -2820 3441
5740 -2720 3616
5740 -2830 3455
5740 -2310 3862
5740 -2820 3558
5740 -2705 3408
5740 -2705 3595
5740 -2735 3467
5740 -2405 3716
5740 -2170 3780
5740 -2510 3691
5740 -2435 3587
5740 -1880 4087
5740 -2595 3597
5740 -2420 3755
5740 290 4064
5740 -1880 4064
5740 -2720 3531
5740 -2615 3745
5740 -1790 3902
5740 -1990 4052
5740 -2310 3765
5740 -1330 4156
5740 -1880 3920
5740 -1880 3832
5740 -2705 3535
5740 -2190 3873
5740 -1880 4008
5740 -2855 3567
5740 -2385 3830
5740 290 4113
5740 -520 3847
5740 -1880 3819
5740 -2650 3549
5740 -2410 3631
5740 -1695 3872
5740 -2290 3740
5740 -2120 3975
5740 -1880 3908
5740 -2125 3896
5740 -2090 3825
5740 290 4045
5740 -2215 3840
5740 -1880 4172
5740 -2220 4137
5740 -1135 3898
5740 290 4282
5740 290 4011
5740 385 4142
5740 290 4148
5740 -2220 3916
5740 -1950 3951
5740 -1990 3930
5740 290 4165
5740 290 4125
5740 15 3986
5740 -110 4052
5740 290 4159
5740 385 4477
5740 -1795 4075
5740 -2390 3888
5740 -2190 3827
5740 -1685 4102
5740 -1985 3819
5740 -2205 3683
5740 -2405 4074
5740 385 4140
5740 -2410 3733
5740 -2510 3715
5740 -2310 3958
5740 385 4072
5740 -90 4126
5740 290 4136
5740 710 4566
5740 290 4300
5740 -115 3989
5740 600 4344
5740 290 4269
5740 385 4037
5740 290 4063
5740 290 4345
5740 425 4350
5740 -1990 3994
5740 290 4182
5740 290 4360
5740 710 4319
5740 -1495 4036
5740 110 4190
5740 425 4305
5740 -325 4110
5740 -1880 3989
5740 290 4291
5740 -2520 3975
5740 290 4185
5740 385 4063
5740 290 4277
5740 -305 4135
5740 -285 4159
5740 425 4189
5740 -2000 4100
5740 290 4112
5740 -1990 3961
5740 -1990 4211
5740 290 4019
5740 575 4529
5740 290 4249
5740 385 4268
5740 385 4192
5740 560 4278
5740 290 4337
5740 -595 4186
5740 575 4472
5740 385 4193
5740 575 4390
5740 385 4284
5740 290 4216
5740 290 4377
5740 290 4252
5740 385 4268
5740 425 4406
5740 290 4323
5740 290 4349
5740 290 4268
5740 -2265 4310
5740 290 4133
5740 290 4213
5740 290 4303
5740 290 4204
5740 290 4088
5740 575 4451
5740 695 4309
5740 425 4373
5740 290 4120
5740 385 4379
5740 710 4572
5740 695 4606
5740 790 4570
5740 575 4461
5740 790 4735
5740 290 4320
5740 575 4396
5740 575 4435
5740 965 4590
5740 710 4433
5740 580 4470
5740 1100 4711
5740 385 4285
5740 290 4178
5740 710 4590
5740 425 4088
5740 425 4362
5740 710 4439
5740 1100 4656
5740 1005 4680
5740 695 4437
5740 710 4542
5740 385 4219
5740 980 4550
5740 385 4057
5740 425 4325
5740 425 4372
5740 790 4472
5740 695 4337
5740 790 4376
5740 575 4503
5740 695 4649
5740 965 4813
5740 1390 4814
5740 1250 4908
5740 710 4621
5740 1105 4533
5740 1100 4697
5740 385 4426
5740 970 4705
5740 830 4540
5740 1100 4598
5740 710 4494
5740 575 4741
5740 925 4695
5740 965 4344
5740 1105 4775
5740 425 4185
5740 965 4701
5740 1385 5028
5740 1195 4534
5740 575 4360
5740 1100 4650
5740 980 4476
5740 710 4491
5740 575 4580
5740 1105 4706
5740 1115 4735
5740 980 4823
5740 1115 4980
5740 695 4456
5740 1195 4822
5740 1100 4763
5740 1315 4750
5740 1195 4728
5740 830 4527
5740 965 4783
5740 1470 5064
5740 1105 4731
5740 1250 4928
5740 1100 4825
5740 1105 4864
5740 1100 4746
5740 965 4600
5740 1100 4629
5740 1115 4743
5740 710 4607
5740 965 4706
5740 1195 4879
5740 575 4425
5740 735 4606
5740 710 4734
5740 980 4997
5740 1315 4856
5740 425 4132
5740 1105 4692
5740 1100 4813
5740 1105 4824
5740 830 4591
5740 1100 4729
5740 1335 4642
5740 1115 4825
5740 1385 4935
5740 1250 4976
5740 1470 4951
5740 1435 5192
5740 1315 4879
5740 1435 4966
5740 1315 4813
5740 1195 4928
5740 980 4737
5740 1115 4915
5740 1410 5013
5740 1420 4905
5740 830 4677
5740 1115 4842
5740 1195 4776
5740 1435 5001
5740 1100 4847
5740 1435 4991
5740 1420 4919
5740 1115 4721
5740 1390 5073
5740 1115 4955
5740 1100 4660
5740 1410 4984
5740 1505 5247
5740 1115 4929
5740 1250 4844
5740 1435 5039
5740 1390 4980
5740 1195 4893
5740 1390 4871
5740 1470 5158
5740 1385 5354
5740 1420 5043
5740 1470 5253
5740 1435 5251
5740 1735 5334
5740 1410 5123
5740 1535 5315
5740 1335 4906
5740 1525 5274
5740 1620 5381
5740 1435 5059
5740 1620 5288
5740 1520 5273
5740 1410 5122
5740 1390 5143
5740 1385 5069
5740 1420 5064
5740 1435 4985
5740 1435 4994
5740 1635 5319
5740 1390 5157
5740 1420 5134
5740 1470 5104
5740 1470 5182
5740 1220 4928
5740 1315 5096
5740 1250 4981
5740 1620 5304
5740 1535 5316
5740 1435 5092
5740 1525 5090
5740 2035 5687
5740 1735 5437
5740 1705 5302
5740 1920 5610
5740 1525 5264
5740 1735 5367
5740 1470 5164
5740 1530 5286
5740 1525 5463
5740 1735 5527
5740 1635 5472
5740 1810 5587
5740 1620 5255
5740 1435 5079
5740 2035 5686
5740 1525 5219
5740 1735 5460
5740 1620 5268
5740 1470 5162
5740 1810 5512
5740 1600 5291
5740 1740 5444
5740 1535 5192
5740 1635 5411
5740 1810 5590
5740 1705 5290
5740 1620 5345
5740 1820 5549
5740 1435 5031
5740 1720 5512
5740 1620 5385
5740 1630 5439
5740 2510 5698
5740 2230 5671
5740 2035 5642
5740 1790 5533
5740 1935 5621
5740 1735 5478
5740 2035 5611
5740 2510 5654
5740 1920 5528
5740 3835 5730
5740 1635 5375
5740 1820 5606
5740 1810 5540
5740 1810 5589
5740 1620 5496
5740 1790 5492
5740 1705 5510
5740 1620 5318
5740 2020 5613
5740 1920 5640
5740 1830 5656
5740 1810 5498
5740 1820 5626
5740 5740 5740
5740 2035 5689
5740 1705 5404
5740 1635 5469
5740 1630 5453
5740 2035 5646
5740 1630 5487
5740 5740 5740
5740 5740 5740
5740 5740 5740
5740 2510 5723
5740 5740 5740
5740 2020 5684
5740 5740 5740
5740 5740 5740
5740 5740 5740
5740 5740 5740
5740 5740 5740
5740 5740 5740
5740 3835 5730
5740 5740 5740
5740 5740 5740
5740 5740 5740
5740 1620 5508
5740 5740 5740
5740 2035 5686
5740 5740 5740
5740 5740 5740
5740 5740 5740
5740 5740 5740
5740 5740 5740
5740 3835 5728
5740 5740 5740
5740 5550 5739
5740 5740 5740
5740 5740 5740
5740 5740 5740
5740 5740 5740
5740 5740 5740
5740 5740 5740
5740 5740 5740
5740 5740 5740
5740 5740 5740
5740 5740 5740
5740 5740 5740
5740 5740 5740
5740 5740 5740
5740 5740 5740
5740 5740 5740
5740 5740 5740
5740 5740 5740
5740 5740 5740
5740 5740 5740
5740 5740 5740
5740 5740 5740
5740 5740 5740
5740 5740 5740
5740 5740 5740
5740 5740 5740
5740 5740 5740
5740 5740 5740
5740 5740 5740
5740 5740 5740
5740 5740 5740
5740 5740 5740
5740 5740 5740
5740 5740 5740
5740 5740 5740
5740 5740 5740
5740 5740 5740
5740 5740 5740
5740 5740 5740
5740 5740 5740
5740 5740 5740
5740 5740 5740
5740 5740 5740
5740 5740 5740
5740 5740 5740
5740 5740 5740
5740 5740 5740
5740 5740 5740
5740 5740 5740
5740 5740 5740
5740 5740 5740
5740 5740 5740
5740 5740 5740
5740 5740 5740
5740 5740 5740
5740 5740 5740
5740 5740 5740
5740 5740 5740
5740 5740 5740
5740 5740 5740
5740 5740 5740
5740 5740 5740
5740 5740 5740
5740 5740 5740
5740 5740 5740
5740 5740 5740
5740 5740 5740
5740 5740 5740
5740 5740 5740
5740 5740 5740
5740 5740 5740
5740 5740 5740
5740 5740 5740
5740 5740 5740
5740 5740 5740
5740 5740 5740
5740 5740 5740
5740 5740 5740
5740 5740 5740
5740 5740 5740
5740 5740 5740
5740 5740 5740
5740 5740 5740
5740 5740 5740
5740 5740 5740
5740 5740 5740
5740 5740 5740
5740 5740 5740
5740 5740 5740
5740 5740 5740
5740 5740 5740
5740 5740 5740
5740 5740 5740
5740 5740 5740
5740 5740 5740
5740 5740 5740
5740 5740 5740
5740 5740 5740
5740 5740 5740
5740 5740 5740
5740 5740 5740
5740 5740 5740
5740 5740 5740
5740 5740 5740
5740 5740 5740
5740 5740 5740
5740 5740 5740
5740 5740 5740
5740 5740 5740
5740 5740 5740
5740 5740 5740
5740 5740 5740
5740 5740 5740
5740 5740 5740
5740 5740 5740
5740 5740 5740
5740 5740 5740
5740 5740 5740
5740 5740 5740
5740 5740 5740
5740 5740 5740
5740 5740 5740
5740 5740 5740
5740 5740 5740
5740 5740 5740
5740 5740 5740
5740 5740 5740
5740 5740 5740
5740 5740 5740
5740 5740 5740
5740 5740 5740
5740 5740 5740
5740 5740 5740
5740 5740 5740
5740 5740 5740
5740 5740 5740
5740 5740 5740
5740 5740 5740
5740 5740 5740
5740 5740 5740
5740 5740 5740
5740 5740 5740
5740 5740 5740
5740 5740 5740
5740 5740 5740
5740 5740 5740
5740 5740 5740
5740 5740 5740
5740 5740 5740
5740 5740 5740
5740 5740 5740
5740 5740 5740
5740 5740 5740
5740 5740 5740
5740 5740 5740
5740 5740 5740
5740 5740 5740
5740 5740 5740
5740 5740 5740
5740 5740 5740
5740 5740 5740
5740 5740 5740
5740 5740 5740
5740 5740 5740
5740 5740 5740
5740 5740 5740
5740 5740 5740
5740 5740 5740
5740 5740 5740
5740 5740 5740
5740 5740 5740
5740 5740 5740
5740 5740 5740
5740 5740 5740
5740 5740 5740
5740 5740 5740
5740 5740 5740
5740 5740 5740
5740 5740 5740
5740 5740 5740
5740 5740 5740
5740 5740 5740
5740 5740 5740
5740 5740 5740
5740 5740 5740
5740 5740 5740
5740 5740 5740
5740 5740 5740
5740 5740 5740
5740 5740 5740
5740 5740 5740
5740 5740 5740
5740 5740 5740
5740 5740 5740
5740 5740 5740
5740 5740 5740
5740 5740 5740
5740 5740 5740
5740 5740 5740
5740 5740 5740
5740 5740 5740
5740 5740 5740
5740 5740 5740
5740 5740 5740
5740 5740 5740
5740 5740 5740
5740 5740 5740
5740 5740 5740
5740 5740 5740
5740 5740 5740
5740 5740 5740
5740 5740 5740
5740 5740 5740
5740 5740 5740
5740 5740 5740
5740 5740 5740
5740 5740 5740
5740 5740 5740
5740 5740 5740
5740 5740 5740
5740 5740 5740
5740 5740 5740
5740 5740 5740
5740 5740 5740
5740 5740 5740
5740 5740 5740
5740 5740 5740
5740 5740 5740
5740 5740 5740
5740 5740 5740
5740 5740 5740
5740 5740 5740
5740 5740 5740
5740 5740 5740
5740 5740 5740
5740 5740 5740
5740 5740 5740
5740 5740 5740
5740 5740 5740
5740 5740 5740
5740 5740 5740
5740 5740 5740
5740 5740 5740
5740 5740 5740
5740 5740 5740
5740 5740 5740
5740 5740 5740
5740 5740 5740
5740 5740 5740
5740 5740 5740
5740 5740 5740
5740 5740 5740
5740 5740 5740
5740 5740 5740
5740 5740 5740
5740 5740 5740
5740 5740 5740
5740 5740 5740
5740 5740 5740
5740 5740 5740
5740 5740 5740
5740 5740 5740
5740 5740 5740
5740 5740 5740
5740 5740 5740
5740 5740 5740
5740 5740 5740
5740 5740 5740
5740 5740 5740
5740 5740 5740
5740 5740 5740
5740 5740 5740
5740 5740 5740
5740 5740 5740
5740 5740 5740
5740 5740 5740
5740 5740 5740
5740 5740 5740
5740 5740 5740
5740 5740 5740
5740 5740 5740
5740 5740 5740
5740 5740 5740
5740 5740 5740
5740 5740 5740
5740 5740 5740
5740 5740 5740
5740 5740 5740
5740 5740 5740
5740 5740 5740
5740 5740 5740
5740 5740 5740
5740 5740 5740
5740 5740 5740
5740 5740 5740
5740 5740 5740
5740 5740 5740
5740 5740 5740
5740 5740 5740
5740 5740 5740
5740 5740 5740
5740 5740 5740
5740 5740 5740
5740 5740 5740
5740 5740 5740
5740 5740 5740
5740 5740 5740
5740 5740 5740
5740 5740 5740
5740 5740 5740
5740 5740 5740
5740 5740 5740
5740 5740 5740
5740 5740 5740
5740 5740 5740
5740 5740 5740
5740 5740 5740
5740 5740 5740
5740 5740 5740
5740 5740 5740
5740 5740 5740
5740 5740 5740
5740 5740 5740
5740 5740 5740
5740 5740 5740
5740 5740 5740
5740 5740 5740
5740 5740 5740
5740 5740 5740
5740 5740 5740
5740 5740 5740
5740 5740 5740
5740 5740 5740
5740 5740 5740
5740 5740 5740
5740 5740 5740
5740 5740 5740
5740 5740 5740
5740 5740 5740
5740 5740 5740
5740 5740 5740
5740 5740 5740
5740 5740 5740
5740 5740 5740
5740 5740 5740
5740 5740 5740
5740 5740 5740
5740 5740 5740
5740 5740 5740
5740 5740 5740
5740 5740 5740
5740 5740 5740
5740 5740 5740
5740 5740 5740
5740 5740 5740
5740 5740 5740
5740 5740 5740
5740 5740 5740
5740 5740 5740
5740 5740 5740
5740 5740 5740
5740 5740 5740
5740 5740 5740
5740 5740 5740
5740 5740 5740
5740 5740 5740
5740 5740 5740
5740 5740 5740
5740 5740 5740
5740 5740 5740
5740 5740 5740
5740 5740 5740
5740 5740 5740
5740 5740 5740
5740 5740 5740
5740 5740 5740
5740 5740 5740
5740 5740 5740
5740 5740 5740
5740 5740 5740
5740 5740 5740
5740 5740 5740
5740 5740 5740
5740 5740 5740
5740 5740 5740
5740 5740 5740
5740 5740 5740
5740 5740 5740
5740 5740 5740
5740 5740 5740
5740 5740 5740
5740 5740 5740
5740 5740 5740
5740 5740 5740
5740 5740 5740
5740 5740 5740
5740 5740 5740
5740 5740 5740
5740 5740 5740
5740 5740 5740
5740 5740 5740
5740 5740 5740
5740 5740 5740
5740 5740 5740
5740 5740 5740
5740 5740 5740
5740 5740 5740
5740 5740 5740
5740 5740 5740
5740 5740 5740
5740 5740 5740
5740 5740 5740
5740 5740 5740
5740 5740 5740
5740 5740 5740
5740 5740 5740
5740 5740 5740
5740 5740 5740
5740 5740 5740
5740 5740 5740
5740 5740 5740
5740 5740 5740
5740 5740 5740
5740 5740 5740
5740 5740 5740
5740 5740 5740
5740 5740 5740
5740 5740 5740
5740 5740 5740
5740 5740 5740
5740 5740 5740
5740 5740 5740
5740 5740 5740
5740 5740 5740
5740 5740 5740
5740 5740 5740
5740 5740 5740
5740 5740 5740
5740 5740 5740
5740 5740 5740
5740 5740 5740
5740 5740 5740
5740 5740 5740
5740 5740 5740
5740 5740 5740
5740 5740 5740
5740 5740 5740
5740 5740 5740
5740 5740 5740
5740 5740 5740
5740 5740 5740
5740 5740 5740
5740 5740 5740
5740 5740 5740
5740 5740 5740
5740 5740 5740
5740 5740 5740
5740 5740 5740
5740 5740 5740
5740 5740 5740
5740 5740 5740
5740 5740 5740
5740 5740 5740
5740 5740 5740
5740 5740 5740
5740 5740 5740
5740 5740 5740
5740 5740 5740
5740 5740 5740
5740 5740 5740
5740 5740 5740
5740 5740 5740
5740 5740 5740
5740 5740 5740
5740 5740 5740
5740 5740 5740
5740 5740 5740
5740 5740 5740
5740 5740 5740
5740 5740 5740
5740 5740 5740
5740 5740 5740
5740 5740 5740
5740 5740 5740
5740 5740 5740
5740 5740 5740
5740 5740 5740
5740 5740 5740
5740 5740 5740
5740 5740 5740
5740 5740 5740
5740 5740 5740
5740 5740 5740
5740 5740 5740
5740 5740 5740
5740 5740 5740
5740 5740 5740
5740 5740 5740
5740 5740 5740
5740 5740 5740
5740 5740 5740
5740 5740 5740
5740 5740 5740
5740 5740 5740
5740 5740 5740
5740 5740 5740
5740 5740 5740
5740 5740 5740
5740 5740 5740
5740 5740 5740
5740 5740 5740
5740 5740 5740
5740 5740 5740
5740 5740 5740
5740 5740 5740
5740 5740 5740
5740 5740 5740
5740 5740 5740
5740 5740 5740
5740 5740 5740
5740 5740 5740
5740 5740 5740
5740 5740 5740
5740 5740 5740
5740 5740 5740
5740 5740 5740
5740 5740 5740
5740 5740 5740
5740 5740 5740
5740 5740 5740
5740 5740 5740
5740 5740 5740
5740 5740 5740
5740 5740 5740
5740 5740 5740
5740 5740 5740
5740 5740 5740
5740 5740 5740
5740 5740 5740
5740 5740 5740
5740 5740 5740
5740 5740 5740
5740 5740 5740
5740 5740 5740
5740 5740 5740
5740 5740 5740
5740 5740 5740
5740 5740 5740
5740 5740 5740
5740 5740 5740
5740 5740 5740
5740 5740 5740
5740 5740 5740
5740 5740 5740
5740 5740 5740
5740 5740 5740
5740 5740 5740
5740 5740 5740
5740 5740 5740
5740 5740 5740
5740 5740 5740
5740 5740 5740
5740 5740 5740
5740 5740 5740
5740 5740 5740
5740 5740 5740
5740 5740 5740
5740 5740 5740
5740 5740 5740
5740 5740 5740
5740 5740 5740
5740 5740 5740
5740 5740 5740
5740 5740 5740
5740 5740 5740
5740 5740 5740
5740 5740 5740
5740 5740 5740
5740 5740 5740
5740 5740 5740
5740 5740 5740
5740 5740 5740
5740 5740 5740
5740 5740 5740
5740 5740 5740
5740 5740 5740
5740 5740 5740
5740 5740 5740
5740 5740 5740
5740 5740 5740
5740 5740 5740
5740 5740 5740
5740 5740 5740
5740 5740 5740
5740 5740 5740
5740 5740 5740
5740 5740 5740
5740 5740 5740
5740 5740 5740
5740 5740 5740
5740 5740 5740
5740 5740 5740
5740 5740 5740
5740 5740 5740
5740 5740 5740
5740 5740 5740
