-46575 -46875 -41354
-29390 -37735 -35642
-14555 -36790 -34968
-14555 -37575 -34301
-13250 -37485 -33884
-13250 -38190 -33847
-13250 -37590 -33413
-13250 -37590 -33059
-12350 -38070 -32969
-12350 -37990 -32680
-12350 -38185 -32552
-12350 -37875 -32420
-12175 -38775 -32222
-12175 -39195 -32189
-12175 -38330 -32327
-12175 -37790 -31929
-12175 -38010 -31857
-12175 -39090 -32034
-12175 -38070 -31812
-12175 -37800 -31524
-12175 -39565 -31758
-12175 -39075 -31553
-12175 -38185 -31429
-10650 -38200 -31075
-10370 -38175 -30831
-10370 -37575 -30302
-10370 -37570 -30409
-10370 -38070 -30311
-10370 -36795 -29821
-10370 -38175 -29993
-10370 -37470 -29783
-10370 -38175 -29857
-10370 -39805 -29585
-10370 -38070 -29513
-10370 -39435 -29191
-10370 -38070 -29177
-10370 -40770 -29417
-10370 -38070 -28995
-10370 -38175 -28741
-10370 -38085 -28476
-10370 -37575 -28153
-10370 -40025 -28508
-10370 -40875 -28517
-10370 -36920 -27634
-10370 -38385 -27638
-10370 -38175 -27182
-10370 -37485 -27130
-10370 -38175 -26941
-10370 -37770 -26670
-10370 -36985 -26392
-10370 -38215 -26234
-10370 -38655 -26290
-10370 -37920 -26147
-10370 -37875 -26023
-10370 -37535 -25676
-10370 -38070 -25717
-10370 -37845 -25264
-10370 -37875 -25305
-10370 -37055 -24899
-10370 -37575 -24622
-10370 -36820 -24738
-10370 -38175 -24518
-10370 -38070 -24381
-10370 -38070 -24450
-10370 -37470 -24602
-10370 -38175 -24449
-10370 -37535 -23993
-10370 -38070 -24464
-10370 -38085 -24139
-10370 -36930 -23568
-10370 -37670 -23892
-10370 -36845 -23382
-10370 -37925 -24058
-10370 -38080 -23615
-10370 -37655 -23725
-10370 -38175 -23711
-10370 -39395 -23866
-10370 -36300 -23298
-10370 -36610 -23549
-10370 -37485 -23605
-10370 -37865 -23749
-10370 -37610 -23624
-10370 -36610 -23323
-10370 -36570 -23463
-10370 -38730 -23719
-10370 -37570 -23484
-10370 -36745 -22904
-10370 -38175 -23521
-10370 -37440 -22867
-10370 -38070 -23127
-10370 -36765 -23378
-10370 -36300 -23147
-10370 -38030 -22881
-10370 -36630 -23283
-10370 -36300 -22592
-10370 -36380 -23097
-10370 -36300 -22959
-10370 -38175 -23080
-10370 -37790 -23268
-10370 -36975 -22852
-10370 -38070 -23335
-10370 -36725 -23255
-10370 -37520 -22726
-10370 -37680 -23015
-10370 -37575 -23031
-10370 -37785 -23019
-10370 -37635 -23309
-10370 -38655 -23252
-10370 -38175 -23014
-10370 -36300 -22716
-10370 -38070 -23083
-10370 -36505 -22463
-10370 -39370 -23179
-10370 -36300 -22058
-10370 -38175 -22911
-10370 -37880 -22482
-10370 -36300 -22416
-10370 -37250 -22640
-10370 -37430 -22352
-10370 -36570 -22638
-10370 -36300 -22413
-10370 -38175 -22721
-10370 -36300 -22084
-10370 -37875 -22639
-10370 -36300 -22376
-10370 -37875 -22528
-10370 -38515 -22113
-10370 -37690 -22882
-10370 -36285 -22212
-10370 -36320 -22357
-10370 -37575 -22343
-10370 -38070 -22584
-10370 -36300 -21608
-10370 -36300 -22206
-10370 -37575 -22241
-10370 -37655 -22392
-10370 -36300 -22701
-10370 -37345 -22100
-10370 -36285 -21912
-10370 -36285 -22134
-10370 -36300 -21876
-10370 -38085 -22392
-10370 -37620 -22279
-10370 -38405 -22528
-10370 -36630 -22449
-10370 -36305 -22691
-10370 -37210 -22489
-10370 -36920 -22264
-10370 -36285 -21902
-9565 -36800 -22186
-9565 -36300 -21498
-9565 -36300 -21518
-9565 -36300 -21838
-9565 -36300 -22507
-9565 -37395 -21969
-9565 -36285 -21823
-9565 -36300 -22338
-9565 -36300 -21858
-9565 -36300 -22107
-9565 -36285 -21900
-9565 -36300 -22030
-9565 -36300 -21810
-9565 -37400 -22265
-9565 -36675 -21955
-9565 -36285 -22205
-9565 -36300 -22024
-9565 -36300 -21484
-9565 -36300 -21742
-9565 -36300 -22174
-9565 -36300 -21878
-9565 -36300 -21421
-9565 -36285 -21508
-9565 -36300 -21963
-9565 -36285 -21921
-9565 -36285 -21509
-9565 -37560 -22321
-9565 -36300 -21974
-9565 -37005 -22045
-9565 -37780 -22159
-9565 -36300 -21660
-9565 -36435 -21973
-9565 -37535 -21982
-9565 -36360 -21712
-9565 -36300 -21945
-9565 -36285 -21860
-9565 -37055 -21778
-9565 -37790 -21935
-9565 -36300 -21283
-9565 -36285 -21210
-9565 -36300 -22003
-9565 -36300 -21989
-9565 -36285 -21765
-9565 -36285 -21500
-9565 -36300 -21265
-9565 -36640 -21986
-9565 -36300 -22075
-9565 -36300 -21685
-9565 -36300 -21844
-9565 -36300 -22142
-9565 -36300 -21771
-9565 -36300 -22194
-9565 -36300 -21510
-9565 -36285 -21494
-9565 -38175 -22158
-9565 -36285 -21568
-9565 -36300 -21599
-9565 -36300 -21494
-9565 -36680 -21771
-9565 -36300 -21880
-9565 -36300 -21685
-9565 -36285 -21431
-9565 -37575 -21675
-9565 -37475 -21897
-9565 -36300 -21222
-9565 -36870 -21926
-9565 -36870 -21461
-9565 -36285 -21032
-9565 -37465 -21730
-9565 -37055 -21201
-9565 -36300 -21108
-9565 -36090 -21083
-9565 -36300 -21326
-9565 -38175 -21453
-9565 -36300 -21583
-9565 -36630 -22047
-9565 -37420 -22234
-9565 -37565 -22085
-9565 -36300 -21355
-9565 -36300 -21209
-9565 -36300 -21772
-9565 -36300 -21949
-9565 -36300 -21722
-9565 -36300 -21903
-9565 -36400 -21660
-9565 -37225 -22134
-9565 -36285 -21202
-9565 -37420 -21866
-9565 -36300 -21442
-9565 -36305 -21496
-9565 -37555 -22103
-9565 -36300 -21452
-9565 -36300 -21259
-9565 -36300 -21863
-9565 -36300 -21350
-9565 -36300 -20980
-9565 -36300 -21517
-9565 -36300 -21221
-9565 -36300 -21362
-9565 -36285 -21288
-9565 -36300 -21243
-9565 -36300 -21195
-9565 -36300 -21469
-9565 -36300 -20720
-9565 -36460 -21507
-9565 -36285 -21607
-9565 -36300 -21058
-9565 -36300 -21200
-9565 -36300 -20783
-9565 -36300 -21596
-9565 -36300 -21207
-9565 -36300 -21397
-9565 -36300 -21572
-9565 -36660 -21505
-9565 -36300 -21099
-9565 -36300 -21860
-9565 -36300 -21768
-9565 -36300 -21287
-9565 -36285 -20884
-9565 -36300 -21578
-9565 -36305 -21667
-9565 -36300 -20333
-9565 -36300 -21633
-9565 -36300 -21383
-9565 -36300 -20986
-9565 -36285 -20801
-9565 -36300 -21059
-9565 -36300 -21714
-9565 -36715 -21393
-9565 -38070 -22180
-9565 -36300 -20987
-9565 -36300 -21738
-9565 -36325 -21750
-9565 -36345 -21337
-9565 -36300 -21318
-9565 -36285 -20554
-9565 -37930 -21317
-9225 -36300 -21583
-9225 -36300 -20811
-9225 -36300 -21082
-9225 -36300 -21359
-9225 -36300 -21627
-9225 -36300 -20105
-9225 -36595 -21526
-9225 -36285 -21266
-9225 -36285 -20999
-9225 -36300 -20619
-9225 -36285 -21391
-9225 -38380 -21924
-9225 -36300 -21233
-9225 -36300 -20840
-9225 -36130 -20517
-9225 -36320 -21380
-9225 -36300 -21249
-9225 -36300 -21679
-9225 -36300 -21772
-9225 -36300 -20759
-9225 -36660 -21657
-9225 -36300 -21601
-9225 -36300 -21483
-9225 -36505 -21354
-9225 -36300 -21425
-9225 -36300 -21581
-9225 -36300 -20927
-9225 -36285 -20662
-9225 -36285 -21427
-9225 -36285 -20885
-9225 -36285 -20765
-9225 -38175 -21351
-9225 -36300 -21533
-9225 -38500 -21930
-9225 -36300 -21117
-9225 -36300 -21323
-9225 -36285 -21216
-9225 -36300 -21018
-9225 -36300 -20901
-9225 -36285 -20261
-9225 -36300 -20851
-9225 -36285 -20943
-9225 -37495 -21112
-9225 -36300 -20789
-9225 -36300 -21132
-9225 -39220 -21536
-9225 -36300 -21269
-9225 -36300 -21068
-9225 -38070 -21003
-9225 -36300 -21459
-9225 -36300 -20784
-9225 -36300 -21226
-9225 -36300 -20455
-9225 -36300 -21488
-9225 -36300 -21405
-9225 -36300 -21094
-9225 -36300 -20233
-9225 -36300 -21045
-9225 -36100 -20894
-9225 -37730 -21649
-9225 -36300 -20976
-9225 -36300 -21128
-9225 -36300 -20873
-9225 -36300 -21230
-9225 -36300 -21214
-9225 -36300 -21142
-9225 -36285 -20847
-9225 -36300 -20969
-9225 -36090 -20313
-9225 -36300 -21057
-9225 -38175 -20849
-9225 -36300 -21048
-9225 -36300 -21761
-9225 -36300 -20694
-9225 -36300 -21254
-9225 -36300 -21162
-9225 -36300 -21090
-9225 -36610 -20979
-9225 -36285 -20175
-9225 -36300 -21372
-9225 -36300 -21255
-8990 -36285 -20448
-8990 -36285 -20194
-8990 -36675 -21334
-8990 -37425 -21185
-8990 -36300 -20865
-8990 -36495 -20615
-8990 -36300 -21134
-8990 -36440 -20806
-8990 -36300 -21156
-8990 -36300 -20267
-8990 -36285 -20975
-8990 -36300 -21168
-8990 -36300 -20306
-8990 -38070 -21389
-8990 -36470 -21412
-8990 -36300 -20742
-8990 -36285 -21077
-8990 -36300 -20149
-8990 -36650 -21402
-8990 -36300 -20210
-8990 -36285 -21090
-8990 -36300 -20816
-8990 -36300 -21130
-8990 -36300 -21071
-8990 -36300 -21015
-8990 -36565 -20707
-8990 -36300 -20478
-8990 -36300 -21306
-8990 -36300 -20957
-8990 -36300 -20622
-8990 -36300 -20244
-8990 -36300 -21188
-8990 -36300 -21170
-8990 -36300 -20884
-8990 -36285 -20415
-8990 -36300 -20887
-8990 -36300 -20360
-8990 -36285 -19843
-8990 -36300 -20331
-8990 -36600 -21561
-8990 -36300 -20481
-8990 -36300 -20227
-8990 -36300 -20849
-8990 -36300 -20590
-8990 -36300 -20709
-8990 -36285 -20297
-8990 -36300 -20125
-8990 -36300 -21061
-8990 -36300 -21483
-8990 -36285 -20185
-8990 -36300 -20752
-8990 -36300 -20349
-8990 -36300 -20493
-8990 -36920 -21227
-8990 -36300 -20947
-8990 -36300 -20721
-8990 -36300 -21039
-8990 -36955 -20658
-8990 -36300 -20072
-8990 -36300 -20596
-8990 -36300 -20677
-8990 -36300 -20844
-8990 -36760 -20365
-8990 -37065 -21269
-8990 -37245 -20994
-8990 -36300 -20056
-8095 -36845 -21510
-8095 -37415 -21060
-8095 -36300 -20314
-8095 -36300 -20794
-8095 -36300 -20812
-8095 -36285 -20436
-8095 -36300 -20943
-8095 -36340 -20744
-8095 -36285 -20671
-8095 -36300 -21107
-8095 -36300 -20233
-8095 -36300 -20687
-8095 -36300 -20780
-8095 -36300 -20704
-8095 -36300 -20426
-8095 -36300 -20391
-8095 -36150 -19820
-8095 -36300 -20619
-8095 -36300 -21020
-8095 -37010 -21154
-8095 -36300 -20414
-8095 -36890 -20298
-8095 -36300 -20970
-8095 -36285 -20353
-8095 -37550 -20903
-8095 -36300 -19809
-8095 -36300 -20787
-8095 -38070 -21063
-8095 -36300 -19850
-8095 -36300 -20634
-8095 -36300 -19878
-8095 -36300 -20261
-8095 -36300 -20787
-8095 -36285 -20480
-8095 -36300 -20157
-8095 -36285 -20030
-8095 -36300 -20156
-8095 -36300 -20379
-8095 -36350 -20887
-8095 -36300 -20782
-8095 -36920 -20273
-8095 -36285 -20650
-8095 -36300 -19884
-8095 -36300 -20542
-8095 -36300 -20026
-8095 -37170 -20523
-8095 -36300 -20554
-8095 -36285 -20271
-8095 -36300 -20174
-8095 -36300 -20019
-8095 -36300 -20042
-8095 -36300 -19727
-8095 -36520 -19883
-8095 -36300 -19705
-8095 -36300 -20261
-8095 -36300 -20229
-8095 -36300 -19616
-8095 -36865 -20475
-8095 -36300 -20462
-8095 -36300 -20212
-8095 -36300 -19991
-8095 -36285 -20473
-8095 -36285 -20307
-8095 -36300 -20433
-8095 -36600 -20174
-8095 -36360 -20844
-8095 -36300 -20088
-8095 -36300 -20797
-8095 -36300 -20458
-8095 -36300 -20320
-8095 -36285 -20086
-8095 -36300 -20261
-8095 -36300 -20421
-8095 -36285 -19492
-8095 -36285 -19438
-8095 -36300 -20674
-8095 -36395 -20462
-8095 -36300 -20377
-8095 -36300 -20323
-8095 -36300 -20115
-8095 -36300 -20468
-8095 -35985 -19690
-8095 -36300 -20765
-8095 -36300 -20253
-8095 -36300 -20601
-8095 -36300 -20586
-8095 -36285 -21018
-8095 -36300 -19839
-8095 -36300 -20154
-8095 -36285 -19453
-8095 -36300 -19745
-8095 -36300 -19140
-8095 -36300 -19554
-8095 -36300 -19558
-8095 -36300 -20515
-8095 -37485 -20374
-8095 -36285 -20198
-8095 -36300 -20086
-8095 -36300 -19714
-8095 -36285 -20292
-8095 -36285 -20478
-8095 -36300 -20155
-8095 -36300 -20647
-8095 -35670 -18852
-8095 -36300 -20021
-8095 -36300 -20351
-8095 -36300 -20152
-8095 -37575 -20360
-8095 -36300 -20214
-8095 -36300 -20447
-8095 -36300 -19775
-8095 -36285 -20154
-8095 -36300 -19486
-8095 -36300 -20821
-8095 -36300 -20145
-8095 -36285 -19582
-8095 -36300 -20218
-8095 -36285 -20024
-8095 -36300 -19685
-8095 -36300 -19615
-8095 -36300 -20226
-8095 -35970 -19091
-8095 -36300 -20421
-8095 -36285 -18797
-8095 -36285 -19240
-8095 -36300 -20792
-8095 -36300 -19785
-8095 -36300 -20139
-8095 -36285 -18339
-8095 -36300 -20046
-8095 -36285 -18966
-8095 -36285 -19665
-8095 -36285 -19250
-8095 -36460 -20526
-8095 -36300 -19295
-8095 -36300 -20731
-8095 -36285 -19152
-8095 -36285 -19339
-8095 -36090 -19600
-8095 -36300 -19802
-8095 -36285 -19079
-8095 -36285 -19379
-8095 -36300 -19525
-8095 -36285 -19858
-8095 -36300 -19746
-8095 -36300 -20217
-8095 -36300 -19374
-8095 -36680 -19507
-8095 -36300 -20025
-8095 -36845 -20387
-8030 -36285 -18553
-8030 -36300 -20051
-8030 -36300 -19841
-8030 -36945 -19318
-8030 -36300 -19689
-8030 -36300 -19670
-8030 -36300 -20157
-8030 -36300 -19286
-8030 -36285 -19776
-8030 -36300 -19935
-8030 -36300 -19169
-8030 -37645 -19908
-8030 -36450 -19517
-8030 -36300 -20288
-8030 -36300 -19774
-8030 -36090 -19291
-8030 -36920 -20655
-8030 -36285 -19686
-8030 -36285 -18880
-8030 -36300 -19881
-8030 -36285 -18800
-8030 -36285 -19517
-8030 -36300 -19797
-8030 -36300 -19730
-8030 -36300 -19608
-3445 -36300 -18838
-3445 -36300 -19322
-3445 -36285 -19589
-3445 -36300 -19495
-3445 -36285 -19723
-3445 -36300 -19305
-3445 -36285 -19759
-3445 -36440 -19656
-3445 -36300 -19076
-3445 -36300 -19512
-3445 -36450 -19456
-3445 -36795 -19209
-3445 -36370 -18445
-3445 -36285 -18865
-3445 -36300 -18851
-3445 -36300 -18757
-3445 -36300 -19192
-3445 -36300 -19483
-3445 -36300 -19315
-3445 -36285 -18582
-3445 -36300 -19550
-3445 -36300 -20107
-3445 -36300 -19500
-3445 -36300 -19290
-3445 -36285 -19585
1250 -36300 -19030
1250 -36300 -19127
1250 -36300 -19223
1250 -36300 -18722
1250 -36285 -18933
1250 -36285 -18484
1250 -36300 -18418
1250 -36300 -18503
1250 -35840 -18181
1250 -36285 -18719
1250 -36115 -17749
1250 -36285 -18745
1250 -36300 -18595
1250 -36285 -18480
1250 -36285 -18039
1250 -36285 -18486
1250 -36285 -17652
1250 -36285 -18009
1250 -36285 -18421
1250 -35865 -17742
1250 -36285 -17673
1250 -36285 -18058
1250 -36285 -17481
1250 -36285 -17059
1250 -36300 -17831
1250 -36300 -18345
1250 -36285 -18019
1250 -35925 -16644
1250 -36300 -17847
1250 -36285 -18346
1250 -36285 -19411
1250 -36300 -18543
1250 -36285 -17690
1250 -37065 -17953
1250 -36285 -17972
1250 -36285 -17387
1250 -36285 -18008
1250 -36285 -17742
1250 -36285 -17903
1250 -36300 -17507
1250 -36285 -17977
1250 -36285 -18341
1250 -36285 -18169
1250 -36285 -17769
1250 -36300 -18361
1250 -36285 -17701
1250 -36285 -17705
1250 -35970 -16561
1250 -36285 -18493
1250 -36285 -17602
1250 -35970 -17732
1250 -36285 -17630
1250 -36090 -17392
1250 -36300 -18832
1250 -36285 -18126
1250 -36285 -17844
1250 -36300 -17628
1250 -36300 -18456
1250 -36285 -17329
1250 -36285 -17676
1250 -36285 -18123
1250 -36285 -17888
1250 -36285 -17327
1250 -36285 -17861
1250 -36300 -18498
1250 -36255 -17921
1250 -36285 -17884
1250 -36285 -17387
1250 -36285 -18108
1250 -36090 -17171
1250 -36300 -17790
1250 -36300 -17409
1250 -36300 -17821
1250 -36285 -17132
1250 -36285 -17380
1250 -36300 -17908
1250 -36110 -18210
1250 -36300 -18979
1250 -36285 -17759
1250 -36300 -17984
1250 -35970 -16098
1250 -36300 -18351
1250 -36285 -18489
1250 -36285 -17854
1250 -36285 -18559
1250 -36045 -17468
1250 -36300 -18125
1250 -36300 -18492
1250 -36285 -17523
1250 -36285 -17613
1250 -36285 -16724
1250 -35425 -16667
7045 -36285 -17128
7045 -35705 -17190
7045 -36285 -17353
7045 -36910 -17247
7045 -36285 -16266
7045 -36285 -17436
7045 -36235 -16513
7045 -36285 -16346
7045 -36285 -16944
7045 -36300 -17641
7045 -36285 -15665
7045 -36285 -17777
7045 -36285 -18223
7045 -35630 -17564
7045 -36300 -17023
7045 -36285 -16884
7045 -36300 -17093
10475 -36285 -16936
10475 -36300 -17533
10475 -36285 -16130
10475 -36285 -16386
10475 -36285 -16459
10475 -36285 -15609
10475 -36285 -16752
10475 -36300 -16172
10475 -36285 -16950
10475 -36090 -15163
10475 -35790 -15546
10475 -36285 -15556
10475 -36285 -15573
10475 -36300 -16053
10475 -36300 -15801
10475 -36285 -16337
10475 -36285 -15450
10475 -36300 -16047
10475 -36300 -15580
10775 -36285 -16145
10775 -36285 -15070
10775 -35840 -15192
10775 -36285 -15720
10775 -36075 -14838
10775 -36300 -14999
10775 -36300 -14836
10775 -36300 -15414
10775 -36140 -13074
10775 -36300 -14568
10775 -36300 -14206
10775 -36285 -12978
10775 -36285 -13392
10775 -36285 -13303
10775 -36285 -13692
10775 -36285 -14047
10775 -36285 -14429
10775 -36285 -13536
10775 -35105 -11668
10775 -36110 -12985
10775 -36285 -12790
10775 -36285 -11879
10775 -36285 -12699
10775 -36285 -12475
10775 -36285 -11017
10775 -36285 -11207
10775 -36285 -11449
10775 -36285 -11499
10775 -35925 -10537
10775 -36285 -10998
10775 -34575 -9483
10775 -36285 -10245
10775 -36285 -9444
10775 -36285 -10347
10775 -34170 -8778
10775 -36285 -9852
10775 -34710 -8596
10775 -36285 -9376
10775 -36285 -9855
10775 -35240 -8424
10775 -35705 -8959
10775 -36285 -9138
10775 -36285 -8300
10775 -36285 -8274
10775 -36285 -7184
10775 -35435 -6572
10775 -34955 -6133
10775 -35570 -7033
10775 -34955 -6762
10775 -35590 -6794
10775 -34855 -6368
10775 -34710 -6170
10775 -34170 -4020
10775 -35240 -7441
10775 -34170 -5486
10775 -36285 -6496
10775 -35000 -6390
10775 -36285 -6891
10775 -36115 -6361
10775 -34540 -5877
10775 -36285 -6893
10775 -34540 -5836
10775 -35865 -7026
10775 -36285 -6653
10775 -35840 -6495
10775 -34235 -5829
10775 -34575 -5543
10775 -35590 -6997
10775 -36285 -6933
10775 -34260 -5566
10775 -34170 -5288
10775 -35240 -6179
10775 -36285 -7293
10775 -34170 -5958
10775 -34170 -4810
10775 -34190 -6751
10775 -36285 -6958
10775 -34955 -6163
10775 -36285 -7957
10775 -34220 -5860
10775 -34170 -6656
10775 -36140 -5998
10775 -35200 -6123
10775 -36285 -6942
10775 -35790 -6636
10775 -36285 -5569
10775 -34170 -5426
10775 -35470 -6433
10775 -34170 -4029
10775 -36285 -5637
10775 -34170 -4535
10775 -36285 -7233
10775 -34550 -5594
10775 -34685 -4985
10775 -34305 -4084
10775 -34330 -5931
10775 -35840 -7071
10775 -35445 -4831
10775 -34265 -5362
10775 -36285 -5841
10775 -34820 -6086
10775 -34895 -4744
10775 -34170 -4600
10775 -35925 -6125
10775 -34685 -4887
10775 -36285 -4646
10775 -36285 -6846
10775 -34170 -4352
10775 -35345 -5811
10775 -34710 -5780
10775 -34495 -6024
10775 -34170 -4581
10775 -35060 -5527
10775 -34170 -4879
10775 -36285 -6413
10775 -34305 -5320
10775 -35925 -6056
10775 -34170 -4583
10775 -36285 -6520
10775 -36240 -5963
10775 -34170 -4392
10775 -34170 -4382
10775 -34510 -5428
10775 -35630 -6006
10775 -34760 -5681
10775 -34400 -5001
10775 -35925 -5927
10775 -36285 -6242
10775 -34230 -5128
10775 -36285 -6384
10775 -34170 -4007
10775 -34170 -4399
10775 -35520 -5002
10775 -35995 -5794
10775 -34170 -3745
10775 -36285 -6127
10775 -34170 -4378
10775 -34170 -5775
10775 -34170 -5122
10775 -34170 -4479
10775 -34400 -5910
10775 -34170 -5084
10775 -34170 -3284
10775 -34170 -3987
10775 -34300 -4048
10775 -34575 -5881
10775 -35135 -5548
10775 -34170 -4857
10775 -35705 -4241
10775 -34170 -5504
10775 -34170 -5066
10775 -34170 -3810
10775 -34170 -4538
10775 -34170 -3357
10775 -34685 -6053
10775 -35550 -5549
10775 -35105 -4658
10775 -34170 -5065
10775 -34170 -5967
10775 -34170 -3783
10775 -34170 -3896
10775 -33880 -3695
10775 -34375 -3926
10775 -34170 -3806
10775 -34170 -4047
10775 -34710 -4639
10775 -34230 -3205
10775 -33705 -2979
10775 -34170 -4387
10775 -33675 -2615
10775 -34170 -3836
10775 -34170 -4139
10775 -34170 -3019
10775 -34170 -3705
10775 -34170 -4304
10775 -34170 -4077
10775 -34170 -3900
10775 -34550 -4071
10775 -34575 -5327
10775 -34170 -5485
10775 -34170 -3621
10775 -34170 -3209
10775 -34170 -4757
10775 -36285 -5861
10775 -35435 -5038
10775 -34170 -4688
10775 -34170 -3771
10775 -35790 -5562
10775 -34170 -3974
10775 -35105 -5311
10775 -34170 -4635
10775 -35320 -5542
10775 -34170 -3823
10775 -34170 -4179
10775 -34170 -4201
10775 -34710 -4333
10775 -34890 -3186
10775 -34170 -3874
10775 -34710 -4030
10775 -34710 -4372
10775 -34170 -3778
10775 -35520 -3273
10775 -34375 -4136
10775 -34955 -5380
10775 -35655 -4242
10775 -34170 -3554
10775 -34710 -5042
10775 -34170 -4168
10775 -34200 -4247
10775 -36285 -3898
10775 -34760 -3260
10775 -34105 -3834
10775 -36285 -5708
10775 -34475 -4028
10775 -35790 -5133
10775 -34170 -4194
10775 -34170 -2662
10775 -34170 -3549
10775 -34170 -3174
10775 -34710 -3722
10775 -34170 -5385
10775 -34170 -3587
10775 -35655 -5060
10775 -35280 -4669
10775 -34170 -3038
11040 -34170 -4180
11040 -33765 -2636
11040 -34170 -4544
11040 -34435 -4478
11040 -34170 -4186
11040 -34170 -3735
11040 -34170 -3225
11040 -34170 -4212
11040 -36285 -4714
11040 -34170 -3945
11040 -34170 -4693
11040 -33450 -3319
11040 -34575 -5434
11040 -33740 -2490
11040 -34170 -3689
11040 -34710 -3485
11040 -33880 -3223
11040 -33945 -2100
11040 -34265 -4156
11040 -33865 -2032
11040 -34170 -3297
11040 -33880 -1559
11040 -33880 -3269
11040 -34170 -3247
11040 -34170 -2305
11040 -33740 -2966
11040 -33505 -3276
11040 -34170 -3615
11040 -34820 -4538
11040 -34170 -3121
11040 -34170 -4673
11040 -34435 -3744
11040 -34170 -3069
11040 -34525 -4323
11040 -34170 -3328
11040 -34170 -3627
11040 -34495 -2139
11040 -34170 -3963
11040 -35655 -3598
11040 -34300 -4281
11040 -34550 -3165
11040 -36240 -4617
11040 -34170 -4045
11040 -34600 -4486
11040 -34270 -2561
11040 -33450 -2521
11040 -34170 -2295
11040 -34170 -3756
11040 -32115 -1205
11040 -33740 -1397
11040 -34735 -5104
11040 -34170 -2122
11040 -34685 -4493
11040 -34170 -2030
11040 -34275 -2706
11040 -33665 -1532
11040 -33610 -2600
11040 -34170 -2568
11040 -33740 -2789
11040 -34170 -3513
11040 -31975 -679
11040 -34170 -2289
11040 -33015 -1820
11040 -34170 -5339
11040 -33450 -1313
11040 -34130 -1763
11040 -34170 -2332
11040 -33765 -2401
11040 -34160 -2094
11040 -34170 -4283
11040 -32630 -618
11040 -33745 -2317
11040 -34920 -3293
11040 -32530 -1257
11040 -34170 -2854
11040 -33660 -2493
11040 -32430 -1407
11040 -33250 -2008
11040 -32070 -1727
11040 -33740 -1207
11040 -33700 -2875
11040 -34935 -3451
11040 -32635 -1149
11040 -34135 -3027
11040 -34170 -3195
11040 -34170 -2431
11040 -33555 -3044
11040 -35435 -4682
11040 -34170 -2465
11040 -34265 -3442
11040 -33120 -1835
11040 -34170 -3032
11040 -33180 -1960
11040 -33450 -1186
12090 -33810 -1939
12090 -33660 -1792
12090 -31455 -120
12090 -33660 -3895
12090 -33540 -1531
12090 -34170 -1866
12090 -33740 -2049
12090 -34170 -1440
12090 -32980 -1054
12090 -34165 -1059
12090 -33210 -1658
12090 -33100 -1181
12090 -33555 -1844
12090 -34170 -1513
12090 -33875 -1898
12090 -33745 -1815
12090 -34125 -3852
12090 -32880 -1605
12090 -34170 -2020
12090 -32910 -1872
12090 -32810 -1064
12090 -32690 -441
12090 -32915 -1108
12090 -33555 -1593
12090 -33450 -1643
12090 -32900 -1948
12090 -33950 -1946
12090 -34170 -2860
12090 -34170 -2090
12090 -33010 -1668
12090 -33125 -1454
12090 -34170 -3156
12090 -34170 -3062
12090 -33080 -615
12090 -33125 -1871
12090 -31795 -1383
12090 -33765 -3578
12090 -32810 -1971
12090 -32850 -1190
12090 -32900 -1627
12090 -33800 -2840
12090 -32890 -1262
12090 -31145 -547
12090 -33440 -1455
12090 -33450 -1315
12090 -32510 -605
12090 -32270 -1273
12090 -32530 -659
12090 -32875 -1729
12090 -34025 -452
12090 -30590 1117
12090 -32560 -1001
12090 -32865 -657
12090 -30645 820
12090 -31345 -269
12090 -33745 -1081
12090 -32800 -247
12090 -33610 -1592
12090 -33335 -1367
12090 -31345 178
12090 -31890 -633
12090 -34170 -2814
12090 -32415 -759
12090 -30040 721
12090 -33675 -1607
12090 -33110 -467
12090 -34170 -2476
12090 -33390 -1736
12090 -34160 -2400
12090 -34170 -829
12090 -33000 -1852
12090 -32990 -1045
12090 -34170 -945
12090 -33715 -2164
12090 -32530 -568
12090 -34170 -2378
12375 -33775 -957
12375 -34170 -3197
12375 -31690 640
12375 -33450 -783
12375 -34170 -2168
12375 -31870 -946
12375 -32610 -862
12375 -29445 588
12375 -30730 510
12375 -32325 -117
12375 -31665 649
12375 -31560 -130
12375 -33000 -211
12375 -31145 694
12375 -32060 73
12375 -32710 -318
12375 -32910 -911
12375 -30590 1136
12375 -32820 291
12475 -32900 1
12475 -32260 911
12475 -32430 -1402
12475 -29470 1896
12475 -32900 36
12475 -32910 -1153
12475 -33505 -340
12475 -32710 -690
12475 -33710 -561
12475 -31355 -434
12475 -31395 679
12475 -33450 -757
12475 -31770 331
12475 -33610 -817
12475 -31730 -466
12475 -33050 -1492
12475 -30070 1430
12475 -30590 157
12475 -32610 421
12475 -34170 -1350
12475 -32560 -88
12475 -33740 -509
12475 -31810 -232
12475 -33100 -436
12475 -29170 1578
12475 -33740 -1067
12475 -31730 92
12475 -29470 2536
12475 -31780 1670
12475 -32665 -146
12475 -29855 1205
12475 -23875 1979
12475 -26945 2337
12475 -26895 1417
12475 -27650 1915
12475 -29170 1308
12475 -29370 2091
12475 -30695 1809
12475 -31770 1177
12475 -30430 1273
12475 -31770 663
12475 -30905 1217
12575 -30850 1336
12575 -29690 1935
12575 -31105 1342
12575 -32710 -255
12575 -32435 -58
12575 -32710 627
12575 -32530 134
12575 -32770 1395
12575 -32260 369
12575 -27860 2072
12575 -31170 1349
12575 -31690 456
12575 -30390 2058
12575 -31875 529
12575 -31665 1582
12575 -18315 1810
12575 -30200 1635
12575 -34170 -565
12575 -31215 638
12575 -30720 789
12575 -30525 1409
12575 -30620 2074
12575 -33240 114
12575 -29370 1503
12575 -32820 640
12575 -29740 2585
12575 -29680 2416
12575 -21535 1801
12575 -25950 2035
12575 -30485 2525
12575 -25580 1652
12575 -19225 2441
12575 -30910 2796
12575 -31480 1136
12575 -32070 912
12575 -31555 1143
12575 -32425 1239
12575 -19355 3349
12575 -19085 2995
12575 -29540 2381
12575 -31770 1420
12575 -19355 2914
12575 -30135 2150
12575 -29890 1545
12575 -30790 2293
12575 -29930 1470
13175 -30585 1392
13175 -32430 1092
13175 -28415 2231
13175 -30800 2519
13175 -30695 789
13175 -30200 2187
13175 -27860 2157
13175 -19355 2473
13175 -31770 138
13175 -29855 3172
13175 -31170 600
13175 -30170 1613
13175 -27370 2553
13175 -31770 861
13175 -30295 1078
13175 -19355 2006
13175 -27170 2124
13175 -30395 2679
13175 -16695 4139
13175 -30420 2146
13175 -16830 4219
13175 -19345 2980
13175 -17775 3140
13175 -31170 2593
13175 -17775 3623
13175 -27270 2971
13175 -16560 4335
13175 -31740 2825
13175 -18045 2738
13175 -31480 1218
13175 -28730 2283
13175 -18045 3563
13175 -16830 3089
13175 -30070 3108
13175 -32585 415
13175 -17195 3240
13175 -27270 2840
13175 -32125 1691
13175 -17775 3648
13175 -28425 2339
13175 -17775 2643
13175 -16830 3738
13175 -30600 2041
13175 -23830 1917
13175 -18670 2458
13175 -17910 3227
13175 -22270 3075
13175 -28345 2839
13175 -17775 3775
13175 -25795 2804
13175 -17125 2744
13175 -28660 2784
13175 -29740 1198
13175 -29195 2606
13175 -24600 2971
13175 -29010 2418
13175 -17775 2869
13175 -17775 3476
13175 -17775 3649
13175 -19085 2817
13175 -18180 2795
13175 -19355 2796
13175 -18045 3691
13175 -26895 3464
13175 -17910 3654
13175 -19085 3050
13175 -17775 3202
13175 -17775 3375
13175 -17775 3336
13175 -18180 4026
13175 -21610 2923
13175 -29645 1958
13175 -19355 4172
13175 -16830 3681
27685 -17775 3681
27685 -16560 3888
27685 -17775 3906
27685 -19355 3015
27685 -17775 4562
27685 -24010 3783
27685 -27170 2690
27685 -17775 3540
27685 -29590 3070
27685 -17775 3642
27685 -17775 3221
27685 -27270 3149
27685 -16830 4007
27685 -24145 3049
27685 -18045 3302
27685 -25645 3017
27685 -28820 4198
27685 -17775 3743
27685 -19085 3879
27685 -19210 3727
27685 -17910 2717
27685 -17775 4188
27685 -19085 3496
27685 -19355 3380
27685 -14335 5077
27685 -16560 4587
27685 -17775 3632
27685 -14665 5690
27685 -16965 4283
27685 -18315 4401
27685 -19355 4517
27685 -17910 4012
27685 -17775 3915
27685 -18180 3747
27685 -18180 3494
27685 -16830 4158
27685 -19600 3565
27685 -16830 4525
27685 -16925 5238
27685 -16830 4023
27685 -17100 4125
27685 -19085 4129
27685 -17775 3835
27685 -14135 5873
27685 -16560 5648
27685 -16830 4895
27685 -30320 3630
27685 -16965 4465
27685 -17910 4320
27685 -16560 5626
27685 -16830 5131
27685 -17775 5393
27685 -16830 5653
27685 -17910 5438
27685 -17775 4695
27685 -16560 6504
27685 -16560 6697
27685 -17775 5224
27685 -17775 6555
27685 -16965 6497
27685 -17775 7182
27685 -15130 7842
27685 -19470 7543
27685 -29585 5930
27685 -16625 7340
27685 -16830 7428
27685 -14665 10162
27685 -17775 9682
27685 -13330 10677
27685 -14260 11655
27685 -13810 11354
27685 -16560 11337
27685 -14830 12092
27685 -12910 14777
27685 -18045 12534
27685 -14405 14032
27685 -16830 12848
27685 -14830 14180
27685 -16830 12381
27685 -16830 13604
27685 -17775 11941
27685 -15980 14192
27685 -17775 13691
27685 -13855 14360
27685 -14730 14358
27685 -14190 14637
27685 -16560 13261
27685 -17775 13216
27685 -17100 12963
27685 -14300 14637
27685 -15345 13166
27685 -15210 15091
27685 -15075 14508
27685 -16560 13137
27685 -16465 12448
27685 -14755 13860
27685 -15945 14500
27685 -12685 14629
27685 -16560 13221
27685 -16560 14537
27685 -16560 13469
27685 -13585 13846
27685 -15980 13936
27685 -13405 14086
27685 -12135 15975
27685 -15210 13898
27685 -14460 14212
27685 -14225 15217
27685 -13735 14804
27685 -13465 14852
27685 -14080 15022
27685 -14260 15755
27685 -12775 15213
27685 -13750 14297
27685 -12285 14981
27685 -13735 14913
27685 -15980 14898
27685 -12160 15084
27685 -14160 14901
27685 -13245 16053
27685 -14460 16039
27685 -13860 15624
27685 -13655 14697
27685 -13235 15430
27685 -16830 13391
27685 -15710 14283
27685 -14300 14465
27685 -13535 15505
27685 -12135 16170
27685 -13870 15123
27685 -12595 15508
27685 -13685 15023
27685 -13240 14812
27685 -13405 15742
27685 -14260 14567
27685 -15345 13934
27685 -14080 15163
27685 -12705 14872
27685 -16560 13931
27685 -14125 15202
27685 -16560 14848
27685 -15840 15589
27685 -17195 14094
27685 -12135 16643
27685 -12460 15122
27685 -12135 16391
27685 -15025 14687
27685 -12160 15477
27685 -12910 15765
27685 -12670 15878
27685 -10955 17070
27685 -11525 17001
27685 -13180 15599
27685 -12105 16151
27685 -13380 15791
27685 -12490 15835
27685 -13235 15805
27685 -12785 15405
27685 -12095 15630
27685 -14620 14831
27685 -12145 16343
27685 -12880 15808
27685 -12135 16937
27685 -14710 16381
27685 -12565 15646
27685 -12785 17486
27685 -13885 14723
27685 -13045 15807
27685 -13655 14436
27685 -14165 16139
27685 -11735 16518
27685 -15480 15004
27685 -14325 16860
27685 -11985 15842
27685 -12685 16943
27685 -12535 16535
27685 -14300 14637
27685 -16830 15192
27685 -13615 15562
27685 -12775 17176
27685 -12670 14467
27685 -12775 15065
27685 -12220 16038
27685 -11605 17501
27685 -12185 16400
27685 -12160 16100
27685 -12235 16914
27685 -10840 18613
27685 -11525 17123
27685 -11645 17126
27685 -12420 17494
27685 -12440 15784
27685 -11645 17330
27685 -9750 18233
27685 -12705 17673
27685 -12135 17196
27685 -12440 16578
27685 -14020 16699
27685 -11910 17795
27685 -12750 16147
27685 -11545 17568
27685 -11885 17770
27685 -10450 19178
27685 -12775 16729
27685 -12685 16574
27685 -11525 16516
27685 -11785 17341
27685 -11175 18233
27685 -11525 17200
27685 -11520 17595
27685 -12160 17777
27685 -12915 17225
27685 -12775 15883
27685 -13380 16440
27685 -10670 18064
27685 -12160 17355
27685 -12135 16955
27685 -10650 18463
27685 -12670 17568
27685 -10790 18227
27685 -12135 17659
27685 -12170 16118
27685 -12135 16754
27685 -13235 15973
27685 -10790 20089
27685 -10450 19912
27685 -9740 18877
27685 -9550 19102
27685 -10450 19886
27685 -12250 18287
27685 -9750 19919
27685 -10875 19005
27685 -10790 19104
27685 -10450 19621
27685 -11190 18783
27685 -12775 18499
27685 -10450 19851
27685 -10580 19344
27685 -10350 18861
27685 -9750 20091
27685 -11760 17564
27685 -10450 18815
27685 -10900 19651
27685 -9750 19179
27685 -11425 18270
27685 -11420 18918
27685 -9650 20585
27685 -9565 19021
27685 -11275 18607
27685 -10790 18933
27685 -12775 18065
27685 -12975 18270
27685 -10930 20237
27685 -10685 18570
27685 -10540 18908
27685 -10790 19513
27685 -12775 18567
27685 -12135 16390
27685 -10895 19579
27685 -9750 20198
27685 -10580 19286
27685 -13195 17858
27685 -11185 19088
27685 -11645 17665
27685 -9530 20768
27685 -10580 19300
27685 -10580 19171
27685 -7740 21099
27685 -11065 19028
27685 -5785 21479
27685 -9750 19973
27685 -10450 19716
27685 -9750 20109
27685 -11445 17246
27685 -10580 19649
27685 4525 21161
27685 -10450 19570
27685 -11760 18816
27685 -11170 18584
27685 -9530 20417
27685 -9750 20013
27685 -10580 19310
27685 -10315 20265
27685 -9550 20586
27685 -9750 20260
27685 -10580 19986
27685 -11525 17550
27685 -10790 19512
27685 -9750 20797
27685 -11525 19596
27685 -11525 18624
27685 -10580 20964
27685 -10450 20845
27685 -11000 19603
27685 -10885 19315
27685 -10450 19084
27685 -9950 20397
27685 -9215 20580
27685 -7260 20627
27685 -460 21904
27685 -10580 19079
27685 -11035 18666
27685 -10790 19571
27685 -10235 19577
27685 -9750 20986
27685 -10450 19943
27685 -1670 21593
27685 4525 22204
27685 -10450 19546
27685 -9750 20930
27685 -7850 21221
27685 4525 22143
27685 -9850 20640
27685 5965 22866
27685 -10075 20733
27685 7045 22237
27685 5935 22359
27685 6905 22834
27685 -7750 21657
27685 -9175 20271
27685 -1940 21944
27685 5965 22281
27685 4525 22170
27685 5965 21832
27685 3405 22692
27685 4525 22740
27685 4890 22208
27685 3405 22266
27685 -9750 20400
27685 -190 21502
27685 5965 22007
27685 6695 22907
27685 -10215 21345
27685 3675 22250
27685 -9550 21441
27685 -455 21592
27685 5935 22000
27685 -3055 21503
27685 2120 21345
27685 5935 22276
27685 -9110 21194
27685 -1440 21541
27685 -9850 20661
27685 7315 23445
27685 7320 23444
27685 7045 22700
27685 5965 23149
27685 7180 22250
27685 -490 21681
27685 7460 24311
27685 -9550 22435
27685 7045 22673
27685 5935 23260
27685 7045 23121
27685 7180 22771
27685 5965 22796
27685 4525 22921
27685 7315 23736
27685 5935 22862
27685 4890 22404
27685 3405 22661
27685 4890 23955
27685 5935 22758
27685 5935 22736
27685 4525 22138
27685 3675 21363
27685 4890 22458
27685 5965 23337
27685 5965 22359
27685 7045 23081
27685 6695 22965
27685 7045 23532
27685 7180 22320
27685 7180 22468
27685 5965 23009
27685 6240 22179
27685 7180 22784
27685 7315 23843
27685 6905 23054
27685 7315 22926
27685 7180 23538
27685 7180 23219
27685 5935 22398
27685 7045 22424
27685 7180 23250
27685 7850 24953
27685 7720 24182
27685 8530 24710
27685 7545 24468
27685 8460 24622
27685 7955 24622
27685 5965 23778
27685 9045 25150
27685 7720 24587
27685 7180 23595
27685 7315 24266
27685 7045 23852
27685 7180 23407
27685 7585 23658
27685 9045 24796
27685 7560 23979
27685 7315 23058
27685 7045 24125
27685 8665 24067
27685 7260 22630
27685 7585 24055
27685 6240 22937
27685 7850 24455
27685 8935 24677
27685 7315 24985
27685 8460 24763
27685 7045 23029
27685 7545 24359
27685 8665 24965
27685 7955 24581
27685 7955 24800
27685 7720 24107
27685 7315 23659
27685 7720 23958
27685 7460 24094
27685 5965 23993
27685 7460 23908
27685 7045 23595
27685 8665 25739
27685 8065 25076
27685 8935 25936
27685 8665 25080
27685 9885 25591
27685 8460 24844
27685 8665 24692
27685 8935 24871
27685 7955 24809
27685 8935 25456
27685 10375 26393
27685 8065 24829
27685 7720 24184
27685 7450 24423
27685 9045 25650
27685 9885 25579
27685 8460 24781
27685 9575 25273
27685 7720 25226
27685 8935 24900
27685 7180 23755
27685 10305 26320
27685 8800 24620
27685 8530 24665
27685 8530 24764
27685 9045 25345
27685 8935 24782
27685 8665 25017
27685 7955 24374
27685 9860 24815
27685 9575 25216
27685 8460 25198
27685 10095 25777
27685 9575 25623
27685 10095 25599
27685 9575 25251
27685 8360 25187
27685 7460 24712
27685 8360 24348
27685 10305 25929
27685 8800 25951
27685 27685 27685
27685 10375 26444
27685 10410 26360
27685 11675 27439
27685 11255 27359
27685 9990 26307
27685 11040 26831
27685 11255 26745
27685 10775 26576
27685 18560 27639
27685 10775 25977
27685 10675 26572
27685 9990 26595
27685 8530 25968
27685 11575 27559
27685 11040 26615
27685 11160 26552
27685 10410 26218
27685 11040 27034
27685 10875 27094
27685 11160 27152
27685 10775 26824
27685 11250 27073
27685 8935 25714
27685 10375 26467
27685 9990 25993
27685 10675 27029
27685 9045 25759
27685 10675 26034
27685 11575 27355
27685 10775 27284
27685 11575 27184
27685 11355 26996
27685 12575 27564
27685 10475 26440
27685 11775 27480
27685 27685 27685
27685 10160 26704
27685 11145 26991
27685 10775 27227
27685 27685 27685
27685 27685 27685
27685 27685 27685
27685 27685 27685
27685 27685 27685
27685 27685 27685
27685 27685 27685
27685 27685 27685
27685 27685 27685
27685 27685 27685
27685 27685 27685
27685 27685 27685
27685 27685 27685
27685 27685 27685
27685 27685 27685
27685 27685 27685
27685 27685 27685
27685 27685 27685
27685 27685 27685
27685 27685 27685
27685 27685 27685
27685 18660 27640
27685 27685 27685
27685 27685 27685
27685 27685 27685
27685 27685 27685
27685 27685 27685
27685 27685 27685
27685 27685 27685
27685 27685 27685
27685 27685 27685
27685 27685 27685
27685 27685 27685
27685 27685 27685
27685 27685 27685
27685 27685 27685
27685 27685 27685
27685 11775 27560
27685 27685 27685
27685 27685 27685
27685 27685 27685
27685 27685 27685
27685 27685 27685
27685 27685 27685
27685 27685 27685
27685 27685 27685
27685 27685 27685
27685 27685 27685
27685 27685 27685
27685 27685 27685
27685 27685 27685
27685 27685 27685
27685 27685 27685
27685 27685 27685
27685 27685 27685
27685 27685 27685
27685 27685 27685
27685 27685 27685
27685 27685 27685
27685 27685 27685
27685 27685 27685
27685 27685 27685
27685 27685 27685
27685 27685 27685
27685 27685 27685
27685 27685 27685
27685 27685 27685
27685 27685 27685
27685 27685 27685
27685 27685 27685
27685 27685 27685
27685 27685 27685
27685 27685 27685
27685 27685 27685
27685 27685 27685
27685 27685 27685
27685 27685 27685
27685 27685 27685
27685 27685 27685
27685 27685 27685
27685 27685 27685
27685 27685 27685
27685 27685 27685
27685 27685 27685
27685 27685 27685
27685 27685 27685
27685 27685 27685
27685 27685 27685
27685 27685 27685
27685 27685 27685
27685 27685 27685
27685 27685 27685
27685 27685 27685
27685 27685 27685
27685 27685 27685
27685 27685 27685
27685 27685 27685
27685 27685 27685
27685 27685 27685
27685 27685 27685
27685 27685 27685
27685 27685 27685
27685 27685 27685
27685 27685 27685
27685 27685 27685
27685 27685 27685
27685 27685 27685
27685 27685 27685
27685 27685 27685
27685 27685 27685
27685 27685 27685
27685 27685 27685
27685 27685 27685
27685 27685 27685
27685 27685 27685
27685 27685 27685
27685 27685 27685
27685 27685 27685
27685 27685 27685
27685 27685 27685
27685 27685 27685
27685 27685 27685
27685 27685 27685
27685 27685 27685
27685 27685 27685
27685 27685 27685
27685 27685 27685
27685 27685 27685
27685 27685 27685
27685 27685 27685
27685 27685 27685
27685 27685 27685
27685 27685 27685
27685 27685 27685
27685 27685 27685
27685 27685 27685
27685 27685 27685
27685 27685 27685
27685 27685 27685
27685 27685 27685
27685 27685 27685
27685 27685 27685
27685 27685 27685
27685 27685 27685
27685 27685 27685
27685 27685 27685
27685 27685 27685
27685 27685 27685
27685 27685 27685
27685 27685 27685
27685 27685 27685
27685 27685 27685
27685 27685 27685
27685 27685 27685
27685 27685 27685
27685 27685 27685
27685 27685 27685
27685 27685 27685
27685 27685 27685
27685 27685 27685
-46575 -46875 -41354
-29390 -37735 -35642
-14555 -36790 -34968
-14555 -37575 -34301
-13250 -37485 -33884
-13250 -38190 -33847
-13250 -37590 -33413
-13250 -37590 -33059
-12350 -38070 -32969
-12350 -37990 -32680
-12350 -38185 -32552
-12350 -37875 -32420
-12175 -38775 -32222
-12175 -39195 -32189
-12175 -38330 -32327
-12175 -37790 -31929
-12175 -38010 -31857
-12175 -39090 -32034
-12175 -38070 -31812
-12175 -37800 -31524
-12175 -39565 -31758
-12175 -39075 -31553
-12175 -38185 -31429
-10650 -38200 -31075
-10370 -38175 -30831
-10370 -37575 -30302
-10370 -37570 -30409
-10370 -38070 -30311
-10370 -36795 -29821
-10370 -38175 -29993
-10370 -37470 -29783
-10370 -38175 -29857
-10370 -39805 -29585
-10370 -38070 -29513
-10370 -39435 -29191
-10370 -38070 -29177
-10370 -40770 -29417
-10370 -38070 -28995
-10370 -38175 -28741
-10370 -38085 -28476
-10370 -37575 -28153
-10370 -40025 -28508
-10370 -40875 -28517
-10370 -36920 -27634
-10370 -38385 -27638
-10370 -38175 -27182
-10370 -37485 -27130
-10370 -38175 -26941
-10370 -37770 -26670
-10370 -36985 -26392
-10370 -38215 -26234
-10370 -38655 -26290
-10370 -37920 -26147
-10370 -37875 -26023
-10370 -37535 -25676
-10370 -38070 -25717
-10370 -37845 -25264
-10370 -37875 -25305
-10370 -37055 -24899
-10370 -37575 -24622
-10370 -36820 -24738
-10370 -38175 -24518
-10370 -38070 -24381
-10370 -38070 -24450
-10370 -37470 -24602
-10370 -38175 -24449
-10370 -37535 -23993
-10370 -38070 -24464
-10370 -38085 -24139
-10370 -36930 -23568
-10370 -37670 -23892
-10370 -36845 -23382
-10370 -37925 -24058
-10370 -38080 -23615
-10370 -37655 -23725
-10370 -38175 -23711
-10370 -39395 -23866
-10370 -36300 -23298
-10370 -36610 -23549
-10370 -37485 -23605
-10370 -37865 -23749
-10370 -37610 -23624
-10370 -36610 -23323
-10370 -36570 -23463
-10370 -38730 -23719
-10370 -37570 -23484
-10370 -36745 -22904
-10370 -38175 -23521
-10370 -37440 -22867
-10370 -38070 -23127
-10370 -36765 -23378
-10370 -36300 -23147
-10370 -38030 -22881
-10370 -36630 -23283
-10370 -36300 -22592
-10370 -36380 -23097
-10370 -36300 -22959
-10370 -38175 -23080
-10370 -37790 -23268
-10370 -36975 -22852
-10370 -38070 -23335
-10370 -36725 -23255
-10370 -37520 -22726
-10370 -37680 -23015
-10370 -37575 -23031
-10370 -37785 -23019
-10370 -37635 -23309
-10370 -38655 -23252
-10370 -38175 -23014
-10370 -36300 -22716
-10370 -38070 -23083
-10370 -36505 -22463
-10370 -39370 -23179
-10370 -36300 -22058
-10370 -38175 -22911
-10370 -37880 -22482
-10370 -36300 -22416
-10370 -37250 -22640
-10370 -37430 -22352
-10370 -36570 -22638
-10370 -36300 -22413
-10370 -38175 -22721
-10370 -36300 -22084
-10370 -37875 -22639
-10370 -36300 -22376
-10370 -37875 -22528
-10370 -38515 -22113
-10370 -37690 -22882
-10370 -36285 -22212
-10370 -36320 -22357
-10370 -37575 -22343
-10370 -38070 -22584
-10370 -36300 -21608
-10370 -36300 -22206
-10370 -37575 -22241
-10370 -37655 -22392
-10370 -36300 -22701
-10370 -37345 -22100
-10370 -36285 -21912
-10370 -36285 -22134
-10370 -36300 -21876
-10370 -38085 -22392
-10370 -37620 -22279
-10370 -38405 -22528
-10370 -36630 -22449
-10370 -36305 -22691
-10370 -37210 -22489
-10370 -36920 -22264
-10370 -36285 -21902
-9565 -36800 -22186
-9565 -36300 -21498
-9565 -36300 -21518
-9565 -36300 -21838
-9565 -36300 -22507
-9565 -37395 -21969
-9565 -36285 -21823
-9565 -36300 -22338
-9565 -36300 -21858
-9565 -36300 -22107
-9565 -36285 -21900
-9565 -36300 -22030
-9565 -36300 -21810
-9565 -37400 -22265
-9565 -36675 -21955
-9565 -36285 -22205
-9565 -36300 -22024
-9565 -36300 -21484
-9565 -36300 -21742
-9565 -36300 -22174
-9565 -36300 -21878
-9565 -36300 -21421
-9565 -36285 -21508
-9565 -36300 -21963
-9565 -36285 -21921
-9565 -36285 -21509
-9565 -37560 -22321
-9565 -36300 -21974
-9565 -37005 -22045
-9565 -37780 -22159
-9565 -36300 -21660
-9565 -36435 -21973
-9565 -37535 -21982
-9565 -36360 -21712
-9565 -36300 -21945
-9565 -36285 -21860
-9565 -37055 -21778
-9565 -37790 -21935
-9565 -36300 -21283
-9565 -36285 -21210
-9565 -36300 -22003
-9565 -36300 -21989
-9565 -36285 -21765
-9565 -36285 -21500
-9565 -36300 -21265
-9565 -36640 -21986
-9565 -36300 -22075
-9565 -36300 -21685
-9565 -36300 -21844
-9565 -36300 -22142
-9565 -36300 -21771
-9565 -36300 -22194
-9565 -36300 -21510
-9565 -36285 -21494
-9565 -38175 -22158
-9565 -36285 -21568
-9565 -36300 -21599
-9565 -36300 -21494
-9565 -36680 -21771
-9565 -36300 -21880
-9565 -36300 -21685
-9565 -36285 -21431
-9565 -37575 -21675
-9565 -37475 -21897
-9565 -36300 -21222
-9565 -36870 -21926
-9565 -36870 -21461
-9565 -36285 -21032
-9565 -37465 -21730
-9565 -37055 -21201
-9565 -36300 -21108
-9565 -36090 -21083
-9565 -36300 -21326
-9565 -38175 -21453
-9565 -36300 -21583
-9565 -36630 -22047
-9565 -37420 -22234
-9565 -37565 -22085
-9565 -36300 -21355
-9565 -36300 -21209
-9565 -36300 -21772
-9565 -36300 -21949
-9565 -36300 -21722
-9565 -36300 -21903
-9565 -36400 -21660
-9565 -37225 -22134
-9565 -36285 -21202
-9565 -37420 -21866
-9565 -36300 -21442
-9565 -36305 -21496
-9565 -37555 -22103
-9565 -36300 -21452
-9565 -36300 -21259
-9565 -36300 -21863
-9565 -36300 -21350
-9565 -36300 -20980
-9565 -36300 -21517
-9565 -36300 -21221
-9565 -36300 -21362
-9565 -36285 -21288
-9565 -36300 -21243
-9565 -36300 -21195
-9565 -36300 -21469
-9565 -36300 -20720
-9565 -36460 -21507
-9565 -36285 -21607
-9565 -36300 -21058
-9565 -36300 -21200
-9565 -36300 -20783
-9565 -36300 -21596
-9565 -36300 -21207
-9565 -36300 -21397
-9565 -36300 -21572
-9565 -36660 -21505
-9565 -36300 -21099
-9565 -36300 -21860
-9565 -36300 -21768
-9565 -36300 -21287
-9565 -36285 -20884
-9565 -36300 -21578
-9565 -36305 -21667
-9565 -36300 -20333
-9565 -36300 -21633
-9565 -36300 -21383
-9565 -36300 -20986
-9565 -36285 -20801
-9565 -36300 -21059
-9565 -36300 -21714
-9565 -36715 -21393
-9565 -38070 -22180
-9565 -36300 -20987
-9565 -36300 -21738
-9565 -36325 -21750
-9565 -36345 -21337
-9565 -36300 -21318
-9565 -36285 -20554
-9565 -37930 -21317
-9225 -36300 -21583
-9225 -36300 -20811
-9225 -36300 -21082
-9225 -36300 -21359
-9225 -36300 -21627
-9225 -36300 -20105
-9225 -36595 -21526
-9225 -36285 -21266
-9225 -36285 -20999
-9225 -36300 -20619
-9225 -36285 -21391
-9225 -38380 -21924
-9225 -36300 -21233
-9225 -36300 -20840
-9225 -36130 -20517
-9225 -36320 -21380
-9225 -36300 -21249
-9225 -36300 -21679
-9225 -36300 -21772
-9225 -36300 -20759
-9225 -36660 -21657
-9225 -36300 -21601
-9225 -36300 -21483
-9225 -36505 -21354
-9225 -36300 -21425
-9225 -36300 -21581
-9225 -36300 -20927
-9225 -36285 -20662
-9225 -36285 -21427
-9225 -36285 -20885
-9225 -36285 -20765
-9225 -38175 -21351
-9225 -36300 -21533
-9225 -38500 -21930
-9225 -36300 -21117
-9225 -36300 -21323
-9225 -36285 -21216
-9225 -36300 -21018
-9225 -36300 -20901
-9225 -36285 -20261
-9225 -36300 -20851
-9225 -36285 -20943
-9225 -37495 -21112
-9225 -36300 -20789
-9225 -36300 -21132
-9225 -39220 -21536
-9225 -36300 -21269
-9225 -36300 -21068
-9225 -38070 -21003
-9225 -36300 -21459
-9225 -36300 -20784
-9225 -36300 -21226
-9225 -36300 -20455
-9225 -36300 -21488
-9225 -36300 -21405
-9225 -36300 -21094
-9225 -36300 -20233
-9225 -36300 -21045
-9225 -36100 -20894
-9225 -37730 -21649
-9225 -36300 -20976
-9225 -36300 -21128
-9225 -36300 -20873
-9225 -36300 -21230
-9225 -36300 -21214
-9225 -36300 -21142
-9225 -36285 -20847
-9225 -36300 -20969
-9225 -36090 -20313
-9225 -36300 -21057
-9225 -38175 -20849
-9225 -36300 -21048
-9225 -36300 -21761
-9225 -36300 -20694
-9225 -36300 -21254
-9225 -36300 -21162
-9225 -36300 -21090
-9225 -36610 -20979
-9225 -36285 -20175
-9225 -36300 -21372
-9225 -36300 -21255
-8990 -36285 -20448
-8990 -36285 -20194
-8990 -36675 -21334
-8990 -37425 -21185
-8990 -36300 -20865
-8990 -36495 -20615
-8990 -36300 -21134
-8990 -36440 -20806
-8990 -36300 -21156
-8990 -36300 -20267
-8990 -36285 -20975
-8990 -36300 -21168
-8990 -36300 -20306
-8990 -38070 -21389
-8990 -36470 -21412
-8990 -36300 -20742
-8990 -36285 -21077
-8990 -36300 -20149
-8990 -36650 -21402
-8990 -36300 -20210
-8990 -36285 -21090
-8990 -36300 -20816
-8990 -36300 -21130
-8990 -36300 -21071
-8990 -36300 -21015
-8990 -36565 -20707
-8990 -36300 -20478
-8990 -36300 -21306
-8990 -36300 -20957
-8990 -36300 -20622
-8990 -36300 -20244
-8990 -36300 -21188
-8990 -36300 -21170
-8990 -36300 -20884
-8990 -36285 -20415
-8990 -36300 -20887
-8990 -36300 -20360
-8990 -36285 -19843
-8990 -36300 -20331
-8990 -36600 -21561
-8990 -36300 -20481
-8990 -36300 -20227
-8990 -36300 -20849
-8990 -36300 -20590
-8990 -36300 -20709
-8990 -36285 -20297
-8990 -36300 -20125
-8990 -36300 -21061
-8990 -36300 -21483
-8990 -36285 -20185
-8990 -36300 -20752
-8990 -36300 -20349
-8990 -36300 -20493
-8990 -36920 -21227
-8990 -36300 -20947
-8990 -36300 -20721
-8990 -36300 -21039
-8990 -36955 -20658
-8990 -36300 -20072
-8990 -36300 -20596
-8990 -36300 -20677
-8990 -36300 -20844
-8990 -36760 -20365
-8990 -37065 -21269
-8990 -37245 -20994
-8990 -36300 -20056
-8095 -36845 -21510
-8095 -37415 -21060
-8095 -36300 -20314
-8095 -36300 -20794
-8095 -36300 -20812
-8095 -36285 -20436
-8095 -36300 -20943
-8095 -36340 -20744
-8095 -36285 -20671
-8095 -36300 -21107
-8095 -36300 -20233
-8095 -36300 -20687
-8095 -36300 -20780
-8095 -36300 -20704
-8095 -36300 -20426
-8095 -36300 -20391
-8095 -36150 -19820
-8095 -36300 -20619
-8095 -36300 -21020
-8095 -37010 -21154
-8095 -36300 -20414
-8095 -36890 -20298
-8095 -36300 -20970
-8095 -36285 -20353
-8095 -37550 -20903
-8095 -36300 -19809
-8095 -36300 -20787
-8095 -38070 -21063
-8095 -36300 -19850
-8095 -36300 -20634
-8095 -36300 -19878
-8095 -36300 -20261
-8095 -36300 -20787
-8095 -36285 -20480
-8095 -36300 -20157
-8095 -36285 -20030
-8095 -36300 -20156
-8095 -36300 -20379
-8095 -36350 -20887
-8095 -36300 -20782
-8095 -36920 -20273
-8095 -36285 -20650
-8095 -36300 -19884
-8095 -36300 -20542
-8095 -36300 -20026
-8095 -37170 -20523
-8095 -36300 -20554
-8095 -36285 -20271
-8095 -36300 -20174
-8095 -36300 -20019
-8095 -36300 -20042
-8095 -36300 -19727
-8095 -36520 -19883
-8095 -36300 -19705
-8095 -36300 -20261
-8095 -36300 -20229
-8095 -36300 -19616
-8095 -36865 -20475
-8095 -36300 -20462
-8095 -36300 -20212
-8095 -36300 -19991
-8095 -36285 -20473
-8095 -36285 -20307
-8095 -36300 -20433
-8095 -36600 -20174
-8095 -36360 -20844
-8095 -36300 -20088
-8095 -36300 -20797
-8095 -36300 -20458
-8095 -36300 -20320
-8095 -36285 -20086
-8095 -36300 -20261
-8095 -36300 -20421
-8095 -36285 -19492
-8095 -36285 -19438
-8095 -36300 -20674
-8095 -36395 -20462
-8095 -36300 -20377
-8095 -36300 -20323
-8095 -36300 -20115
-8095 -36300 -20468
-8095 -35985 -19690
-8095 -36300 -20765
-8095 -36300 -20253
-8095 -36300 -20601
-8095 -36300 -20586
-8095 -36285 -21018
-8095 -36300 -19839
-8095 -36300 -20154
-8095 -36285 -19453
-8095 -36300 -19745
-8095 -36300 -19140
-8095 -36300 -19554
-8095 -36300 -19558
-8095 -36300 -20515
-8095 -37485 -20374
-8095 -36285 -20198
-8095 -36300 -20086
-8095 -36300 -19714
-8095 -36285 -20292
-8095 -36285 -20478
-8095 -36300 -20155
-8095 -36300 -20647
-8095 -35670 -18852
-8095 -36300 -20021
-8095 -36300 -20351
-8095 -36300 -20152
-8095 -37575 -20360
-8095 -36300 -20214
-8095 -36300 -20447
-8095 -36300 -19775
-8095 -36285 -20154
-8095 -36300 -19486
-8095 -36300 -20821
-8095 -36300 -20145
-8095 -36285 -19582
-8095 -36300 -20218
-8095 -36285 -20024
-8095 -36300 -19685
-8095 -36300 -19615
-8095 -36300 -20226
-8095 -35970 -19091
-8095 -36300 -20421
-8095 -36285 -18797
-8095 -36285 -19240
-8095 -36300 -20792
-8095 -36300 -19785
-8095 -36300 -20139
-8095 -36285 -18339
-8095 -36300 -20046
-8095 -36285 -18966
-8095 -36285 -19665
-8095 -36285 -19250
-8095 -36460 -20526
-8095 -36300 -19295
-8095 -36300 -20731
-8095 -36285 -19152
-8095 -36285 -19339
-8095 -36090 -19600
-8095 -36300 -19802
-8095 -36285 -19079
-8095 -36285 -19379
-8095 -36300 -19525
-8095 -36285 -19858
-8095 -36300 -19746
-8095 -36300 -20217
-8095 -36300 -19374
-8095 -36680 -19507
-8095 -36300 -20025
-8095 -36845 -20387
-8030 -36285 -18553
-8030 -36300 -20051
-8030 -36300 -19841
-8030 -36945 -19318
-8030 -36300 -19689
-8030 -36300 -19670
-8030 -36300 -20157
-8030 -36300 -19286
-8030 -36285 -19776
-8030 -36300 -19935
-8030 -36300 -19169
-8030 -37645 -19908
-8030 -36450 -19517
-8030 -36300 -20288
-8030 -36300 -19774
-8030 -36090 -19291
-8030 -36920 -20655
-8030 -36285 -19686
-8030 -36285 -18880
-8030 -36300 -19881
-8030 -36285 -18800
-8030 -36285 -19517
-8030 -36300 -19797
-8030 -36300 -19730
-8030 -36300 -19608
-3445 -36300 -18838
-3445 -36300 -19322
-3445 -36285 -19589
-3445 -36300 -19495
-3445 -36285 -19723
-3445 -36300 -19305
-3445 -36285 -19759
-3445 -36440 -19656
-3445 -36300 -19076
-3445 -36300 -19512
-3445 -36450 -19456
-3445 -36795 -19209
-3445 -36370 -18445
-3445 -36285 -18865
-3445 -36300 -18851
-3445 -36300 -18757
-3445 -36300 -19192
-3445 -36300 -19483
-3445 -36300 -19315
-3445 -36285 -18582
-3445 -36300 -19550
-3445 -36300 -20107
-3445 -36300 -19500
-3445 -36300 -19290
-3445 -36285 -19585
1250 -36300 -19030
1250 -36300 -19127
1250 -36300 -19223
1250 -36300 -18722
1250 -36285 -18933
1250 -36285 -18484
1250 -36300 -18418
1250 -36300 -18503
1250 -35840 -18181
1250 -36285 -18719
1250 -36115 -17749
1250 -36285 -18745
1250 -36300 -18595
1250 -36285 -18480
1250 -36285 -18039
1250 -36285 -18486
1250 -36285 -17652
1250 -36285 -18009
1250 -36285 -18421
1250 -35865 -17742
1250 -36285 -17673
1250 -36285 -18058
1250 -36285 -17481
1250 -36285 -17059
1250 -36300 -17831
1250 -36300 -18345
1250 -36285 -18019
1250 -35925 -16644
1250 -36300 -17847
1250 -36285 -18346
1250 -36285 -19411
1250 -36300 -18543
1250 -36285 -17690
1250 -37065 -17953
1250 -36285 -17972
1250 -36285 -17387
1250 -36285 -18008
1250 -36285 -17742
1250 -36285 -17903
1250 -36300 -17507
1250 -36285 -17977
1250 -36285 -18341
1250 -36285 -18169
1250 -36285 -17769
1250 -36300 -18361
1250 -36285 -17701
1250 -36285 -17705
1250 -35970 -16561
1250 -36285 -18493
1250 -36285 -17602
1250 -35970 -17732
1250 -36285 -17630
1250 -36090 -17392
1250 -36300 -18832
1250 -36285 -18126
1250 -36285 -17844
1250 -36300 -17628
1250 -36300 -18456
1250 -36285 -17329
1250 -36285 -17676
1250 -36285 -18123
1250 -36285 -17888
1250 -36285 -17327
1250 -36285 -17861
1250 -36300 -18498
1250 -36255 -17921
1250 -36285 -17884
1250 -36285 -17387
1250 -36285 -18108
1250 -36090 -17171
1250 -36300 -17790
1250 -36300 -17409
1250 -36300 -17821
1250 -36285 -17132
1250 -36285 -17380
1250 -36300 -17908
1250 -36110 -18210
1250 -36300 -18979
1250 -36285 -17759
1250 -36300 -17984
1250 -35970 -16098
1250 -36300 -18351
1250 -36285 -18489
1250 -36285 -17854
1250 -36285 -18559
1250 -36045 -17468
1250 -36300 -18125
1250 -36300 -18492
1250 -36285 -17523
1250 -36285 -17613
1250 -36285 -16724
1250 -35425 -16667
7045 -36285 -17128
7045 -35705 -17190
7045 -36285 -17353
7045 -36910 -17247
7045 -36285 -16266
7045 -36285 -17436
7045 -36235 -16513
7045 -36285 -16346
7045 -36285 -16944
7045 -36300 -17641
7045 -36285 -15665
7045 -36285 -17777
7045 -36285 -18223
7045 -35630 -17564
7045 -36300 -17023
7045 -36285 -16884
7045 -36300 -17093
10475 -36285 -16936
10475 -36300 -17533
10475 -36285 -16130
10475 -36285 -16386
10475 -36285 -16459
10475 -36285 -15609
10475 -36285 -16752
10475 -36300 -16172
10475 -36285 -16950
10475 -36090 -15163
10475 -35790 -15546
10475 -36285 -15556
10475 -36285 -15573
10475 -36300 -16053
10475 -36300 -15801
10475 -36285 -16337
10475 -36285 -15450
10475 -36300 -16047
10475 -36300 -15580
10775 -36285 -16145
10775 -36285 -15070
10775 -35840 -15192
10775 -36285 -15720
10775 -36075 -14838
10775 -36300 -14999
10775 -36300 -14836
10775 -36300 -15414
10775 -36140 -13074
10775 -36300 -14568
10775 -36300 -14206
10775 -36285 -12978
10775 -36285 -13392
10775 -36285 -13303
10775 -36285 -13692
10775 -36285 -14047
10775 -36285 -14429
10775 -36285 -13536
10775 -35105 -11668
10775 -36110 -12985
10775 -36285 -12790
10775 -36285 -11879
10775 -36285 -12699
10775 -36285 -12475
10775 -36285 -11017
10775 -36285 -11207
10775 -36285 -11449
10775 -36285 -11499
10775 -35925 -10537
10775 -36285 -10998
10775 -34575 -9483
10775 -36285 -10245
10775 -36285 -9444
10775 -36285 -10347
10775 -34170 -8778
10775 -36285 -9852
10775 -34710 -8596
10775 -36285 -9376
10775 -36285 -9855
10775 -35240 -8424
10775 -35705 -8959
10775 -36285 -9138
10775 -36285 -8300
10775 -36285 -8274
10775 -36285 -7184
10775 -35435 -6572
10775 -34955 -6133
10775 -35570 -7033
10775 -34955 -6762
10775 -35590 -6794
10775 -34855 -6368
10775 -34710 -6170
10775 -34170 -4020
10775 -35240 -7441
10775 -34170 -5486
10775 -36285 -6496
10775 -35000 -6390
10775 -36285 -6891
10775 -36115 -6361
10775 -34540 -5877
10775 -36285 -6893
10775 -34540 -5836
10775 -35865 -7026
10775 -36285 -6653
10775 -35840 -6495
10775 -34235 -5829
10775 -34575 -5543
10775 -35590 -6997
10775 -36285 -6933
10775 -34260 -5566
10775 -34170 -5288
10775 -35240 -6179
10775 -36285 -7293
10775 -34170 -5958
10775 -34170 -4810
10775 -34190 -6751
10775 -36285 -6958
10775 -34955 -6163
10775 -36285 -7957
10775 -34220 -5860
10775 -34170 -6656
10775 -36140 -5998
10775 -35200 -6123
10775 -36285 -6942
10775 -35790 -6636
10775 -36285 -5569
10775 -34170 -5426
10775 -35470 -6433
10775 -34170 -4029
10775 -36285 -5637
10775 -34170 -4535
10775 -36285 -7233
10775 -34550 -5594
10775 -34685 -4985
10775 -34305 -4084
10775 -34330 -5931
10775 -35840 -7071
10775 -35445 -4831
10775 -34265 -5362
10775 -36285 -5841
10775 -34820 -6086
10775 -34895 -4744
10775 -34170 -4600
10775 -35925 -6125
10775 -34685 -4887
10775 -36285 -4646
10775 -36285 -6846
10775 -34170 -4352
10775 -35345 -5811
10775 -34710 -5780
10775 -34495 -6024
10775 -34170 -4581
10775 -35060 -5527
10775 -34170 -4879
10775 -36285 -6413
10775 -34305 -5320
10775 -35925 -6056
10775 -34170 -4583
10775 -36285 -6520
10775 -36240 -5963
10775 -34170 -4392
10775 -34170 -4382
10775 -34510 -5428
10775 -35630 -6006
10775 -34760 -5681
10775 -34400 -5001
10775 -35925 -5927
10775 -36285 -6242
10775 -34230 -5128
10775 -36285 -6384
10775 -34170 -4007
10775 -34170 -4399
10775 -35520 -5002
10775 -35995 -5794
10775 -34170 -3745
10775 -36285 -6127
10775 -34170 -4378
10775 -34170 -5775
10775 -34170 -5122
10775 -34170 -4479
10775 -34400 -5910
10775 -34170 -5084
10775 -34170 -3284
10775 -34170 -3987
10775 -34300 -4048
10775 -34575 -5881
10775 -35135 -5548
10775 -34170 -4857
10775 -35705 -4241
10775 -34170 -5504
10775 -34170 -5066
10775 -34170 -3810
10775 -34170 -4538
10775 -34170 -3357
10775 -34685 -6053
10775 -35550 -5549
10775 -35105 -4658
10775 -34170 -5065
10775 -34170 -5967
10775 -34170 -3783
10775 -34170 -3896
10775 -33880 -3695
10775 -34375 -3926
10775 -34170 -3806
10775 -34170 -4047
10775 -34710 -4639
10775 -34230 -3205
10775 -33705 -2979
10775 -34170 -4387
10775 -33675 -2615
10775 -34170 -3836
10775 -34170 -4139
10775 -34170 -3019
10775 -34170 -3705
10775 -34170 -4304
10775 -34170 -4077
10775 -34170 -3900
10775 -34550 -4071
10775 -34575 -5327
10775 -34170 -5485
10775 -34170 -3621
10775 -34170 -3209
10775 -34170 -4757
10775 -36285 -5861
10775 -35435 -5038
10775 -34170 -4688
10775 -34170 -3771
10775 -35790 -5562
10775 -34170 -3974
10775 -35105 -5311
10775 -34170 -4635
10775 -35320 -5542
10775 -34170 -3823
10775 -34170 -4179
10775 -34170 -4201
10775 -34710 -4333
10775 -34890 -3186
10775 -34170 -3874
10775 -34710 -4030
10775 -34710 -4372
10775 -34170 -3778
10775 -35520 -3273
10775 -34375 -4136
10775 -34955 -5380
10775 -35655 -4242
10775 -34170 -3554
10775 -34710 -5042
10775 -34170 -4168
10775 -34200 -4247
10775 -36285 -3898
10775 -34760 -3260
10775 -34105 -3834
10775 -36285 -5708
10775 -34475 -4028
10775 -35790 -5133
10775 -34170 -4194
10775 -34170 -2662
10775 -34170 -3549
10775 -34170 -3174
10775 -34710 -3722
10775 -34170 -5385
10775 -34170 -3587
10775 -35655 -5060
10775 -35280 -4669
10775 -34170 -3038
11040 -34170 -4180
11040 -33765 -2636
11040 -34170 -4544
11040 -34435 -4478
11040 -34170 -4186
11040 -34170 -3735
11040 -34170 -3225
11040 -34170 -4212
11040 -36285 -4714
11040 -34170 -3945
11040 -34170 -4693
11040 -33450 -3319
11040 -34575 -5434
11040 -33740 -2490
11040 -34170 -3689
11040 -34710 -3485
11040 -33880 -3223
11040 -33945 -2100
11040 -34265 -4156
11040 -33865 -2032
11040 -34170 -3297
11040 -33880 -1559
11040 -33880 -3269
11040 -34170 -3247
11040 -34170 -2305
11040 -33740 -2966
11040 -33505 -3276
11040 -34170 -3615
11040 -34820 -4538
11040 -34170 -3121
11040 -34170 -4673
11040 -34435 -3744
11040 -34170 -3069
11040 -34525 -4323
11040 -34170 -3328
11040 -34170 -3627
11040 -34495 -2139
11040 -34170 -3963
11040 -35655 -3598
11040 -34300 -4281
11040 -34550 -3165
11040 -36240 -4617
11040 -34170 -4045
11040 -34600 -4486
11040 -34270 -2561
11040 -33450 -2521
11040 -34170 -2295
11040 -34170 -3756
11040 -32115 -1205
11040 -33740 -1397
11040 -34735 -5104
11040 -34170 -2122
11040 -34685 -4493
11040 -34170 -2030
11040 -34275 -2706
11040 -33665 -1532
11040 -33610 -2600
11040 -34170 -2568
11040 -33740 -2789
11040 -34170 -3513
11040 -31975 -679
11040 -34170 -2289
11040 -33015 -1820
11040 -34170 -5339
11040 -33450 -1313
11040 -34130 -1763
11040 -34170 -2332
11040 -33765 -2401
11040 -34160 -2094
11040 -34170 -4283
11040 -32630 -618
11040 -33745 -2317
11040 -34920 -3293
11040 -32530 -1257
11040 -34170 -2854
11040 -33660 -2493
11040 -32430 -1407
11040 -33250 -2008
11040 -32070 -1727
11040 -33740 -1207
11040 -33700 -2875
11040 -34935 -3451
11040 -32635 -1149
11040 -34135 -3027
11040 -34170 -3195
11040 -34170 -2431
11040 -33555 -3044
11040 -35435 -4682
11040 -34170 -2465
11040 -34265 -3442
11040 -33120 -1835
11040 -34170 -3032
11040 -33180 -1960
11040 -33450 -1186
12090 -33810 -1939
12090 -33660 -1792
12090 -31455 -120
12090 -33660 -3895
12090 -33540 -1531
12090 -34170 -1866
12090 -33740 -2049
12090 -34170 -1440
12090 -32980 -1054
12090 -34165 -1059
12090 -33210 -1658
12090 -33100 -1181
12090 -33555 -1844
12090 -34170 -1513
12090 -33875 -1898
12090 -33745 -1815
12090 -34125 -3852
12090 -32880 -1605
12090 -34170 -2020
12090 -32910 -1872
12090 -32810 -1064
12090 -32690 -441
12090 -32915 -1108
12090 -33555 -1593
12090 -33450 -1643
12090 -32900 -1948
12090 -33950 -1946
12090 -34170 -2860
12090 -34170 -2090
12090 -33010 -1668
12090 -33125 -1454
12090 -34170 -3156
12090 -34170 -3062
12090 -33080 -615
12090 -33125 -1871
12090 -31795 -1383
12090 -33765 -3578
12090 -32810 -1971
12090 -32850 -1190
12090 -32900 -1627
12090 -33800 -2840
12090 -32890 -1262
12090 -31145 -547
12090 -33440 -1455
12090 -33450 -1315
12090 -32510 -605
12090 -32270 -1273
12090 -32530 -659
12090 -32875 -1729
12090 -34025 -452
12090 -30590 1117
12090 -32560 -1001
12090 -32865 -657
12090 -30645 820
12090 -31345 -269
12090 -33745 -1081
12090 -32800 -247
12090 -33610 -1592
12090 -33335 -1367
12090 -31345 178
12090 -31890 -633
12090 -34170 -2814
12090 -32415 -759
12090 -30040 721
12090 -33675 -1607
12090 -33110 -467
12090 -34170 -2476
12090 -33390 -1736
12090 -34160 -2400
12090 -34170 -829
12090 -33000 -1852
12090 -32990 -1045
12090 -34170 -945
12090 -33715 -2164
12090 -32530 -568
12090 -34170 -2378
12375 -33775 -957
12375 -34170 -3197
12375 -31690 640
12375 -33450 -783
12375 -34170 -2168
12375 -31870 -946
12375 -32610 -862
12375 -29445 588
12375 -30730 510
12375 -32325 -117
12375 -31665 649
12375 -31560 -130
12375 -33000 -211
12375 -31145 694
12375 -32060 73
12375 -32710 -318
12375 -32910 -911
12375 -30590 1136
12375 -32820 291
12475 -32900 1
12475 -32260 911
12475 -32430 -1402
12475 -29470 1896
12475 -32900 36
12475 -32910 -1153
12475 -33505 -340
12475 -32710 -690
12475 -33710 -561
12475 -31355 -434
12475 -31395 679
12475 -33450 -757
12475 -31770 331
12475 -33610 -817
12475 -31730 -466
12475 -33050 -1492
12475 -30070 1430
12475 -30590 157
12475 -32610 421
12475 -34170 -1350
12475 -32560 -88
12475 -33740 -509
12475 -31810 -232
12475 -33100 -436
12475 -29170 1578
12475 -33740 -1067
12475 -31730 92
12475 -29470 2536
12475 -31780 1670
12475 -32665 -146
12475 -29855 1205
12475 -23875 1979
12475 -26945 2337
12475 -26895 1417
12475 -27650 1915
12475 -29170 1308
12475 -29370 2091
12475 -30695 1809
12475 -31770 1177
12475 -30430 1273
12475 -31770 663
12475 -30905 1217
12575 -30850 1336
12575 -29690 1935
12575 -31105 1342
12575 -32710 -255
12575 -32435 -58
12575 -32710 627
12575 -32530 134
12575 -32770 1395
12575 -32260 369
12575 -27860 2072
12575 -31170 1349
12575 -31690 456
12575 -30390 2058
12575 -31875 529
12575 -31665 1582
12575 -18315 1810
12575 -30200 1635
12575 -34170 -565
12575 -31215 638
12575 -30720 789
12575 -30525 1409
12575 -30620 2074
12575 -33240 114
12575 -29370 1503
12575 -32820 640
12575 -29740 2585
12575 -29680 2416
12575 -21535 1801
12575 -25950 2035
12575 -30485 2525
12575 -25580 1652
12575 -19225 2441
12575 -30910 2796
12575 -31480 1136
12575 -32070 912
12575 -31555 1143
12575 -32425 1239
12575 -19355 3349
12575 -19085 2995
12575 -29540 2381
12575 -31770 1420
12575 -19355 2914
12575 -30135 2150
12575 -29890 1545
12575 -30790 2293
12575 -29930 1470
13175 -30585 1392
13175 -32430 1092
13175 -28415 2231
13175 -30800 2519
13175 -30695 789
13175 -30200 2187
13175 -27860 2157
13175 -19355 2473
13175 -31770 138
13175 -29855 3172
13175 -31170 600
13175 -30170 1613
13175 -27370 2553
13175 -31770 861
13175 -30295 1078
13175 -19355 2006
13175 -27170 2124
13175 -30395 2679
13175 -16695 4139
13175 -30420 2146
13175 -16830 4219
13175 -19345 2980
13175 -17775 3140
13175 -31170 2593
13175 -17775 3623
13175 -27270 2971
13175 -16560 4335
13175 -31740 2825
13175 -18045 2738
13175 -31480 1218
13175 -28730 2283
13175 -18045 3563
13175 -16830 3089
13175 -30070 3108
13175 -32585 415
13175 -17195 3240
13175 -27270 2840
13175 -32125 1691
13175 -17775 3648
13175 -28425 2339
13175 -17775 2643
13175 -16830 3738
13175 -30600 2041
13175 -23830 1917
13175 -18670 2458
13175 -17910 3227
13175 -22270 3075
13175 -28345 2839
13175 -17775 3775
13175 -25795 2804
13175 -17125 2744
13175 -28660 2784
13175 -29740 1198
13175 -29195 2606
13175 -24600 2971
13175 -29010 2418
13175 -17775 2869
13175 -17775 3476
13175 -17775 3649
13175 -19085 2817
13175 -18180 2795
13175 -19355 2796
13175 -18045 3691
13175 -26895 3464
13175 -17910 3654
13175 -19085 3050
13175 -17775 3202
13175 -17775 3375
13175 -17775 3336
13175 -18180 4026
13175 -21610 2923
13175 -29645 1958
13175 -19355 4172
13175 -16830 3681
27685 -17775 3681
27685 -16560 3888
27685 -17775 3906
27685 -19355 3015
27685 -17775 4562
27685 -24010 3783
27685 -27170 2690
27685 -17775 3540
27685 -29590 3070
27685 -17775 3642
27685 -17775 3221
27685 -27270 3149
27685 -16830 4007
27685 -24145 3049
27685 -18045 3302
27685 -25645 3017
27685 -28820 4198
27685 -17775 3743
27685 -19085 3879
27685 -19210 3727
27685 -17910 2717
27685 -17775 4188
27685 -19085 3496
27685 -19355 3380
27685 -14335 5077
27685 -16560 4587
27685 -17775 3632
27685 -14665 5690
27685 -16965 4283
27685 -18315 4401
27685 -19355 4517
27685 -17910 4012
27685 -17775 3915
27685 -18180 3747
27685 -18180 3494
27685 -16830 4158
27685 -19600 3565
27685 -16830 4525
27685 -16925 5238
27685 -16830 4023
27685 -17100 4125
27685 -19085 4129
27685 -17775 3835
27685 -14135 5873
27685 -16560 5648
27685 -16830 4895
27685 -30320 3630
27685 -16965 4465
27685 -17910 4320
27685 -16560 5626
27685 -16830 5131
27685 -17775 5393
27685 -16830 5653
27685 -17910 5438
27685 -17775 4695
27685 -16560 6504
27685 -16560 6697
27685 -17775 5224
27685 -17775 6555
27685 -16965 6497
27685 -17775 7182
27685 -15130 7842
27685 -19470 7543
27685 -29585 5930
27685 -16625 7340
27685 -16830 7428
27685 -14665 10162
27685 -17775 9682
27685 -13330 10677
27685 -14260 11655
27685 -13810 11354
27685 -16560 11337
27685 -14830 12092
27685 -12910 14777
27685 -18045 12534
27685 -14405 14032
27685 -16830 12848
27685 -14830 14180
27685 -16830 12381
27685 -16830 13604
27685 -17775 11941
27685 -15980 14192
27685 -17775 13691
27685 -13855 14360
27685 -14730 14358
27685 -14190 14637
27685 -16560 13261
27685 -17775 13216
27685 -17100 12963
27685 -14300 14637
27685 -15345 13166
27685 -15210 15091
27685 -15075 14508
27685 -16560 13137
27685 -16465 12448
27685 -14755 13860
27685 -15945 14500
27685 -12685 14629
27685 -16560 13221
27685 -16560 14537
27685 -16560 13469
27685 -13585 13846
27685 -15980 13936
27685 -13405 14086
27685 -12135 15975
27685 -15210 13898
27685 -14460 14212
27685 -14225 15217
27685 -13735 14804
27685 -13465 14852
27685 -14080 15022
27685 -14260 15755
27685 -12775 15213
27685 -13750 14297
27685 -12285 14981
27685 -13735 14913
27685 -15980 14898
27685 -12160 15084
27685 -14160 14901
27685 -13245 16053
27685 -14460 16039
27685 -13860 15624
27685 -13655 14697
27685 -13235 15430
27685 -16830 13391
27685 -15710 14283
27685 -14300 14465
27685 -13535 15505
27685 -12135 16170
27685 -13870 15123
27685 -12595 15508
27685 -13685 15023
27685 -13240 14812
27685 -13405 15742
27685 -14260 14567
27685 -15345 13934
27685 -14080 15163
27685 -12705 14872
27685 -16560 13931
27685 -14125 15202
27685 -16560 14848
27685 -15840 15589
27685 -17195 14094
27685 -12135 16643
27685 -12460 15122
27685 -12135 16391
27685 -15025 14687
27685 -12160 15477
27685 -12910 15765
27685 -12670 15878
27685 -10955 17070
27685 -11525 17001
27685 -13180 15599
27685 -12105 16151
27685 -13380 15791
27685 -12490 15835
27685 -13235 15805
27685 -12785 15405
27685 -12095 15630
27685 -14620 14831
27685 -12145 16343
27685 -12880 15808
27685 -12135 16937
27685 -14710 16381
27685 -12565 15646
27685 -12785 17486
27685 -13885 14723
27685 -13045 15807
27685 -13655 14436
27685 -14165 16139
27685 -11735 16518
27685 -15480 15004
27685 -14325 16860
27685 -11985 15842
27685 -12685 16943
27685 -12535 16535
27685 -14300 14637
27685 -16830 15192
27685 -13615 15562
27685 -12775 17176
27685 -12670 14467
27685 -12775 15065
27685 -12220 16038
27685 -11605 17501
27685 -12185 16400
27685 -12160 16100
27685 -12235 16914
27685 -10840 18613
27685 -11525 17123
27685 -11645 17126
27685 -12420 17494
27685 -12440 15784
27685 -11645 17330
27685 -9750 18233
27685 -12705 17673
27685 -12135 17196
27685 -12440 16578
27685 -14020 16699
27685 -11910 17795
27685 -12750 16147
27685 -11545 17568
27685 -11885 17770
27685 -10450 19178
27685 -12775 16729
27685 -12685 16574
27685 -11525 16516
27685 -11785 17341
27685 -11175 18233
27685 -11525 17200
27685 -11520 17595
27685 -12160 17777
27685 -12915 17225
27685 -12775 15883
27685 -13380 16440
27685 -10670 18064
27685 -12160 17355
27685 -12135 16955
27685 -10650 18463
27685 -12670 17568
27685 -10790 18227
27685 -12135 17659
27685 -12170 16118
27685 -12135 16754
27685 -13235 15973
27685 -10790 20089
27685 -10450 19912
27685 -9740 18877
27685 -9550 19102
27685 -10450 19886
27685 -12250 18287
27685 -9750 19919
27685 -10875 19005
27685 -10790 19104
27685 -10450 19621
27685 -11190 18783
27685 -12775 18499
27685 -10450 19851
27685 -10580 19344
27685 -10350 18861
27685 -9750 20091
27685 -11760 17564
27685 -10450 18815
27685 -10900 19651
27685 -9750 19179
27685 -11425 18270
27685 -11420 18918
27685 -9650 20585
27685 -9565 19021
27685 -11275 18607
27685 -10790 18933
27685 -12775 18065
27685 -12975 18270
27685 -10930 20237
27685 -10685 18570
27685 -10540 18908
27685 -10790 19513
27685 -12775 18567
27685 -12135 16390
27685 -10895 19579
27685 -9750 20198
27685 -10580 19286
27685 -13195 17858
27685 -11185 19088
27685 -11645 17665
27685 -9530 20768
27685 -10580 19300
27685 -10580 19171
27685 -7740 21099
27685 -11065 19028
27685 -5785 21479
27685 -9750 19973
27685 -10450 19716
27685 -9750 20109
27685 -11445 17246
27685 -10580 19649
27685 4525 21161
27685 -10450 19570
27685 -11760 18816
27685 -11170 18584
27685 -9530 20417
27685 -9750 20013
27685 -10580 19310
27685 -10315 20265
27685 -9550 20586
27685 -9750 20260
27685 -10580 19986
27685 -11525 17550
27685 -10790 19512
27685 -9750 20797
27685 -11525 19596
27685 -11525 18624
27685 -10580 20964
27685 -10450 20845
27685 -11000 19603
27685 -10885 19315
27685 -10450 19084
27685 -9950 20397
27685 -9215 20580
27685 -7260 20627
27685 -460 21904
27685 -10580 19079
27685 -11035 18666
27685 -10790 19571
27685 -10235 19577
27685 -9750 20986
27685 -10450 19943
27685 -1670 21593
27685 4525 22204
27685 -10450 19546
27685 -9750 20930
27685 -7850 21221
27685 4525 22143
27685 -9850 20640
27685 5965 22866
27685 -10075 20733
27685 7045 22237
27685 5935 22359
27685 6905 22834
27685 -7750 21657
27685 -9175 20271
27685 -1940 21944
27685 5965 22281
27685 4525 22170
27685 5965 21832
27685 3405 22692
27685 4525 22740
27685 4890 22208
27685 3405 22266
27685 -9750 20400
27685 -190 21502
27685 5965 22007
27685 6695 22907
27685 -10215 21345
27685 3675 22250
27685 -9550 21441
27685 -455 21592
27685 5935 22000
27685 -3055 21503
27685 2120 21345
27685 5935 22276
27685 -9110 21194
27685 -1440 21541
27685 -9850 20661
27685 7315 23445
27685 7320 23444
27685 7045 22700
27685 5965 23149
27685 7180 22250
27685 -490 21681
27685 7460 24311
27685 -9550 22435
27685 7045 22673
27685 5935 23260
27685 7045 23121
27685 7180 22771
27685 5965 22796
27685 4525 22921
27685 7315 23736
27685 5935 22862
27685 4890 22404
27685 3405 22661
27685 4890 23955
27685 5935 22758
27685 5935 22736
27685 4525 22138
27685 3675 21363
27685 4890 22458
27685 5965 23337
27685 5965 22359
27685 7045 23081
27685 6695 22965
27685 7045 23532
27685 7180 22320
27685 7180 22468
27685 5965 23009
27685 6240 22179
27685 7180 22784
27685 7315 23843
27685 6905 23054
27685 7315 22926
27685 7180 23538
27685 7180 23219
27685 5935 22398
27685 7045 22424
27685 7180 23250
27685 7850 24953
27685 7720 24182
27685 8530 24710
27685 7545 24468
27685 8460 24622
27685 7955 24622
27685 5965 23778
27685 9045 25150
27685 7720 24587
27685 7180 23595
27685 7315 24266
27685 7045 23852
27685 7180 23407
27685 7585 23658
27685 9045 24796
27685 7560 23979
27685 7315 23058
27685 7045 24125
27685 8665 24067
27685 7260 22630
27685 7585 24055
27685 6240 22937
27685 7850 24455
27685 8935 24677
27685 7315 24985
27685 8460 24763
27685 7045 23029
27685 7545 24359
27685 8665 24965
27685 7955 24581
27685 7955 24800
27685 7720 24107
27685 7315 23659
27685 7720 23958
27685 7460 24094
27685 5965 23993
27685 7460 23908
27685 7045 23595
27685 8665 25739
27685 8065 25076
27685 8935 25936
27685 8665 25080
27685 9885 25591
27685 8460 24844
27685 8665 24692
27685 8935 24871
27685 7955 24809
27685 8935 25456
27685 10375 26393
27685 8065 24829
27685 7720 24184
27685 7450 24423
27685 9045 25650
27685 9885 25579
27685 8460 24781
27685 9575 25273
27685 7720 25226
27685 8935 24900
27685 7180 23755
27685 10305 26320
27685 8800 24620
27685 8530 24665
27685 8530 24764
27685 9045 25345
27685 8935 24782
27685 8665 25017
27685 7955 24374
27685 9860 24815
27685 9575 25216
27685 8460 25198
27685 10095 25777
27685 9575 25623
27685 10095 25599
27685 9575 25251
27685 8360 25187
27685 7460 24712
27685 8360 24348
27685 10305 25929
27685 8800 25951
27685 27685 27685
27685 10375 26444
27685 10410 26360
27685 11675 27439
27685 11255 27359
27685 9990 26307
27685 11040 26831
27685 11255 26745
27685 10775 26576
27685 18560 27639
27685 10775 25977
27685 10675 26572
27685 9990 26595
27685 8530 25968
27685 11575 27559
27685 11040 26615
27685 11160 26552
27685 10410 26218
27685 11040 27034
27685 10875 27094
27685 11160 27152
27685 10775 26824
27685 11250 27073
27685 8935 25714
27685 10375 26467
27685 9990 25993
27685 10675 27029
27685 9045 25759
27685 10675 26034
27685 11575 27355
27685 10775 27284
27685 11575 27184
27685 11355 26996
27685 12575 27564
27685 10475 26440
27685 11775 27480
27685 27685 27685
27685 10160 26704
27685 11145 26991
27685 10775 27227
27685 27685 27685
27685 27685 27685
27685 27685 27685
27685 27685 27685
27685 27685 27685
27685 27685 27685
27685 27685 27685
27685 27685 27685
27685 27685 27685
27685 27685 27685
27685 27685 27685
27685 27685 27685
27685 27685 27685
27685 27685 27685
27685 27685 27685
27685 27685 27685
27685 27685 27685
27685 27685 27685
27685 27685 27685
27685 27685 27685
27685 27685 27685
27685 18660 27640
27685 27685 27685
27685 27685 27685
27685 27685 27685
27685 27685 27685
27685 27685 27685
27685 27685 27685
27685 27685 27685
27685 27685 27685
27685 27685 27685
27685 27685 27685
27685 27685 27685
27685 27685 27685
27685 27685 27685
27685 27685 27685
27685 27685 27685
27685 11775 27560
27685 27685 27685
27685 27685 27685
27685 27685 27685
27685 27685 27685
27685 27685 27685
27685 27685 27685
27685 27685 27685
27685 27685 27685
27685 27685 27685
27685 27685 27685
27685 27685 27685
27685 27685 27685
27685 27685 27685
27685 27685 27685
27685 27685 27685
27685 27685 27685
27685 27685 27685
27685 27685 27685
27685 27685 27685
27685 27685 27685
27685 27685 27685
27685 27685 27685
27685 27685 27685
27685 27685 27685
27685 27685 27685
27685 27685 27685
27685 27685 27685
27685 27685 27685
27685 27685 27685
27685 27685 27685
27685 27685 27685
27685 27685 27685
27685 27685 27685
27685 27685 27685
27685 27685 27685
27685 27685 27685
27685 27685 27685
27685 27685 27685
27685 27685 27685
27685 27685 27685
27685 27685 27685
27685 27685 27685
27685 27685 27685
27685 27685 27685
27685 27685 27685
27685 27685 27685
27685 27685 27685
27685 27685 27685
27685 27685 27685
27685 27685 27685
27685 27685 27685
27685 27685 27685
27685 27685 27685
27685 27685 27685
27685 27685 27685
27685 27685 27685
27685 27685 27685
27685 27685 27685
27685 27685 27685
27685 27685 27685
27685 27685 27685
27685 27685 27685
27685 27685 27685
27685 27685 27685
27685 27685 27685
27685 27685 27685
27685 27685 27685
27685 27685 27685
27685 27685 27685
27685 27685 27685
27685 27685 27685
27685 27685 27685
27685 27685 27685
27685 27685 27685
27685 27685 27685
27685 27685 27685
27685 27685 27685
27685 27685 27685
27685 27685 27685
27685 27685 27685
27685 27685 27685
27685 27685 27685
27685 27685 27685
27685 27685 27685
27685 27685 27685
27685 27685 27685
27685 27685 27685
27685 27685 27685
27685 27685 27685
27685 27685 27685
27685 27685 27685
27685 27685 27685
27685 27685 27685
27685 27685 27685
27685 27685 27685
27685 27685 27685
27685 27685 27685
27685 27685 27685
27685 27685 27685
27685 27685 27685
27685 27685 27685
27685 27685 27685
27685 27685 27685
27685 27685 27685
27685 27685 27685
27685 27685 27685
27685 27685 27685
27685 27685 27685
27685 27685 27685
27685 27685 27685
27685 27685 27685
27685 27685 27685
27685 27685 27685
27685 27685 27685
27685 27685 27685
27685 27685 27685
27685 27685 27685
27685 27685 27685
27685 27685 27685
27685 27685 27685
27685 27685 27685
27685 27685 27685
