-57145 -63610 -66139
-19370 -65560 -59229
-19370 -63700 -57267
-13485 -62840 -55002
-13485 -63040 -53771
-13485 -63640 -52849
-13485 -62035 -50670
-13485 -64425 -50302
-13485 -65325 -49592
-13485 -63700 -47642
-13485 -64780 -46355
-13485 -64280 -45577
-13485 -64990 -44456
-13485 -66605 -44411
125 -64450 -42141
125 -64375 -42269
125 -63120 -40942
125 -64365 -40465
125 -63310 -39939
125 -63980 -39215
125 -62165 -37391
125 -64275 -39071
125 -62985 -37905
125 -64645 -36991
125 -62195 -35306
125 -63050 -36590
125 -62480 -36447
125 -62080 -36157
125 -62425 -36717
125 -61585 -35008
125 -63215 -35682
16915 -63430 -35859
16915 -63395 -36172
16915 -60900 -33446
16995 -64445 -36236
16995 -64415 -35009
16995 -61925 -35110
16995 -60900 -35043
16995 -62210 -33846
16995 -63500 -33758
16995 -63210 -35051
16995 -62380 -33566
16995 -63825 -34019
16995 -62770 -34533
16995 -61455 -34326
16995 -63910 -33317
16995 -64510 -33646
16995 -63680 -33278
16995 -63500 -32704
16995 -64245 -31994
16995 -61880 -32194
16995 -63215 -32486
16995 -60895 -31671
17180 -61985 -32581
17180 -62445 -31147
17180 -62865 -32179
17180 -64010 -31747
17180 -64445 -32624
17180 -63505 -30485
17180 -61965 -31243
18115 -61615 -30114
18115 -63370 -29216
18115 -64905 -30568
18115 -61440 -28381
18115 -62980 -28358
18115 -62945 -26828
18115 -61345 -26049
18115 -63635 -26992
18115 -62415 -25730
18115 -63475 -26716
18115 -64755 -26536
18115 -64755 -26555
18115 -64285 -25085
18115 -64370 -23581
18115 -63045 -22550
18115 -64645 -21709
18115 -63050 -22457
19815 -63670 -22022
19815 -64645 -22909
19815 -63070 -20762
19815 -62590 -19899
19815 -61590 -20384
19815 -61880 -20301
19815 -62245 -20347
19815 -62215 -17746
19815 -60900 -18927
19815 -62565 -18494
19815 -61590 -16930
19815 -64040 -18966
19815 -60900 -18097
19815 -63305 -16036
19815 -61255 -15244
19815 -63700 -16537
19815 -62285 -14945
19815 -60885 -11828
19815 -64780 -15285
19815 -64645 -14779
19815 -64355 -14528
19815 -64370 -16225
19815 -63595 -14800
19815 -60900 -11083
19815 -60680 -13742
19815 -60895 -13487
19815 -61815 -13104
19815 -60900 -13824
19815 -60895 -12680
19815 -62380 -13869
19815 -62405 -13066
19815 -60680 -12928
19815 -60890 -12239
19815 -60890 -11414
19815 -60895 -14811
19815 -61840 -13635
19815 -60900 -10708
38515 -60890 -10569
38515 -60890 -10816
38515 -60890 -11072
38515 -60895 -11130
38515 -60900 -10532
38515 -63500 -12771
38515 -60870 -11788
38515 -60900 -12225
55325 -63530 -12099
55325 -60680 -9942
55325 -60890 -10111
55325 -60885 -6657
55325 -60680 -9754
55325 -61615 -10353
55325 -59780 -13289
55325 -60890 -12765
55325 -60900 -12069
55325 -60885 -10445
55325 -62215 -10512
55325 -59780 -9569
55325 -60870 -9228
55325 -61795 -9891
55325 -61195 -13102
55325 -60895 -11076
55325 -60435 -9891
55325 -60895 -10130
55325 -61280 -10827
55325 -61695 -8773
55325 -61340 -9921
55325 -60160 -8190
55325 -60900 -11436
55325 -60885 -7876
55325 -60895 -8591
55325 -60885 -8059
55325 -61655 -10231
55325 -60895 -11070
55325 -60790 -7774
55325 -60885 -11188
55325 -60890 -9286
55325 -60885 -10902
55325 -60890 -10676
55325 -60120 -7714
55325 -60895 -8550
55325 -62215 -10025
55325 -60895 -10823
55325 -62575 -11318
55325 -60885 -9724
55325 -60475 -8368
55325 -60570 -9946
55325 -59780 -6737
55325 -60900 -10464
55325 -60870 -6856
55325 -61545 -10546
55325 -59180 -5817
55325 -61580 -10491
55325 -60890 -9507
55325 -60675 -7803
55325 -60585 -7642
55325 -60885 -8641
55325 -60900 -9066
55325 -62195 -9235
55325 -62170 -9730
55325 -60685 -9543
55325 -61795 -8253
55325 -60890 -5497
55325 -60250 -6459
55325 -60570 -7225
55325 -60675 -7842
55325 -59960 -6133
55325 -61160 -8484
55325 -59780 -6291
55325 -60895 -5268
55325 -61555 -8471
55325 -63095 -9655
55325 -59770 -3619
55325 -63190 -6813
55325 -59740 -4136
55325 -60680 -4639
55325 -59780 -4631
55325 -60425 -6312
55325 -59870 -4710
55325 -60680 -7638
55325 -60900 -6235
55325 -64015 -9198
55325 -59770 -4172
55325 -60885 -6482
55325 -59100 -4246
55325 -59670 -4158
55325 -60685 -3420
55325 -60450 -5036
55325 -62350 -5258
55325 -59575 -5803
55325 -59820 -5735
55325 -60255 -6385
55325 -62630 -5659
55325 -60685 -6822
55325 -60755 -6776
55325 -61695 -5604
55325 -59570 -5237
55325 -60395 -5724
55325 -60895 -3244
55325 -59560 -2778
55325 -59350 -2147
55325 -61840 -6992
55325 -60890 -4009
55325 -60895 -5545
55325 -60090 -4356
55325 -61790 -5066
55325 -60780 -4472
55325 -59785 -2502
55325 -60870 -3939
55325 -60675 -1432
55325 -60055 -4261
55325 -60790 -3168
55325 -59770 -4714
55325 -60980 -5672
55325 -60770 -3445
55325 -60685 -2402
55325 -62215 -5970
55325 -58995 -1934
55325 -61170 -4174
55325 -60635 -536
55325 -59770 -2344
55325 -60685 -4535
55325 -59560 -908
55325 -60790 -1367
55325 -60680 -1524
55325 -59560 -523
55325 -59780 -1574
55325 -60680 385
55325 -60570 -2568
55325 -60900 -1109
55325 -57920 2790
55325 -59770 219
55325 -60690 -1042
55325 -60680 -3726
55325 -59570 -1405
55325 -59780 -1004
55325 -60900 837
55325 -59560 2162
55325 -60780 -517
55325 -59780 -499
55325 -59780 1592
55325 -60895 1939
55325 -58655 3900
55325 -60520 3601
55325 -58660 4194
55325 -60835 1131
55325 -58660 2782
55325 -58525 5959
55325 -59780 4547
55325 -60885 2102
55325 -58655 6649
55325 -59780 3924
55325 -59770 4921
55325 -58705 7722
55325 -59780 4969
55325 -60520 4127
55325 -58655 7052
55325 -60890 7910
55325 -58660 8424
55325 -59780 3818
55325 -59395 9569
55325 -58660 7976
55325 -60900 6107
55325 -59770 8621
55325 -59170 6682
55325 -59110 6599
55325 -58890 6553
55325 -58550 9826
55325 -60150 8955
55325 -59670 9696
55325 -60890 7229
55325 -59180 7632
55325 -58655 10799
55325 -60045 9112
55325 -58550 10232
55325 -59780 11086
55325 -58655 11527
55325 -58550 11298
55325 -61170 5796
55325 -57540 12110
55325 -58995 8381
55325 -60150 8814
55325 -57560 15381
55325 -60470 7880
55325 -58660 13132
55325 -60755 7369
55325 -58660 10608
55325 -60890 6771
55325 -59590 11481
55325 -58655 9878
55325 -58660 10806
55325 -60890 11607
55325 -59580 13089
55325 -59670 12730
55325 -59780 11108
55325 -59835 10122
55325 -59780 11549
55325 -60115 11048
55325 -59560 11363
55325 -59780 13048
55325 -59170 12830
55325 -58655 12654
55325 -58655 15528
55325 -60890 11090
55325 -58660 12297
55325 -60465 10591
55325 -58855 13098
55325 -58660 16993
55325 -58660 14305
55325 -58660 13413
55325 -59945 13161
55325 -57140 17565
55325 -59780 12368
55325 -59670 14559
55325 -58660 13712
55325 -58650 15187
55325 -59780 14943
55325 -58680 15725
55325 -57980 17024
55325 -59770 15183
55325 -60045 12069
55325 -59730 15357
55325 -59580 16795
55325 -59770 15784
55325 -58660 15081
55325 -58655 15968
55325 -58660 15222
55325 -57920 17757
55325 -59080 14116
55325 -59520 14493
55325 -57440 18709
55325 -59060 17799
55325 -58070 18513
55325 -59770 14594
55325 -58995 14953
55325 -57540 18401
55325 -58740 16516
55325 -58660 14310
55325 -57635 16544
55325 -59560 14901
55325 -59770 15029
55325 -60570 11752
55325 -59005 13733
55325 -58660 17102
55325 -58330 17653
55325 -59770 12968
55325 -58655 17341
55325 -58655 15362
55325 -58940 16274
55325 -59080 16286
55325 -58455 16820
55325 -57815 18570
55325 -58900 13667
55325 -59625 15569
55325 -58660 16629
55325 -58660 16653
55325 -59560 16962
55325 -58510 17185
55325 -59560 17031
55325 -58655 17447
55325 -58870 16519
55325 -59670 15850
55325 -58540 18400
55325 -58550 17278
55325 -58660 17381
55325 -59680 14750
55325 -58260 16509
55325 -59780 15842
55325 -58070 16125
55325 -60570 14524
55325 -58855 16512
55325 -58660 16931
55325 -56830 17868
55325 -59005 17406
55325 -58550 19357
55325 -59560 15929
55325 -59560 14886
55325 -59080 15948
55325 -58660 15422
55325 -59460 14805
55325 -59560 16602
55325 -58550 16478
55325 -58660 16430
55325 -59560 15258
55325 -58655 16850
55325 -57760 17705
55325 -60045 13658
55325 -57540 16420
55325 -58550 17604
55325 -56870 19872
55325 -58655 15485
55325 -59770 15990
55325 -59780 16716
55325 -58655 15018
55325 -56370 22090
55325 -57870 16148
55325 -57880 18088
55325 -58090 15877
55325 -55940 19490
55325 -58550 16928
55325 -58655 17385
55325 -58055 14736
55325 -58660 17159
55325 -59005 12480
55325 -57540 18717
55325 -57860 17315
55325 -58180 15594
55325 -57540 18370
55325 -59770 14513
55325 -58550 16644
55325 -58655 16310
55325 -57865 17779
55325 -37950 21841
55325 -57440 19555
55325 -58080 20432
55325 -59005 18111
55325 -57815 18480
55325 -56840 18748
55325 -55840 21658
55325 -58660 15973
55325 -58445 16206
55325 -58345 18034
55325 -57710 19672
55325 -56840 18554
55325 -57540 18916
55325 -57540 19076
55325 -58450 15648
55325 -58350 20576
55325 -57540 18682
55325 -58080 19470
55325 -57310 19849
55325 -59560 17898
55325 -58655 17436
55325 -55940 20011
55325 -55140 17664
55325 -58655 17480
55325 -57540 19312
55325 -57860 19514
55325 -53280 20520
55325 -57540 18545
55325 -58655 17364
55325 -56840 20492
55325 -57615 21575
55325 -55940 20455
55325 -57540 19514
55325 -58335 16827
55325 -58260 17840
55325 -58660 19696
55325 -58350 18189
55325 -57040 20247
55325 -58655 15650
55325 -58660 17608
55325 -57415 20858
55325 -58005 16827
55325 -57130 20451
55325 -57540 18635
55325 -58660 15550
55325 -58705 18064
55325 -59670 15249
55325 -57540 18001
55325 -56765 19120
55325 -59080 18354
55325 -58550 16895
55325 -58650 16416
55325 -58655 17333
55325 -57920 17415
55325 -57650 17295
55325 -58070 18128
55325 -57255 18287
55325 -58450 16248
55325 -58655 18182
55325 -57815 21067
55325 -58550 17729
55325 -34810 27208
55325 -55675 20744
55325 -58065 18464
55325 -59780 16725
55325 -51430 18509
55325 -57860 18458
55325 -56765 18910
55325 -57960 21529
55325 -57540 21167
55325 -57540 21087
55325 -50370 22866
55325 -56765 21131
55325 -55730 20119
55325 -56440 20079
55325 -57540 19462
55325 -55140 21478
55325 -59070 17003
55325 -55740 20391
55325 -56280 20505
55325 -57755 18950
55325 -39260 21725
55325 -55520 19149
55325 -53280 21877
55325 -56935 21381
55325 -57540 22327
55325 -57140 21049
55325 -58080 19991
55325 -59770 16242
55325 -55910 19162
55325 -57540 20815
55325 -58655 18257
55325 -59670 14684
55325 -56060 20139
55325 -55140 21720
55325 -58070 19380
55325 -58655 16373
55325 -55440 22946
55325 -56840 20950
55325 -37240 23274
55325 -55340 20342
55325 -34810 26879
55325 -43705 20439
55325 -57815 18983
55325 -58655 19282
55325 -56920 20737
55325 -56640 18090
55325 -57615 19298
55325 -55940 20193
55325 -34810 23362
55325 -57340 22055
55325 -57945 19213
55325 -55940 19476
55325 -57540 19318
55325 -41565 23236
55325 -58150 19089
55325 -57445 19269
55325 -57440 20665
55325 -57540 18659
55325 -57540 19655
55325 -59770 17807
55325 -56865 20223
55325 -58445 20409
55325 -57540 20869
55325 -56380 22738
55325 -58655 19597
55325 -58655 17882
55325 -57570 21042
55325 -58550 18990
55325 -57540 19777
55325 -56365 19365
55325 -57540 19940
55325 -56765 20296
55325 -50540 24105
55325 -51720 21561
55325 -55960 23510
55325 -41005 23961
55325 -55640 20630
55325 -55440 21863
55325 -55740 21253
55325 -51720 23958
55325 -55660 22512
55325 -52380 20767
55325 -55740 21120
55325 -36680 23334
55325 -34810 25199
55325 -36930 24448
55325 -47940 24982
55325 -34810 23214
55325 -55840 20818
55325 -34740 23458
55325 -54310 20838
55325 -56840 20330
55325 -58070 20229
55325 -36070 23128
55325 -51580 23421
55325 -52000 21232
55325 -58550 17252
55325 -58995 19378
55325 -51450 22186
55325 -56940 20283
55325 -51620 22238
55325 -55520 23350
55325 -38625 25872
55325 -55825 20955
55325 -55315 21738
55325 -55600 22020
55325 -57660 18804
55325 -56940 21346
55325 -57540 20327
55325 -57540 17618
55325 -57340 21072
55325 -51720 21355
55325 -34810 23656
55325 -57815 22125
55325 -34810 23783
55325 -34810 24182
55325 -37685 24668
55325 -57190 23196
55325 -58460 21364
55325 -37140 23034
55325 -36015 22956
55325 -32360 25022
55325 -42090 23595
55325 -51720 21846
55325 -34810 21327
55325 -56870 19705
55325 -34540 25410
55325 -55840 22444
55325 -36370 21703
55325 -39480 25045
55325 -39480 22973
55325 -57440 23415
55325 -37240 25729
55325 -56840 23205
55325 -57340 22124
55325 -56765 20074
55325 -51450 22423
55325 -56070 21796
55325 -46700 21157
55325 -44935 23226
55325 -55840 22899
55325 -46040 22094
55325 -55935 21931
55325 -39480 21990
55325 -51720 21524
55325 -35950 22885
55325 -48210 21459
55325 -55840 18685
55325 -56640 21148
55325 -55840 21063
55325 -57440 21570
55325 -40915 25633
55325 -34810 23236
55325 -42580 24259
55325 -34810 25168
55325 -55040 21721
55325 -34810 25254
55325 -34540 24775
55325 -56840 20804
55325 -34810 25987
55325 -29830 25693
55325 -34810 25544
55325 -34810 24472
55325 -51720 21921
55325 -34810 26624
55325 -56765 20304
55325 -43950 23154
55325 -34810 24460
55325 -35815 23858
55325 -57080 22157
55325 -34810 23965
55325 -42415 23043
55325 -34810 23738
55325 -39480 22862
55325 -32360 25966
55325 -42085 25113
55325 -53040 23136
55325 -51720 22926
55325 -51965 24485
55325 -39480 25894
55325 -38735 25015
55325 -42455 23262
55325 -28750 24928
55325 -34540 24690
55325 -45175 22178
55325 -56765 20356
55325 -57540 22299
55325 -39470 24422
55325 -56765 21896
55325 -34810 25125
55325 -39480 20444
55325 -39255 24595
55325 -34810 24882
55325 -34540 25720
55325 -33865 26239
55325 -40970 24287
55325 -27260 26527
55325 -34540 26296
55325 -56870 19901
55325 -51720 23797
55325 -34810 24432
55325 -34540 26687
55325 -55040 26597
55325 -34810 27201
55325 -28265 27132
55325 -26650 25404
55325 -34810 25168
55325 -34810 25691
55325 -34540 25727
55325 -34810 25827
55325 -34810 27939
55325 -34540 24753
55325 -34810 25518
55325 -29660 25962
55325 -37240 23063
55325 -46650 24766
55325 -34810 25882
55325 -34810 25333
55325 -34810 24248
55325 -39480 24975
55325 -31145 25486
55325 -34810 25534
55325 -34540 25302
55325 -36815 24378
55325 -37620 24357
55325 -29965 26201
55325 -34540 25108
55325 -47975 22700
55325 -55840 22010
55325 -34810 26015
55325 -46895 23718
55325 -34540 26830
55325 -34540 26436
55325 -41565 24131
55325 -34810 26800
55325 -49390 23703
55325 -34810 25737
55325 -34810 27083
55325 -29965 27200
55325 -34610 26462
55325 -29830 26964
55325 -34540 25932
55325 -32415 26512
55325 -32225 26385
55325 -26505 30163
55325 -51720 23481
55325 -48110 23932
55325 -34270 25497
55325 -31435 28470
55325 -53145 26190
55325 -37615 25334
55325 -34810 25332
55325 -25555 27588
55325 -34810 24791
55325 -37040 24638
55325 -34810 25216
55325 -34810 27240
55325 -34810 27369
55325 -34810 25646
55325 -37555 25685
55325 -42865 23209
55325 -34810 25467
55325 -34540 24874
55325 -34810 26310
55325 -34810 26934
55325 -42745 24380
55325 -27270 27019
55325 -34540 26797
55325 -45780 27601
55325 -34000 25059
55325 -28265 28622
55325 -34810 27441
55325 -34810 24408
55325 -34540 28685
55325 -36230 26956
55325 -55240 23600
55325 -27270 28786
55325 -32225 24926
55325 -34810 24820
55325 -26115 30509
55325 -34810 23653
55325 -34540 26418
55325 -34670 26645
55325 -34810 28019
55325 -26005 28846
55325 -43230 24381
55325 -43680 22991
55325 -36640 23448
55325 -28265 27436
55325 -32360 25513
55325 -29965 27034
55325 -25310 28654
55325 -25870 26069
55325 -26390 28227
55325 -34540 26355
55325 -34810 25494
55325 -34540 26946
55325 -34540 27613
55325 -41565 27730
55325 -31740 27355
55325 -36580 24956
55325 -30660 25225
55325 -31030 27201
55325 -24985 27195
55325 -29445 26274
55325 -25635 26598
55325 -26760 27853
55325 -34540 25697
55325 -34540 26732
55325 -34810 25335
55325 -29830 26456
55325 -28750 27988
55325 -29985 29180
55325 -34810 26765
55325 -28615 28820
55325 -39310 23964
55325 -33190 27077
55325 -27085 28749
55325 -26610 27070
55325 -34000 26299
55325 -25920 29816
55325 -28160 26895
55325 -34810 26184
55325 -24005 29124
55325 -30390 29224
55325 -27270 27482
55325 -27170 28789
55325 -27860 28759
55325 -28025 26438
55325 -34540 27307
55325 -27400 29950
55325 -28750 27747
55325 -30795 27309
55325 -26840 26871
55325 -25930 29636
55325 -29965 28692
55325 -31165 27970
55325 -26870 29376
55325 -34810 26595
55325 -24655 29907
55325 -34810 26129
55325 -32360 26876
55325 -29965 28117
55325 -34810 27421
55325 -34540 26119
55325 -30740 28277
55325 -34810 27629
55325 -26170 28013
55325 -25415 29007
55325 -27290 28644
55325 -34810 24231
55325 -26610 28604
55325 -34810 25645
55325 -34540 26793
55325 -26370 30700
55325 -32225 26542
55325 -34810 24556
55325 -29965 29878
55325 -28025 29489
55325 -27270 29330
55325 -34540 27702
55325 -26430 27846
55325 -31165 27238
55325 -23770 31687
55325 -25700 32606
55325 -34810 27753
55325 -25935 28083
55325 -28615 28802
55325 -34810 28827
55325 -25995 30217
55325 -27605 30285
55325 -34810 29600
55325 -25415 28744
55325 -32225 26633
55325 -25415 28017
55325 -26770 29555
55325 -34540 26623
55325 -25070 31125
55325 -27010 27937
55325 -23600 28310
55325 -34810 25520
55325 -24355 29924
55325 -24240 28436
55325 -27270 27570
55325 -23070 29285
55325 -34540 27904
55325 -24640 29159
55325 -26265 29725
55325 -27220 26736
55325 -28265 27848
55325 -25850 29296
55325 -26400 29788
55325 -22570 30524
55325 -22625 33015
55325 -24750 31179
55325 -34000 27976
55325 -22570 31944
55325 -34540 28565
55325 -24485 30202
55325 -29830 28138
55325 -22725 31493
55325 -26765 29143
55325 -26695 29747
55325 -31955 25906
55325 -22350 31703
55325 -26970 28241
55325 -23840 30265
55325 -34810 27215
55325 -26810 29825
55325 -25365 30066
55325 -25205 31202
55325 -28055 29083
55325 -26105 28770
55325 -24655 28966
55325 -23845 31068
55325 -24180 30429
55325 -24785 29600
55325 -23780 31347
55325 -24755 31546
55325 -34540 28926
55325 -25120 31093
55325 -25490 29799
55325 -24070 30248
55325 -26355 28819
55325 -27220 30600
55325 -26440 30853
55325 -22570 32943
55325 -23540 33247
55325 -27535 28034
55325 -32360 28050
55325 -29965 28609
55325 -25700 28007
55325 -26355 31157
55325 -34810 27303
55325 -26390 29393
55325 -26430 28725
55325 -29545 29995
55325 -26125 27483
55325 -26355 28241
55325 -24285 30292
55325 -29830 28434
55325 -23940 31367
55325 -24005 31268
55325 -23635 34145
55325 -22570 31836
55325 -22570 32076
55325 -24550 30443
55325 -23420 30428
55325 -22560 31717
55325 -26170 32503
55325 -22560 34305
55325 -22560 34684
55325 -25040 29652
55325 -22570 31852
55325 -23560 31418
55325 -24840 30252
55325 -22560 32140
55325 -23710 31889
55325 -22570 31632
55325 -24665 30461
55325 -22570 32456
55325 -28160 30000
55325 -22560 32162
55325 -24440 32950
55325 -25435 33281
55325 -25500 29399
55325 -24955 30876
55325 -28130 29696
55325 -22560 32081
55325 -24605 29807
55325 -28885 28626
55325 -23805 30417
55325 -26055 29431
55325 -22790 30893
55325 -26685 31218
55325 -23610 31435
55325 -20880 33408
55325 -22560 31553
55325 -23660 31731
55325 -22570 33669
55325 -23610 33485
55325 -30895 29150
55325 -22570 33956
55325 -22570 32274
55325 -25020 30917
55325 -25400 31236
55325 -25415 32559
55325 -22570 33299
55325 -26170 32452
55325 -22570 34780
55325 -22570 33360
55325 -24965 31182
55325 -24705 30776
55325 -24070 30000
55325 -22570 31511
55325 -27135 30955
55325 -22560 33749
55325 -24365 34090
55325 -23660 29748
55325 -22560 32761
55325 -24840 30576
55325 -22350 33836
55325 -23610 32751
55325 -24985 31424
55325 -25795 31299
55325 -20485 35583
55325 -22570 32425
55325 -22350 31860
55325 -22560 31696
55325 -25175 32539
55325 -22570 30915
55325 -23420 31254
55325 -26050 30463
55325 -22560 32503
55325 -22210 33576
55325 -23560 31565
55325 -25175 33030
55325 -22560 34427
55325 -24385 30572
55325 -22560 34460
55325 -22560 34757
55325 -25415 33409
55325 -22140 33424
55325 -24020 30474
55325 -22570 33268
55325 -22025 34699
55325 -22060 31302
55325 -24440 31283
55325 -22560 34636
55325 -22560 34422
55325 -22560 33432
55325 -22570 34422
55325 -22570 32004
55325 -23070 32849
55325 -24205 35365
55325 -23560 35275
55325 -26055 32018
55325 -22560 32850
55325 -22560 35033
55325 -22350 33831
55325 -22570 30437
55325 -22570 33173
55325 -22055 32413
55325 -21950 32977
55325 -23535 31874
55325 -23385 32277
55325 -22350 35739
55325 -22350 34437
55325 -22140 32927
55325 -22560 34326
55325 -24440 33804
55325 -22560 33791
55325 -22350 34548
55325 -21025 36341
55325 -20820 34224
55325 -22520 34140
55325 -20330 38122
55325 -22560 35904
55325 -22350 35612
55325 -22560 34290
55325 -22140 34856
55325 -22560 35210
55325 -22560 35736
55325 -22140 35414
55325 -20330 35188
55325 -21300 34818
55325 -22560 31942
55325 -21025 35227
55325 -22350 36256
55325 -22560 35269
55325 -22140 34970
55325 -24340 33932
55325 -22350 33566
55325 -20330 37472
55325 -22570 32831
55325 -22350 34877
55325 -21025 35458
55325 -22560 34866
55325 -22140 33744
55325 -22560 32512
55325 -22140 33992
55325 -24340 33262
55325 -22025 33311
55325 -22460 34723
55325 -21930 34822
55325 -22560 33843
55325 -24655 30636
55325 -20330 36363
55325 -23505 31093
55325 -22570 32804
55325 -20925 35144
55325 -20330 36506
55325 -19930 36862
55325 -20535 34959
55325 -20330 36420
55325 -19515 38505
55325 -19225 39742
55325 -22560 35299
55325 -22560 33576
55325 -22350 35801
55325 -21950 35348
55325 -22570 32130
55325 -22350 36700
55325 -22350 34759
55325 -20080 37220
55325 -20330 36925
55325 -19795 37800
55325 -20330 36779
55325 -22570 33550
55325 -22140 36032
55325 -22350 34161
55325 -20885 37128
55325 -20925 36605
55325 -20330 35923
55325 -22560 33375
55325 -22145 35890
55325 -22350 35828
55325 -20330 38292
55325 -20150 36749
55325 -25040 31814
55325 -22040 35573
55325 -22350 34643
55325 -22350 34005
55325 -20325 39317
55325 -20485 35595
55325 -20720 37905
55325 -22350 33105
55325 -22350 34660
55325 -22560 34298
55325 -22350 34664
55325 -21950 36098
55325 -22560 34837
55325 -21300 35853
55325 -16670 40702
55325 -20130 39548
55325 -20125 38771
55325 -20330 37563
55325 -20330 38371
55325 -22350 34622
55325 -25555 31508
55325 -1145 42606
55325 -20330 39747
55325 -20330 37116
55325 -21050 34944
55325 -22560 30486
55325 -20330 38454
55325 -20330 37660
55325 -21645 35691
55325 -20330 38760
55325 -22350 36405
55325 -21930 34775
55325 -22350 36751
55325 -22725 36660
55325 -22140 37453
55325 -22140 34536
55325 -21025 37566
55325 -22570 34933
55325 -20920 36416
55325 -21920 35472
55325 -20130 38662
55325 -20945 38901
55325 -20330 38330
55325 -23910 32582
55325 -20330 36748
55325 -21645 36905
55325 -20045 37192
55325 -18295 40242
55325 -20355 35573
55325 -21195 34316
55325 -22560 36793
55325 -21025 36264
55325 -20330 38609
55325 -22560 34362
55325 -20330 40209
55325 -20130 35972
55325 -20330 38712
55325 -22560 35053
55325 -20330 37386
55325 -19980 38421
55325 -16605 40681
55325 -20330 39127
55325 -20330 39354
55325 -19880 38113
55325 -20490 36229
55325 -3335 39379
55325 -22040 34170
55325 -1250 41389
55325 -19370 40460
55325 -20330 37126
55325 -19880 39736
55325 -20330 38238
55325 -18595 40103
55325 -20330 39610
55325 -16740 40636
55325 -20330 39441
55325 -19930 38644
55325 -19560 39801
55325 -19830 38431
55325 -19875 37500
55325 -20330 38858
55325 -19515 39001
55325 -20330 38805
55325 -19930 39281
55325 -22570 35221
55325 -19930 38303
55325 -20330 36819
55325 -20825 36959
55325 -20330 39373
55325 -20330 37730
55325 -20330 39167
55325 -19310 39407
55325 -20920 39089
55325 -20045 40929
55325 -7370 42156
55325 -20425 37582
55325 -16740 40635
55325 -18505 40513
55325 -20330 39472
55325 -16695 41773
55325 -20330 40117
55325 -20330 39924
55325 -18030 40860
55325 -20330 35876
55325 -19330 40841
55325 -19370 41230
55325 -20330 38522
55325 -7270 42371
55325 -18155 40420
55325 -20330 40460
55325 -20220 41036
55325 -20330 37126
55325 85 40823
55325 -18890 39290
55325 -3760 39424
55325 -20470 39116
55325 -130 42015
55325 -3625 40420
55325 -20330 38051
55325 -19515 38649
55325 -20045 36679
55325 -19425 40587
55325 -15555 39894
55325 10875 44758
55325 -18195 40626
55325 -19205 39221
55325 -18905 41849
55325 -15430 41466
55325 -18030 39448
55325 -21950 37119
55325 -6940 40776
55325 -20330 37409
55325 -20120 39311
55325 -19230 41536
55325 -4720 41953
55325 -18080 41601
55325 -17625 42195
55325 -17670 42944
55325 -19515 41676
55325 -19325 39960
55325 -2425 42567
55325 -19100 43310
55325 -16530 41568
55325 10875 43539
55325 -405 40477
55325 -6655 40939
55325 11010 43206
55325 11010 44224
55325 -18030 42093
55325 370 43350
55325 -20330 37565
55325 10875 41440
55325 -13025 42447
55325 -18730 42081
55325 1370 42423
55325 -20330 39566
55325 -9910 41837
55325 -17930 41895
55325 -3335 41879
55325 90 41978
55325 10875 44368
55325 -3470 42129
55325 -725 41988
55325 1305 42806
55325 -305 41295
55325 -16670 41426
55325 -18230 42729
55325 -1150 44262
55325 -18960 41641
55325 -20330 39142
55325 -130 42391
55325 -4820 41582
55325 -20150 38605
55325 1470 42776
55325 11010 42959
55325 10875 43299
55325 10875 42690
55325 10875 43638
55325 -2325 42558
55325 11010 44158
55325 10875 43830
55325 -405 42934
55325 -20330 38610
55325 -18230 40667
55325 -20330 39580
55325 -18395 41583
55325 -1140 42345
55325 1470 42083
55325 -19425 41258
55325 -3760 43576
55325 13440 45256
55325 10875 42126
55325 -4585 41979
55325 -22040 37279
55325 -3660 43304
55325 -6035 42219
55325 10875 42982
55325 13440 44401
55325 10875 44509
55325 -19370 39615
55325 10875 43297
55325 1305 44783
55325 -30 42804
55325 10875 43445
55325 -18030 41413
55325 -5935 44423
55325 -8270 42704
55325 11010 44328
55325 -19510 40398
55325 10875 44195
55325 11010 44036
55325 11010 44780
55325 10875 44442
55325 -13530 41993
55325 -6925 43468
55325 12090 44564
55325 12225 44485
55325 90 43632
55325 1305 42170
55325 12440 44505
55325 14485 46670
55325 -16250 43506
55325 10450 43701
55325 -18860 41481
55325 14485 45438
55325 11010 43352
55325 -2290 42940
55325 10875 42163
55325 14485 45756
55325 -5935 41696
55325 11010 44220
55325 11010 44493
55325 90 43603
55325 14485 46395
55325 -5935 42426
55325 14485 47498
55325 12090 45196
55325 11125 46709
55325 10875 44304
55325 12090 43670
55325 12090 45840
55325 10875 43744
55325 1405 43224
55325 11955 45198
55325 11955 43710
55325 10875 43590
55325 12225 45292
55325 12090 45569
55325 -2425 42227
55325 10875 45353
55325 10875 43216
55325 10875 44916
55325 10875 42439
55325 13305 47369
55325 14485 47568
55325 570 42845
55325 12225 43169
55325 14485 45389
55325 11010 45406
55325 10450 43785
55325 14620 46438
55325 11955 45029
55325 16185 46655
55325 12090 44997
55325 10875 44665
55325 13440 46113
55325 13305 44821
55325 13575 46548
55325 12090 45043
55325 12090 45676
55325 10875 44059
55325 10875 43372
55325 13440 45474
55325 12980 46749
55325 -20030 39562
55325 10855 43507
55325 10875 45363
55325 12225 44876
55325 12360 46535
55325 13305 44206
55325 13440 46849
55325 13305 44144
55325 11955 44116
55325 10875 45236
55325 13305 43812
55325 12090 45199
55325 14485 46751
55325 10875 43857
55325 16185 47265
55325 12090 46132
55325 16185 47766
55325 10875 45539
55325 10875 44620
55325 12090 44822
55325 12090 45929
55325 14485 46154
55325 13305 45787
55325 14485 48037
55325 14485 48011
55325 16185 46513
55325 12090 44934
55325 13305 46743
55325 13440 45623
55325 16185 49560
55325 12090 46905
55325 12360 43997
55325 11010 44541
55325 12090 46041
55325 13440 45350
55325 12090 46228
55325 14485 47471
55325 14485 47961
55325 14485 46663
55325 12035 44497
55325 11010 44924
55325 12090 46047
55325 12090 45855
55325 13440 46288
55325 14485 45867
55325 11010 45178
55325 14485 46558
55325 14620 47027
55325 14485 47263
55325 14620 47354
55325 16185 48230
55325 13305 46347
55325 12090 46263
55325 14485 46399
55325 12225 45835
55325 13440 44585
55325 12090 46974
55325 13440 47121
55325 12225 45049
55325 14485 45843
55325 17210 49354
55325 14485 48150
55325 14485 48780
55325 16185 47040
55325 14485 46752
55325 16185 47958
55325 13440 45637
55325 17000 49601
55325 14485 46635
55325 17105 49556
55325 15565 47740
55325 16995 46379
55325 16185 48460
55325 14485 47304
55325 12225 46071
55325 13305 45479
55325 14485 46875
55325 12090 46479
55325 16185 49363
55325 16185 48471
55325 14485 46649
55325 16185 45928
55325 14485 47691
55325 13575 46205
55325 16185 47412
55325 11010 44709
55325 16605 47605
55325 16290 47879
55325 16185 49871
55325 14485 46989
55325 16995 47656
55325 14485 47924
55325 14485 47242
55325 13440 46123
55325 14620 49211
55325 17180 48688
55325 17000 50662
55325 14620 47216
55325 17440 49604
55325 17210 49148
55325 14485 46385
55325 17105 48248
55325 17735 49574
55325 17000 49776
55325 14620 48723
55325 16995 49598
55325 16710 48426
55325 17000 49875
55325 16185 48879
55325 16395 48422
55325 16080 46934
55325 16395 49376
55325 14620 48014
55325 16710 49794
55325 14485 48067
55325 14620 49174
55325 14485 47014
55325 12225 49084
55325 13305 46853
55325 16730 48313
55325 16710 48018
55325 13575 46911
55325 14485 46148
55325 17105 49229
55325 17735 50177
55325 17105 47683
55325 17000 48755
55325 14485 48248
55325 16995 48545
55325 14485 47577
55325 17840 50330
55325 14665 47258
55325 16290 47585
55325 17180 50201
55325 18785 50822
55325 17180 50482
55325 14485 47512
55325 14485 47204
55325 16710 48834
55325 17280 50304
55325 17000 48710
55325 17280 49635
55325 17105 50509
55325 18115 51764
55325 17000 49612
55325 16995 49304
55325 17650 49954
55325 17945 52530
55325 17000 49573
55325 16185 50634
55325 17790 51620
55325 17335 50016
55325 17840 50501
55325 18280 53321
55325 16605 48676
55325 17180 49048
55325 17840 52441
55325 14620 49824
55325 17105 49697
55325 17000 50833
55325 17335 50797
55325 17000 49391
55325 16995 50378
55325 17840 50309
55325 16995 49759
55325 17000 49900
55325 17650 49934
55325 16290 50032
55325 16290 47738
55325 14485 47701
55325 17840 50883
55325 17180 48889
55325 17000 48063
55325 17840 50806
55325 17945 49827
55325 17000 48685
55325 18115 52738
55325 17280 50161
55325 17180 49614
55325 17840 50170
55325 17945 50188
55325 18380 52410
55325 18995 53500
55325 16290 48888
55325 17000 51428
55325 17105 49522
55325 17650 50935
55325 18890 53463
55325 17735 52592
55325 18115 51430
55325 18115 51630
55325 17840 51225
55325 18115 49951
55325 19815 54153
55325 17280 50705
55325 18080 50677
55325 14485 49198
55325 18115 52305
55325 18115 51166
55325 18280 52934
55325 18115 50872
55325 17735 50276
55325 17230 52021
55325 18815 51735
55325 17105 50464
55325 17180 50515
55325 18115 52706
55325 17840 51513
55325 19015 53744
55325 18815 53347
55325 17000 50480
55325 17945 50832
55325 17180 51126
55325 16605 48425
55325 17755 51778
55325 18115 51894
55325 17105 51203
55325 18815 53044
55325 17230 50834
55325 18915 54000
55325 17860 51620
55325 18215 52335
55325 18115 52841
55325 38415 55239
55325 18890 53023
55325 18815 54349
55325 19815 54028
55325 18815 53037
55325 18380 52763
55325 37080 54434
55325 18115 51536
55325 18815 53463
55325 18815 52109
55325 18815 53651
55325 18815 53371
55325 18115 52333
55325 18785 52467
55325 17230 50568
55325 18115 51826
55325 18115 52558
55325 18280 51895
55325 19715 53163
55325 18115 52256
55325 38415 54649
55325 18785 52778
55325 18815 52624
55325 19830 54193
55325 18815 52760
55325 17280 51381
55325 17840 52230
55325 18315 53349
55325 17840 50514
55325 18115 52640
55325 18480 52554
55325 17680 52018
55325 18815 52989
55325 19815 53868
55325 21615 54285
55325 18815 52563
55325 18815 53314
55325 27680 54583
55325 55325 55325
55325 55325 55325
55325 18890 53004
55325 37080 54891
55325 19815 54697
55325 18115 52978
55325 38415 55155
55325 18315 53560
55325 18890 54045
55325 18215 53527
55325 18315 53426
55325 19815 53575
55325 55325 55325
55325 18380 53196
55325 37080 54714
55325 27780 54616
55325 18115 52524
55325 18890 54004
55325 18915 53837
55325 38415 54396
55325 27780 54485
55325 18785 53517
55325 17230 51814
55325 18915 53921
55325 20015 54628
55325 18890 53281
55325 19380 53500
55325 18815 53390
55325 19815 54092
55325 38515 55241
55325 18785 53842
55325 18815 53305
55325 18815 53585
55325 18315 52569
55325 37080 54967
55325 55325 55325
55325 19015 53825
55325 55325 55325
55325 37180 54813
55325 55325 55325
55325 55325 55325
55325 55325 55325
55325 55325 55325
55325 55325 55325
55325 55325 55325
55325 55325 55325
55325 18175 53086
55325 55325 55325
55325 19915 54614
55325 38415 55240
55325 55325 55325
55325 55325 55325
55325 55325 55325
55325 19815 54312
55325 55325 55325
55325 55325 55325
55325 55325 55325
55325 38515 55241
55325 38415 55156
55325 55325 55325
55325 19815 54448
55325 55325 55325
55325 37080 54637
55325 38415 55156
55325 55325 55325
55325 38415 54818
55325 55325 55325
55325 55325 55325
55325 19815 54068
55325 55325 55325
55325 55325 55325
55325 55325 55325
55325 55325 55325
55325 55325 55325
55325 55325 55325
55325 18315 53466
55325 37180 54812
55325 55325 55325
55325 55325 55325
55325 55325 55325
55325 55325 55325
55325 55325 55325
55325 55325 55325
55325 55325 55325
55325 55325 55325
55325 55325 55325
55325 55325 55325
55325 55325 55325
55325 55325 55325
55325 55325 55325
55325 55325 55325
55325 55325 55325
55325 55325 55325
55325 55325 55325
55325 55325 55325
55325 55325 55325
55325 55325 55325
55325 55325 55325
55325 55325 55325
55325 55325 55325
55325 55325 55325
55325 55325 55325
55325 55325 55325
55325 55325 55325
55325 55325 55325
55325 55325 55325
55325 55325 55325
55325 55325 55325
55325 55325 55325
55325 55325 55325
55325 55325 55325
55325 55325 55325
55325 55325 55325
55325 38415 55071
55325 55325 55325
55325 55325 55325
55325 55325 55325
55325 55325 55325
55325 55325 55325
55325 55325 55325
55325 55325 55325
55325 55325 55325
55325 55325 55325
55325 55325 55325
55325 55325 55325
55325 55325 55325
55325 55325 55325
55325 55325 55325
55325 55325 55325
55325 55325 55325
55325 55325 55325
55325 55325 55325
55325 55325 55325
55325 55325 55325
55325 55325 55325
55325 55325 55325
55325 55325 55325
55325 55325 55325
55325 55325 55325
55325 55325 55325
55325 55325 55325
55325 55325 55325
55325 55325 55325
55325 55325 55325
55325 55325 55325
55325 55325 55325
55325 55325 55325
55325 55325 55325
55325 55325 55325
55325 55325 55325
55325 55325 55325
55325 55325 55325
55325 55325 55325
55325 55325 55325
55325 55325 55325
55325 55325 55325
55325 55325 55325
55325 55325 55325
55325 55325 55325
55325 55325 55325
55325 55325 55325
55325 55325 55325
55325 55325 55325
55325 55325 55325
55325 55325 55325
55325 55325 55325
55325 55325 55325
55325 55325 55325
55325 55325 55325
55325 55325 55325
55325 55325 55325
55325 55325 55325
55325 55325 55325
55325 55325 55325
55325 55325 55325
55325 55325 55325
55325 55325 55325
55325 55325 55325
55325 55325 55325
55325 55325 55325
55325 55325 55325
55325 55325 55325
55325 55325 55325
55325 55325 55325
55325 55325 55325
55325 55325 55325
55325 55325 55325
55325 55325 55325
55325 55325 55325
55325 55325 55325
55325 55325 55325
55325 55325 55325
55325 55325 55325
55325 55325 55325
55325 55325 55325
55325 55325 55325
55325 55325 55325
55325 55325 55325
55325 55325 55325
55325 55325 55325
55325 55325 55325
55325 55325 55325
55325 55325 55325
55325 55325 55325
55325 55325 55325
55325 55325 55325
55325 55325 55325
55325 55325 55325
55325 55325 55325
55325 55325 55325
55325 55325 55325
55325 55325 55325
55325 55325 55325
55325 55325 55325
55325 55325 55325
55325 55325 55325
55325 55325 55325
55325 55325 55325
55325 55325 55325
55325 55325 55325
55325 55325 55325
55325 55325 55325
55325 55325 55325
55325 55325 55325
55325 55325 55325
55325 55325 55325
55325 55325 55325
55325 55325 55325
55325 55325 55325
55325 55325 55325
55325 55325 55325
55325 55325 55325
55325 55325 55325
55325 55325 55325
55325 55325 55325
55325 55325 55325
55325 55325 55325
55325 55325 55325
55325 55325 55325
55325 55325 55325
55325 55325 55325
55325 55325 55325
55325 55325 55325
55325 55325 55325
55325 55325 55325
55325 55325 55325
55325 55325 55325
55325 55325 55325
55325 55325 55325
55325 55325 55325
55325 55325 55325
55325 55325 55325
55325 55325 55325
55325 55325 55325
55325 55325 55325
55325 55325 55325
55325 55325 55325
55325 55325 55325
55325 55325 55325
55325 55325 55325
55325 55325 55325
55325 55325 55325
55325 55325 55325
55325 55325 55325
55325 55325 55325
55325 55325 55325
55325 55325 55325
55325 55325 55325
55325 55325 55325
55325 55325 55325
55325 55325 55325
55325 55325 55325
55325 55325 55325
55325 55325 55325
55325 55325 55325
55325 55325 55325
55325 55325 55325
55325 55325 55325
55325 55325 55325
55325 55325 55325
55325 55325 55325
55325 55325 55325
55325 55325 55325
55325 55325 55325
55325 55325 55325
55325 55325 55325
55325 55325 55325
55325 55325 55325
55325 55325 55325
55325 55325 55325
55325 55325 55325
55325 55325 55325
55325 55325 55325
55325 55325 55325
55325 55325 55325
55325 55325 55325
55325 55325 55325
55325 55325 55325
55325 55325 55325
55325 55325 55325
55325 55325 55325
55325 55325 55325
55325 55325 55325
55325 55325 55325
55325 55325 55325
55325 55325 55325
55325 55325 55325
55325 55325 55325
55325 55325 55325
55325 55325 55325
55325 55325 55325
55325 55325 55325
55325 55325 55325
55325 55325 55325
55325 55325 55325
55325 55325 55325
55325 55325 55325
55325 55325 55325
55325 55325 55325
55325 55325 55325
55325 55325 55325
55325 55325 55325
55325 55325 55325
55325 55325 55325
55325 55325 55325
55325 55325 55325
55325 55325 55325
55325 55325 55325
55325 55325 55325
55325 55325 55325
55325 55325 55325
55325 55325 55325
55325 55325 55325
55325 55325 55325
55325 55325 55325
55325 55325 55325
55325 55325 55325
55325 55325 55325
55325 55325 55325
55325 55325 55325
55325 55325 55325
55325 55325 55325
55325 55325 55325
55325 55325 55325
55325 55325 55325
55325 55325 55325
55325 55325 55325
55325 55325 55325
55325 55325 55325
55325 55325 55325
55325 55325 55325
55325 55325 55325
55325 55325 55325
55325 55325 55325
55325 55325 55325
55325 55325 55325
55325 55325 55325
55325 55325 55325
-57145 -63610 -66139
-19370 -65560 -59229
-19370 -63700 -57267
-13485 -62840 -55002
-13485 -63040 -53771
-13485 -63640 -52849
-13485 -62035 -50670
-13485 -64425 -50302
-13485 -65325 -49592
-13485 -63700 -47642
-13485 -64780 -46355
-13485 -64280 -45577
-13485 -64990 -44456
-13485 -66605 -44411
125 -64450 -42141
125 -64375 -42269
125 -63120 -40942
125 -64365 -40465
125 -63310 -39939
125 -63980 -39215
125 -62165 -37391
125 -64275 -39071
125 -62985 -37905
125 -64645 -36991
125 -62195 -35306
125 -63050 -36590
125 -62480 -36447
125 -62080 -36157
125 -62425 -36717
125 -61585 -35008
125 -63215 -35682
16915 -63430 -35859
16915 -63395 -36172
16915 -60900 -33446
16995 -64445 -36236
16995 -64415 -35009
16995 -61925 -35110
16995 -60900 -35043
16995 -62210 -33846
16995 -63500 -33758
16995 -63210 -35051
16995 -62380 -33566
16995 -63825 -34019
16995 -62770 -34533
16995 -61455 -34326
16995 -63910 -33317
16995 -64510 -33646
16995 -63680 -33278
16995 -63500 -32704
16995 -64245 -31994
16995 -61880 -32194
16995 -63215 -32486
16995 -60895 -31671
17180 -61985 -32581
17180 -62445 -31147
17180 -62865 -32179
17180 -64010 -31747
17180 -64445 -32624
17180 -63505 -30485
17180 -61965 -31243
18115 -61615 -30114
18115 -63370 -29216
18115 -64905 -30568
18115 -61440 -28381
18115 -62980 -28358
18115 -62945 -26828
18115 -61345 -26049
18115 -63635 -26992
18115 -62415 -25730
18115 -63475 -26716
18115 -64755 -26536
18115 -64755 -26555
18115 -64285 -25085
18115 -64370 -23581
18115 -63045 -22550
18115 -64645 -21709
18115 -63050 -22457
19815 -63670 -22022
19815 -64645 -22909
19815 -63070 -20762
19815 -62590 -19899
19815 -61590 -20384
19815 -61880 -20301
19815 -62245 -20347
19815 -62215 -17746
19815 -60900 -18927
19815 -62565 -18494
19815 -61590 -16930
19815 -64040 -18966
19815 -60900 -18097
19815 -63305 -16036
19815 -61255 -15244
19815 -63700 -16537
19815 -62285 -14945
19815 -60885 -11828
19815 -64780 -15285
19815 -64645 -14779
19815 -64355 -14528
19815 -64370 -16225
19815 -63595 -14800
19815 -60900 -11083
19815 -60680 -13742
19815 -60895 -13487
19815 -61815 -13104
19815 -60900 -13824
19815 -60895 -12680
19815 -62380 -13869
19815 -62405 -13066
19815 -60680 -12928
19815 -60890 -12239
19815 -60890 -11414
19815 -60895 -14811
19815 -61840 -13635
19815 -60900 -10708
38515 -60890 -10569
38515 -60890 -10816
38515 -60890 -11072
38515 -60895 -11130
38515 -60900 -10532
38515 -63500 -12771
38515 -60870 -11788
38515 -60900 -12225
55325 -63530 -12099
55325 -60680 -9942
55325 -60890 -10111
55325 -60885 -6657
55325 -60680 -9754
55325 -61615 -10353
55325 -59780 -13289
55325 -60890 -12765
55325 -60900 -12069
55325 -60885 -10445
55325 -62215 -10512
55325 -59780 -9569
55325 -60870 -9228
55325 -61795 -9891
55325 -61195 -13102
55325 -60895 -11076
55325 -60435 -9891
55325 -60895 -10130
55325 -61280 -10827
55325 -61695 -8773
55325 -61340 -9921
55325 -60160 -8190
55325 -60900 -11436
55325 -60885 -7876
55325 -60895 -8591
55325 -60885 -8059
55325 -61655 -10231
55325 -60895 -11070
55325 -60790 -7774
55325 -60885 -11188
55325 -60890 -9286
55325 -60885 -10902
55325 -60890 -10676
55325 -60120 -7714
55325 -60895 -8550
55325 -62215 -10025
55325 -60895 -10823
55325 -62575 -11318
55325 -60885 -9724
55325 -60475 -8368
55325 -60570 -9946
55325 -59780 -6737
55325 -60900 -10464
55325 -60870 -6856
55325 -61545 -10546
55325 -59180 -5817
55325 -61580 -10491
55325 -60890 -9507
55325 -60675 -7803
55325 -60585 -7642
55325 -60885 -8641
55325 -60900 -9066
55325 -62195 -9235
55325 -62170 -9730
55325 -60685 -9543
55325 -61795 -8253
55325 -60890 -5497
55325 -60250 -6459
55325 -60570 -7225
55325 -60675 -7842
55325 -59960 -6133
55325 -61160 -8484
55325 -59780 -6291
55325 -60895 -5268
55325 -61555 -8471
55325 -63095 -9655
55325 -59770 -3619
55325 -63190 -6813
55325 -59740 -4136
55325 -60680 -4639
55325 -59780 -4631
55325 -60425 -6312
55325 -59870 -4710
55325 -60680 -7638
55325 -60900 -6235
55325 -64015 -9198
55325 -59770 -4172
55325 -60885 -6482
55325 -59100 -4246
55325 -59670 -4158
55325 -60685 -3420
55325 -60450 -5036
55325 -62350 -5258
55325 -59575 -5803
55325 -59820 -5735
55325 -60255 -6385
55325 -62630 -5659
55325 -60685 -6822
55325 -60755 -6776
55325 -61695 -5604
55325 -59570 -5237
55325 -60395 -5724
55325 -60895 -3244
55325 -59560 -2778
55325 -59350 -2147
55325 -61840 -6992
55325 -60890 -4009
55325 -60895 -5545
55325 -60090 -4356
55325 -61790 -5066
55325 -60780 -4472
55325 -59785 -2502
55325 -60870 -3939
55325 -60675 -1432
55325 -60055 -4261
55325 -60790 -3168
55325 -59770 -4714
55325 -60980 -5672
55325 -60770 -3445
55325 -60685 -2402
55325 -62215 -5970
55325 -58995 -1934
55325 -61170 -4174
55325 -60635 -536
55325 -59770 -2344
55325 -60685 -4535
55325 -59560 -908
55325 -60790 -1367
55325 -60680 -1524
55325 -59560 -523
55325 -59780 -1574
55325 -60680 385
55325 -60570 -2568
55325 -60900 -1109
55325 -57920 2790
55325 -59770 219
55325 -60690 -1042
55325 -60680 -3726
55325 -59570 -1405
55325 -59780 -1004
55325 -60900 837
55325 -59560 2162
55325 -60780 -517
55325 -59780 -499
55325 -59780 1592
55325 -60895 1939
55325 -58655 3900
55325 -60520 3601
55325 -58660 4194
55325 -60835 1131
55325 -58660 2782
55325 -58525 5959
55325 -59780 4547
55325 -60885 2102
55325 -58655 6649
55325 -59780 3924
55325 -59770 4921
55325 -58705 7722
55325 -59780 4969
55325 -60520 4127
55325 -58655 7052
55325 -60890 7910
55325 -58660 8424
55325 -59780 3818
55325 -59395 9569
55325 -58660 7976
55325 -60900 6107
55325 -59770 8621
55325 -59170 6682
55325 -59110 6599
55325 -58890 6553
55325 -58550 9826
55325 -60150 8955
55325 -59670 9696
55325 -60890 7229
55325 -59180 7632
55325 -58655 10799
55325 -60045 9112
55325 -58550 10232
55325 -59780 11086
55325 -58655 11527
55325 -58550 11298
55325 -61170 5796
55325 -57540 12110
55325 -58995 8381
55325 -60150 8814
55325 -57560 15381
55325 -60470 7880
55325 -58660 13132
55325 -60755 7369
55325 -58660 10608
55325 -60890 6771
55325 -59590 11481
55325 -58655 9878
55325 -58660 10806
55325 -60890 11607
55325 -59580 13089
55325 -59670 12730
55325 -59780 11108
55325 -59835 10122
55325 -59780 11549
55325 -60115 11048
55325 -59560 11363
55325 -59780 13048
55325 -59170 12830
55325 -58655 12654
55325 -58655 15528
55325 -60890 11090
55325 -58660 12297
55325 -60465 10591
55325 -58855 13098
55325 -58660 16993
55325 -58660 14305
55325 -58660 13413
55325 -59945 13161
55325 -57140 17565
55325 -59780 12368
55325 -59670 14559
55325 -58660 13712
55325 -58650 15187
55325 -59780 14943
55325 -58680 15725
55325 -57980 17024
55325 -59770 15183
55325 -60045 12069
55325 -59730 15357
55325 -59580 16795
55325 -59770 15784
55325 -58660 15081
55325 -58655 15968
55325 -58660 15222
55325 -57920 17757
55325 -59080 14116
55325 -59520 14493
55325 -57440 18709
55325 -59060 17799
55325 -58070 18513
55325 -59770 14594
55325 -58995 14953
55325 -57540 18401
55325 -58740 16516
55325 -58660 14310
55325 -57635 16544
55325 -59560 14901
55325 -59770 15029
55325 -60570 11752
55325 -59005 13733
55325 -58660 17102
55325 -58330 17653
55325 -59770 12968
55325 -58655 17341
55325 -58655 15362
55325 -58940 16274
55325 -59080 16286
55325 -58455 16820
55325 -57815 18570
55325 -58900 13667
55325 -59625 15569
55325 -58660 16629
55325 -58660 16653
55325 -59560 16962
55325 -58510 17185
55325 -59560 17031
55325 -58655 17447
55325 -58870 16519
55325 -59670 15850
55325 -58540 18400
55325 -58550 17278
55325 -58660 17381
55325 -59680 14750
55325 -58260 16509
55325 -59780 15842
55325 -58070 16125
55325 -60570 14524
55325 -58855 16512
55325 -58660 16931
55325 -56830 17868
55325 -59005 17406
55325 -58550 19357
55325 -59560 15929
55325 -59560 14886
55325 -59080 15948
55325 -58660 15422
55325 -59460 14805
55325 -59560 16602
55325 -58550 16478
55325 -58660 16430
55325 -59560 15258
55325 -58655 16850
55325 -57760 17705
55325 -60045 13658
55325 -57540 16420
55325 -58550 17604
55325 -56870 19872
55325 -58655 15485
55325 -59770 15990
55325 -59780 16716
55325 -58655 15018
55325 -56370 22090
55325 -57870 16148
55325 -57880 18088
55325 -58090 15877
55325 -55940 19490
55325 -58550 16928
55325 -58655 17385
55325 -58055 14736
55325 -58660 17159
55325 -59005 12480
55325 -57540 18717
55325 -57860 17315
55325 -58180 15594
55325 -57540 18370
55325 -59770 14513
55325 -58550 16644
55325 -58655 16310
55325 -57865 17779
55325 -37950 21841
55325 -57440 19555
55325 -58080 20432
55325 -59005 18111
55325 -57815 18480
55325 -56840 18748
55325 -55840 21658
55325 -58660 15973
55325 -58445 16206
55325 -58345 18034
55325 -57710 19672
55325 -56840 18554
55325 -57540 18916
55325 -57540 19076
55325 -58450 15648
55325 -58350 20576
55325 -57540 18682
55325 -58080 19470
55325 -57310 19849
55325 -59560 17898
55325 -58655 17436
55325 -55940 20011
55325 -55140 17664
55325 -58655 17480
55325 -57540 19312
55325 -57860 19514
55325 -53280 20520
55325 -57540 18545
55325 -58655 17364
55325 -56840 20492
55325 -57615 21575
55325 -55940 20455
55325 -57540 19514
55325 -58335 16827
55325 -58260 17840
55325 -58660 19696
55325 -58350 18189
55325 -57040 20247
55325 -58655 15650
55325 -58660 17608
55325 -57415 20858
55325 -58005 16827
55325 -57130 20451
55325 -57540 18635
55325 -58660 15550
55325 -58705 18064
55325 -59670 15249
55325 -57540 18001
55325 -56765 19120
55325 -59080 18354
55325 -58550 16895
55325 -58650 16416
55325 -58655 17333
55325 -57920 17415
55325 -57650 17295
55325 -58070 18128
55325 -57255 18287
55325 -58450 16248
55325 -58655 18182
55325 -57815 21067
55325 -58550 17729
55325 -34810 27208
55325 -55675 20744
55325 -58065 18464
55325 -59780 16725
55325 -51430 18509
55325 -57860 18458
55325 -56765 18910
55325 -57960 21529
55325 -57540 21167
55325 -57540 21087
55325 -50370 22866
55325 -56765 21131
55325 -55730 20119
55325 -56440 20079
55325 -57540 19462
55325 -55140 21478
55325 -59070 17003
55325 -55740 20391
55325 -56280 20505
55325 -57755 18950
55325 -39260 21725
55325 -55520 19149
55325 -53280 21877
55325 -56935 21381
55325 -57540 22327
55325 -57140 21049
55325 -58080 19991
55325 -59770 16242
55325 -55910 19162
55325 -57540 20815
55325 -58655 18257
55325 -59670 14684
55325 -56060 20139
55325 -55140 21720
55325 -58070 19380
55325 -58655 16373
55325 -55440 22946
55325 -56840 20950
55325 -37240 23274
55325 -55340 20342
55325 -34810 26879
55325 -43705 20439
55325 -57815 18983
55325 -58655 19282
55325 -56920 20737
55325 -56640 18090
55325 -57615 19298
55325 -55940 20193
55325 -34810 23362
55325 -57340 22055
55325 -57945 19213
55325 -55940 19476
55325 -57540 19318
55325 -41565 23236
55325 -58150 19089
55325 -57445 19269
55325 -57440 20665
55325 -57540 18659
55325 -57540 19655
55325 -59770 17807
55325 -56865 20223
55325 -58445 20409
55325 -57540 20869
55325 -56380 22738
55325 -58655 19597
55325 -58655 17882
55325 -57570 21042
55325 -58550 18990
55325 -57540 19777
55325 -56365 19365
55325 -57540 19940
55325 -56765 20296
55325 -50540 24105
55325 -51720 21561
55325 -55960 23510
55325 -41005 23961
55325 -55640 20630
55325 -55440 21863
55325 -55740 21253
55325 -51720 23958
55325 -55660 22512
55325 -52380 20767
55325 -55740 21120
55325 -36680 23334
55325 -34810 25199
55325 -36930 24448
55325 -47940 24982
55325 -34810 23214
55325 -55840 20818
55325 -34740 23458
55325 -54310 20838
55325 -56840 20330
55325 -58070 20229
55325 -36070 23128
55325 -51580 23421
55325 -52000 21232
55325 -58550 17252
55325 -58995 19378
55325 -51450 22186
55325 -56940 20283
55325 -51620 22238
55325 -55520 23350
55325 -38625 25872
55325 -55825 20955
55325 -55315 21738
55325 -55600 22020
55325 -57660 18804
55325 -56940 21346
55325 -57540 20327
55325 -57540 17618
55325 -57340 21072
55325 -51720 21355
55325 -34810 23656
55325 -57815 22125
55325 -34810 23783
55325 -34810 24182
55325 -37685 24668
55325 -57190 23196
55325 -58460 21364
55325 -37140 23034
55325 -36015 22956
55325 -32360 25022
55325 -42090 23595
55325 -51720 21846
55325 -34810 21327
55325 -56870 19705
55325 -34540 25410
55325 -55840 22444
55325 -36370 21703
55325 -39480 25045
55325 -39480 22973
55325 -57440 23415
55325 -37240 25729
55325 -56840 23205
55325 -57340 22124
55325 -56765 20074
55325 -51450 22423
55325 -56070 21796
55325 -46700 21157
55325 -44935 23226
55325 -55840 22899
55325 -46040 22094
55325 -55935 21931
55325 -39480 21990
55325 -51720 21524
55325 -35950 22885
55325 -48210 21459
55325 -55840 18685
55325 -56640 21148
55325 -55840 21063
55325 -57440 21570
55325 -40915 25633
55325 -34810 23236
55325 -42580 24259
55325 -34810 25168
55325 -55040 21721
55325 -34810 25254
55325 -34540 24775
55325 -56840 20804
55325 -34810 25987
55325 -29830 25693
55325 -34810 25544
55325 -34810 24472
55325 -51720 21921
55325 -34810 26624
55325 -56765 20304
55325 -43950 23154
55325 -34810 24460
55325 -35815 23858
55325 -57080 22157
55325 -34810 23965
55325 -42415 23043
55325 -34810 23738
55325 -39480 22862
55325 -32360 25966
55325 -42085 25113
55325 -53040 23136
55325 -51720 22926
55325 -51965 24485
55325 -39480 25894
55325 -38735 25015
55325 -42455 23262
55325 -28750 24928
55325 -34540 24690
55325 -45175 22178
55325 -56765 20356
55325 -57540 22299
55325 -39470 24422
55325 -56765 21896
55325 -34810 25125
55325 -39480 20444
55325 -39255 24595
55325 -34810 24882
55325 -34540 25720
55325 -33865 26239
55325 -40970 24287
55325 -27260 26527
55325 -34540 26296
55325 -56870 19901
55325 -51720 23797
55325 -34810 24432
55325 -34540 26687
55325 -55040 26597
55325 -34810 27201
55325 -28265 27132
55325 -26650 25404
55325 -34810 25168
55325 -34810 25691
55325 -34540 25727
55325 -34810 25827
55325 -34810 27939
55325 -34540 24753
55325 -34810 25518
55325 -29660 25962
55325 -37240 23063
55325 -46650 24766
55325 -34810 25882
55325 -34810 25333
55325 -34810 24248
55325 -39480 24975
55325 -31145 25486
55325 -34810 25534
55325 -34540 25302
55325 -36815 24378
55325 -37620 24357
55325 -29965 26201
55325 -34540 25108
55325 -47975 22700
55325 -55840 22010
55325 -34810 26015
55325 -46895 23718
55325 -34540 26830
55325 -34540 26436
55325 -41565 24131
55325 -34810 26800
55325 -49390 23703
55325 -34810 25737
55325 -34810 27083
55325 -29965 27200
55325 -34610 26462
55325 -29830 26964
55325 -34540 25932
55325 -32415 26512
55325 -32225 26385
55325 -26505 30163
55325 -51720 23481
55325 -48110 23932
55325 -34270 25497
55325 -31435 28470
55325 -53145 26190
55325 -37615 25334
55325 -34810 25332
55325 -25555 27588
55325 -34810 24791
55325 -37040 24638
55325 -34810 25216
55325 -34810 27240
55325 -34810 27369
55325 -34810 25646
55325 -37555 25685
55325 -42865 23209
55325 -34810 25467
55325 -34540 24874
55325 -34810 26310
55325 -34810 26934
55325 -42745 24380
55325 -27270 27019
55325 -34540 26797
55325 -45780 27601
55325 -34000 25059
55325 -28265 28622
55325 -34810 27441
55325 -34810 24408
55325 -34540 28685
55325 -36230 26956
55325 -55240 23600
55325 -27270 28786
55325 -32225 24926
55325 -34810 24820
55325 -26115 30509
55325 -34810 23653
55325 -34540 26418
55325 -34670 26645
55325 -34810 28019
55325 -26005 28846
55325 -43230 24381
55325 -43680 22991
55325 -36640 23448
55325 -28265 27436
55325 -32360 25513
55325 -29965 27034
55325 -25310 28654
55325 -25870 26069
55325 -26390 28227
55325 -34540 26355
55325 -34810 25494
55325 -34540 26946
55325 -34540 27613
55325 -41565 27730
55325 -31740 27355
55325 -36580 24956
55325 -30660 25225
55325 -31030 27201
55325 -24985 27195
55325 -29445 26274
55325 -25635 26598
55325 -26760 27853
55325 -34540 25697
55325 -34540 26732
55325 -34810 25335
55325 -29830 26456
55325 -28750 27988
55325 -29985 29180
55325 -34810 26765
55325 -28615 28820
55325 -39310 23964
55325 -33190 27077
55325 -27085 28749
55325 -26610 27070
55325 -34000 26299
55325 -25920 29816
55325 -28160 26895
55325 -34810 26184
55325 -24005 29124
55325 -30390 29224
55325 -27270 27482
55325 -27170 28789
55325 -27860 28759
55325 -28025 26438
55325 -34540 27307
55325 -27400 29950
55325 -28750 27747
55325 -30795 27309
55325 -26840 26871
55325 -25930 29636
55325 -29965 28692
55325 -31165 27970
55325 -26870 29376
55325 -34810 26595
55325 -24655 29907
55325 -34810 26129
55325 -32360 26876
55325 -29965 28117
55325 -34810 27421
55325 -34540 26119
55325 -30740 28277
55325 -34810 27629
55325 -26170 28013
55325 -25415 29007
55325 -27290 28644
55325 -34810 24231
55325 -26610 28604
55325 -34810 25645
55325 -34540 26793
55325 -26370 30700
55325 -32225 26542
55325 -34810 24556
55325 -29965 29878
55325 -28025 29489
55325 -27270 29330
55325 -34540 27702
55325 -26430 27846
55325 -31165 27238
55325 -23770 31687
55325 -25700 32606
55325 -34810 27753
55325 -25935 28083
55325 -28615 28802
55325 -34810 28827
55325 -25995 30217
55325 -27605 30285
55325 -34810 29600
55325 -25415 28744
55325 -32225 26633
55325 -25415 28017
55325 -26770 29555
55325 -34540 26623
55325 -25070 31125
55325 -27010 27937
55325 -23600 28310
55325 -34810 25520
55325 -24355 29924
55325 -24240 28436
55325 -27270 27570
55325 -23070 29285
55325 -34540 27904
55325 -24640 29159
55325 -26265 29725
55325 -27220 26736
55325 -28265 27848
55325 -25850 29296
55325 -26400 29788
55325 -22570 30524
55325 -22625 33015
55325 -24750 31179
55325 -34000 27976
55325 -22570 31944
55325 -34540 28565
55325 -24485 30202
55325 -29830 28138
55325 -22725 31493
55325 -26765 29143
55325 -26695 29747
55325 -31955 25906
55325 -22350 31703
55325 -26970 28241
55325 -23840 30265
55325 -34810 27215
55325 -26810 29825
55325 -25365 30066
55325 -25205 31202
55325 -28055 29083
55325 -26105 28770
55325 -24655 28966
55325 -23845 31068
55325 -24180 30429
55325 -24785 29600
55325 -23780 31347
55325 -24755 31546
55325 -34540 28926
55325 -25120 31093
55325 -25490 29799
55325 -24070 30248
55325 -26355 28819
55325 -27220 30600
55325 -26440 30853
55325 -22570 32943
55325 -23540 33247
55325 -27535 28034
55325 -32360 28050
55325 -29965 28609
55325 -25700 28007
55325 -26355 31157
55325 -34810 27303
55325 -26390 29393
55325 -26430 28725
55325 -29545 29995
55325 -26125 27483
55325 -26355 28241
55325 -24285 30292
55325 -29830 28434
55325 -23940 31367
55325 -24005 31268
55325 -23635 34145
55325 -22570 31836
55325 -22570 32076
55325 -24550 30443
55325 -23420 30428
55325 -22560 31717
55325 -26170 32503
55325 -22560 34305
55325 -22560 34684
55325 -25040 29652
55325 -22570 31852
55325 -23560 31418
55325 -24840 30252
55325 -22560 32140
55325 -23710 31889
55325 -22570 31632
55325 -24665 30461
55325 -22570 32456
55325 -28160 30000
55325 -22560 32162
55325 -24440 32950
55325 -25435 33281
55325 -25500 29399
55325 -24955 30876
55325 -28130 29696
55325 -22560 32081
55325 -24605 29807
55325 -28885 28626
55325 -23805 30417
55325 -26055 29431
55325 -22790 30893
55325 -26685 31218
55325 -23610 31435
55325 -20880 33408
55325 -22560 31553
55325 -23660 31731
55325 -22570 33669
55325 -23610 33485
55325 -30895 29150
55325 -22570 33956
55325 -22570 32274
55325 -25020 30917
55325 -25400 31236
55325 -25415 32559
55325 -22570 33299
55325 -26170 32452
55325 -22570 34780
55325 -22570 33360
55325 -24965 31182
55325 -24705 30776
55325 -24070 30000
55325 -22570 31511
55325 -27135 30955
55325 -22560 33749
55325 -24365 34090
55325 -23660 29748
55325 -22560 32761
55325 -24840 30576
55325 -22350 33836
55325 -23610 32751
55325 -24985 31424
55325 -25795 31299
55325 -20485 35583
55325 -22570 32425
55325 -22350 31860
55325 -22560 31696
55325 -25175 32539
55325 -22570 30915
55325 -23420 31254
55325 -26050 30463
55325 -22560 32503
55325 -22210 33576
55325 -23560 31565
55325 -25175 33030
55325 -22560 34427
55325 -24385 30572
55325 -22560 34460
55325 -22560 34757
55325 -25415 33409
55325 -22140 33424
55325 -24020 30474
55325 -22570 33268
55325 -22025 34699
55325 -22060 31302
55325 -24440 31283
55325 -22560 34636
55325 -22560 34422
55325 -22560 33432
55325 -22570 34422
55325 -22570 32004
55325 -23070 32849
55325 -24205 35365
55325 -23560 35275
55325 -26055 32018
55325 -22560 32850
55325 -22560 35033
55325 -22350 33831
55325 -22570 30437
55325 -22570 33173
55325 -22055 32413
55325 -21950 32977
55325 -23535 31874
55325 -23385 32277
55325 -22350 35739
55325 -22350 34437
55325 -22140 32927
55325 -22560 34326
55325 -24440 33804
55325 -22560 33791
55325 -22350 34548
55325 -21025 36341
55325 -20820 34224
55325 -22520 34140
55325 -20330 38122
55325 -22560 35904
55325 -22350 35612
55325 -22560 34290
55325 -22140 34856
55325 -22560 35210
55325 -22560 35736
55325 -22140 35414
55325 -20330 35188
55325 -21300 34818
55325 -22560 31942
55325 -21025 35227
55325 -22350 36256
55325 -22560 35269
55325 -22140 34970
55325 -24340 33932
55325 -22350 33566
55325 -20330 37472
55325 -22570 32831
55325 -22350 34877
55325 -21025 35458
55325 -22560 34866
55325 -22140 33744
55325 -22560 32512
55325 -22140 33992
55325 -24340 33262
55325 -22025 33311
55325 -22460 34723
55325 -21930 34822
55325 -22560 33843
55325 -24655 30636
55325 -20330 36363
55325 -23505 31093
55325 -22570 32804
55325 -20925 35144
55325 -20330 36506
55325 -19930 36862
55325 -20535 34959
55325 -20330 36420
55325 -19515 38505
55325 -19225 39742
55325 -22560 35299
55325 -22560 33576
55325 -22350 35801
55325 -21950 35348
55325 -22570 32130
55325 -22350 36700
55325 -22350 34759
55325 -20080 37220
55325 -20330 36925
55325 -19795 37800
55325 -20330 36779
55325 -22570 33550
55325 -22140 36032
55325 -22350 34161
55325 -20885 37128
55325 -20925 36605
55325 -20330 35923
55325 -22560 33375
55325 -22145 35890
55325 -22350 35828
55325 -20330 38292
55325 -20150 36749
55325 -25040 31814
55325 -22040 35573
55325 -22350 34643
55325 -22350 34005
55325 -20325 39317
55325 -20485 35595
55325 -20720 37905
55325 -22350 33105
55325 -22350 34660
55325 -22560 34298
55325 -22350 34664
55325 -21950 36098
55325 -22560 34837
55325 -21300 35853
55325 -16670 40702
55325 -20130 39548
55325 -20125 38771
55325 -20330 37563
55325 -20330 38371
55325 -22350 34622
55325 -25555 31508
55325 -1145 42606
55325 -20330 39747
55325 -20330 37116
55325 -21050 34944
55325 -22560 30486
55325 -20330 38454
55325 -20330 37660
55325 -21645 35691
55325 -20330 38760
55325 -22350 36405
55325 -21930 34775
55325 -22350 36751
55325 -22725 36660
55325 -22140 37453
55325 -22140 34536
55325 -21025 37566
55325 -22570 34933
55325 -20920 36416
55325 -21920 35472
55325 -20130 38662
55325 -20945 38901
55325 -20330 38330
55325 -23910 32582
55325 -20330 36748
55325 -21645 36905
55325 -20045 37192
55325 -18295 40242
55325 -20355 35573
55325 -21195 34316
55325 -22560 36793
55325 -21025 36264
55325 -20330 38609
55325 -22560 34362
55325 -20330 40209
55325 -20130 35972
55325 -20330 38712
55325 -22560 35053
55325 -20330 37386
55325 -19980 38421
55325 -16605 40681
55325 -20330 39127
55325 -20330 39354
55325 -19880 38113
55325 -20490 36229
55325 -3335 39379
55325 -22040 34170
55325 -1250 41389
55325 -19370 40460
55325 -20330 37126
55325 -19880 39736
55325 -20330 38238
55325 -18595 40103
55325 -20330 39610
55325 -16740 40636
55325 -20330 39441
55325 -19930 38644
55325 -19560 39801
55325 -19830 38431
55325 -19875 37500
55325 -20330 38858
55325 -19515 39001
55325 -20330 38805
55325 -19930 39281
55325 -22570 35221
55325 -19930 38303
55325 -20330 36819
55325 -20825 36959
55325 -20330 39373
55325 -20330 37730
55325 -20330 39167
55325 -19310 39407
55325 -20920 39089
55325 -20045 40929
55325 -7370 42156
55325 -20425 37582
55325 -16740 40635
55325 -18505 40513
55325 -20330 39472
55325 -16695 41773
55325 -20330 40117
55325 -20330 39924
55325 -18030 40860
55325 -20330 35876
55325 -19330 40841
55325 -19370 41230
55325 -20330 38522
55325 -7270 42371
55325 -18155 40420
55325 -20330 40460
55325 -20220 41036
55325 -20330 37126
55325 85 40823
55325 -18890 39290
55325 -3760 39424
55325 -20470 39116
55325 -130 42015
55325 -3625 40420
55325 -20330 38051
55325 -19515 38649
55325 -20045 36679
55325 -19425 40587
55325 -15555 39894
55325 10875 44758
55325 -18195 40626
55325 -19205 39221
55325 -18905 41849
55325 -15430 41466
55325 -18030 39448
55325 -21950 37119
55325 -6940 40776
55325 -20330 37409
55325 -20120 39311
55325 -19230 41536
55325 -4720 41953
55325 -18080 41601
55325 -17625 42195
55325 -17670 42944
55325 -19515 41676
55325 -19325 39960
55325 -2425 42567
55325 -19100 43310
55325 -16530 41568
55325 10875 43539
55325 -405 40477
55325 -6655 40939
55325 11010 43206
55325 11010 44224
55325 -18030 42093
55325 370 43350
55325 -20330 37565
55325 10875 41440
55325 -13025 42447
55325 -18730 42081
55325 1370 42423
55325 -20330 39566
55325 -9910 41837
55325 -17930 41895
55325 -3335 41879
55325 90 41978
55325 10875 44368
55325 -3470 42129
55325 -725 41988
55325 1305 42806
55325 -305 41295
55325 -16670 41426
55325 -18230 42729
55325 -1150 44262
55325 -18960 41641
55325 -20330 39142
55325 -130 42391
55325 -4820 41582
55325 -20150 38605
55325 1470 42776
55325 11010 42959
55325 10875 43299
55325 10875 42690
55325 10875 43638
55325 -2325 42558
55325 11010 44158
55325 10875 43830
55325 -405 42934
55325 -20330 38610
55325 -18230 40667
55325 -20330 39580
55325 -18395 41583
55325 -1140 42345
55325 1470 42083
55325 -19425 41258
55325 -3760 43576
55325 13440 45256
55325 10875 42126
55325 -4585 41979
55325 -22040 37279
55325 -3660 43304
55325 -6035 42219
55325 10875 42982
55325 13440 44401
55325 10875 44509
55325 -19370 39615
55325 10875 43297
55325 1305 44783
55325 -30 42804
55325 10875 43445
55325 -18030 41413
55325 -5935 44423
55325 -8270 42704
55325 11010 44328
55325 -19510 40398
55325 10875 44195
55325 11010 44036
55325 11010 44780
55325 10875 44442
55325 -13530 41993
55325 -6925 43468
55325 12090 44564
55325 12225 44485
55325 90 43632
55325 1305 42170
55325 12440 44505
55325 14485 46670
55325 -16250 43506
55325 10450 43701
55325 -18860 41481
55325 14485 45438
55325 11010 43352
55325 -2290 42940
55325 10875 42163
55325 14485 45756
55325 -5935 41696
55325 11010 44220
55325 11010 44493
55325 90 43603
55325 14485 46395
55325 -5935 42426
55325 14485 47498
55325 12090 45196
55325 11125 46709
55325 10875 44304
55325 12090 43670
55325 12090 45840
55325 10875 43744
55325 1405 43224
55325 11955 45198
55325 11955 43710
55325 10875 43590
55325 12225 45292
55325 12090 45569
55325 -2425 42227
55325 10875 45353
55325 10875 43216
55325 10875 44916
55325 10875 42439
55325 13305 47369
55325 14485 47568
55325 570 42845
55325 12225 43169
55325 14485 45389
55325 11010 45406
55325 10450 43785
55325 14620 46438
55325 11955 45029
55325 16185 46655
55325 12090 44997
55325 10875 44665
55325 13440 46113
55325 13305 44821
55325 13575 46548
55325 12090 45043
55325 12090 45676
55325 10875 44059
55325 10875 43372
55325 13440 45474
55325 12980 46749
55325 -20030 39562
55325 10855 43507
55325 10875 45363
55325 12225 44876
55325 12360 46535
55325 13305 44206
55325 13440 46849
55325 13305 44144
55325 11955 44116
55325 10875 45236
55325 13305 43812
55325 12090 45199
55325 14485 46751
55325 10875 43857
55325 16185 47265
55325 12090 46132
55325 16185 47766
55325 10875 45539
55325 10875 44620
55325 12090 44822
55325 12090 45929
55325 14485 46154
55325 13305 45787
55325 14485 48037
55325 14485 48011
55325 16185 46513
55325 12090 44934
55325 13305 46743
55325 13440 45623
55325 16185 49560
55325 12090 46905
55325 12360 43997
55325 11010 44541
55325 12090 46041
55325 13440 45350
55325 12090 46228
55325 14485 47471
55325 14485 47961
55325 14485 46663
55325 12035 44497
55325 11010 44924
55325 12090 46047
55325 12090 45855
55325 13440 46288
55325 14485 45867
55325 11010 45178
55325 14485 46558
55325 14620 47027
55325 14485 47263
55325 14620 47354
55325 16185 48230
55325 13305 46347
55325 12090 46263
55325 14485 46399
55325 12225 45835
55325 13440 44585
55325 12090 46974
55325 13440 47121
55325 12225 45049
55325 14485 45843
55325 17210 49354
55325 14485 48150
55325 14485 48780
55325 16185 47040
55325 14485 46752
55325 16185 47958
55325 13440 45637
55325 17000 49601
55325 14485 46635
55325 17105 49556
55325 15565 47740
55325 16995 46379
55325 16185 48460
55325 14485 47304
55325 12225 46071
55325 13305 45479
55325 14485 46875
55325 12090 46479
55325 16185 49363
55325 16185 48471
55325 14485 46649
55325 16185 45928
55325 14485 47691
55325 13575 46205
55325 16185 47412
55325 11010 44709
55325 16605 47605
55325 16290 47879
55325 16185 49871
55325 14485 46989
55325 16995 47656
55325 14485 47924
55325 14485 47242
55325 13440 46123
55325 14620 49211
55325 17180 48688
55325 17000 50662
55325 14620 47216
55325 17440 49604
55325 17210 49148
55325 14485 46385
55325 17105 48248
55325 17735 49574
55325 17000 49776
55325 14620 48723
55325 16995 49598
55325 16710 48426
55325 17000 49875
55325 16185 48879
55325 16395 48422
55325 16080 46934
55325 16395 49376
55325 14620 48014
55325 16710 49794
55325 14485 48067
55325 14620 49174
55325 14485 47014
55325 12225 49084
55325 13305 46853
55325 16730 48313
55325 16710 48018
55325 13575 46911
55325 14485 46148
55325 17105 49229
55325 17735 50177
55325 17105 47683
55325 17000 48755
55325 14485 48248
55325 16995 48545
55325 14485 47577
55325 17840 50330
55325 14665 47258
55325 16290 47585
55325 17180 50201
55325 18785 50822
55325 17180 50482
55325 14485 47512
55325 14485 47204
55325 16710 48834
55325 17280 50304
55325 17000 48710
55325 17280 49635
55325 17105 50509
55325 18115 51764
55325 17000 49612
55325 16995 49304
55325 17650 49954
55325 17945 52530
55325 17000 49573
55325 16185 50634
55325 17790 51620
55325 17335 50016
55325 17840 50501
55325 18280 53321
55325 16605 48676
55325 17180 49048
55325 17840 52441
55325 14620 49824
55325 17105 49697
55325 17000 50833
55325 17335 50797
55325 17000 49391
55325 16995 50378
55325 17840 50309
55325 16995 49759
55325 17000 49900
55325 17650 49934
55325 16290 50032
55325 16290 47738
55325 14485 47701
55325 17840 50883
55325 17180 48889
55325 17000 48063
55325 17840 50806
55325 17945 49827
55325 17000 48685
55325 18115 52738
55325 17280 50161
55325 17180 49614
55325 17840 50170
55325 17945 50188
55325 18380 52410
55325 18995 53500
55325 16290 48888
55325 17000 51428
55325 17105 49522
55325 17650 50935
55325 18890 53463
55325 17735 52592
55325 18115 51430
55325 18115 51630
55325 17840 51225
55325 18115 49951
55325 19815 54153
55325 17280 50705
55325 18080 50677
55325 14485 49198
55325 18115 52305
55325 18115 51166
55325 18280 52934
55325 18115 50872
55325 17735 50276
55325 17230 52021
55325 18815 51735
55325 17105 50464
55325 17180 50515
55325 18115 52706
55325 17840 51513
55325 19015 53744
55325 18815 53347
55325 17000 50480
55325 17945 50832
55325 17180 51126
55325 16605 48425
55325 17755 51778
55325 18115 51894
55325 17105 51203
55325 18815 53044
55325 17230 50834
55325 18915 54000
55325 17860 51620
55325 18215 52335
55325 18115 52841
55325 38415 55239
55325 18890 53023
55325 18815 54349
55325 19815 54028
55325 18815 53037
55325 18380 52763
55325 37080 54434
55325 18115 51536
55325 18815 53463
55325 18815 52109
55325 18815 53651
55325 18815 53371
55325 18115 52333
55325 18785 52467
55325 17230 50568
55325 18115 51826
55325 18115 52558
55325 18280 51895
55325 19715 53163
55325 18115 52256
55325 38415 54649
55325 18785 52778
55325 18815 52624
55325 19830 54193
55325 18815 52760
55325 17280 51381
55325 17840 52230
55325 18315 53349
55325 17840 50514
55325 18115 52640
55325 18480 52554
55325 17680 52018
55325 18815 52989
55325 19815 53868
55325 21615 54285
55325 18815 52563
55325 18815 53314
55325 27680 54583
55325 55325 55325
55325 55325 55325
55325 18890 53004
55325 37080 54891
55325 19815 54697
55325 18115 52978
55325 38415 55155
55325 18315 53560
55325 18890 54045
55325 18215 53527
55325 18315 53426
55325 19815 53575
55325 55325 55325
55325 18380 53196
55325 37080 54714
55325 27780 54616
55325 18115 52524
55325 18890 54004
55325 18915 53837
55325 38415 54396
55325 27780 54485
55325 18785 53517
55325 17230 51814
55325 18915 53921
55325 20015 54628
55325 18890 53281
55325 19380 53500
55325 18815 53390
55325 19815 54092
55325 38515 55241
55325 18785 53842
55325 18815 53305
55325 18815 53585
55325 18315 52569
55325 37080 54967
55325 55325 55325
55325 19015 53825
55325 55325 55325
55325 37180 54813
55325 55325 55325
55325 55325 55325
55325 55325 55325
55325 55325 55325
55325 55325 55325
55325 55325 55325
55325 55325 55325
55325 18175 53086
55325 55325 55325
55325 19915 54614
55325 38415 55240
55325 55325 55325
55325 55325 55325
55325 55325 55325
55325 19815 54312
55325 55325 55325
55325 55325 55325
55325 55325 55325
55325 38515 55241
55325 38415 55156
55325 55325 55325
55325 19815 54448
55325 55325 55325
55325 37080 54637
55325 38415 55156
55325 55325 55325
55325 38415 54818
55325 55325 55325
55325 55325 55325
55325 19815 54068
55325 55325 55325
55325 55325 55325
55325 55325 55325
55325 55325 55325
55325 55325 55325
55325 55325 55325
55325 18315 53466
55325 37180 54812
55325 55325 55325
55325 55325 55325
55325 55325 55325
55325 55325 55325
55325 55325 55325
55325 55325 55325
55325 55325 55325
55325 55325 55325
55325 55325 55325
55325 55325 55325
55325 55325 55325
55325 55325 55325
55325 55325 55325
55325 55325 55325
55325 55325 55325
55325 55325 55325
55325 55325 55325
55325 55325 55325
55325 55325 55325
55325 55325 55325
55325 55325 55325
55325 55325 55325
55325 55325 55325
55325 55325 55325
55325 55325 55325
55325 55325 55325
55325 55325 55325
55325 55325 55325
55325 55325 55325
55325 55325 55325
55325 55325 55325
55325 55325 55325
55325 55325 55325
55325 55325 55325
55325 55325 55325
55325 55325 55325
55325 38415 55071
55325 55325 55325
55325 55325 55325
55325 55325 55325
55325 55325 55325
55325 55325 55325
55325 55325 55325
55325 55325 55325
55325 55325 55325
55325 55325 55325
55325 55325 55325
55325 55325 55325
55325 55325 55325
55325 55325 55325
55325 55325 55325
55325 55325 55325
55325 55325 55325
55325 55325 55325
55325 55325 55325
55325 55325 55325
55325 55325 55325
55325 55325 55325
55325 55325 55325
55325 55325 55325
55325 55325 55325
55325 55325 55325
55325 55325 55325
55325 55325 55325
55325 55325 55325
55325 55325 55325
55325 55325 55325
55325 55325 55325
55325 55325 55325
55325 55325 55325
55325 55325 55325
55325 55325 55325
55325 55325 55325
55325 55325 55325
55325 55325 55325
55325 55325 55325
55325 55325 55325
55325 55325 55325
55325 55325 55325
55325 55325 55325
55325 55325 55325
55325 55325 55325
55325 55325 55325
55325 55325 55325
55325 55325 55325
55325 55325 55325
55325 55325 55325
55325 55325 55325
55325 55325 55325
55325 55325 55325
55325 55325 55325
55325 55325 55325
55325 55325 55325
55325 55325 55325
55325 55325 55325
55325 55325 55325
55325 55325 55325
55325 55325 55325
55325 55325 55325
55325 55325 55325
55325 55325 55325
55325 55325 55325
55325 55325 55325
55325 55325 55325
55325 55325 55325
55325 55325 55325
55325 55325 55325
55325 55325 55325
55325 55325 55325
55325 55325 55325
55325 55325 55325
55325 55325 55325
55325 55325 55325
55325 55325 55325
55325 55325 55325
55325 55325 55325
55325 55325 55325
55325 55325 55325
55325 55325 55325
55325 55325 55325
55325 55325 55325
55325 55325 55325
55325 55325 55325
55325 55325 55325
55325 55325 55325
55325 55325 55325
55325 55325 55325
55325 55325 55325
55325 55325 55325
55325 55325 55325
55325 55325 55325
55325 55325 55325
55325 55325 55325
55325 55325 55325
55325 55325 55325
55325 55325 55325
55325 55325 55325
55325 55325 55325
55325 55325 55325
55325 55325 55325
55325 55325 55325
55325 55325 55325
55325 55325 55325
55325 55325 55325
55325 55325 55325
55325 55325 55325
55325 55325 55325
55325 55325 55325
55325 55325 55325
55325 55325 55325
55325 55325 55325
55325 55325 55325
55325 55325 55325
55325 55325 55325
55325 55325 55325
55325 55325 55325
55325 55325 55325
55325 55325 55325
55325 55325 55325
55325 55325 55325
55325 55325 55325
55325 55325 55325
55325 55325 55325
55325 55325 55325
55325 55325 55325
55325 55325 55325
55325 55325 55325
55325 55325 55325
55325 55325 55325
55325 55325 55325
55325 55325 55325
55325 55325 55325
55325 55325 55325
55325 55325 55325
55325 55325 55325
55325 55325 55325
55325 55325 55325
55325 55325 55325
55325 55325 55325
55325 55325 55325
55325 55325 55325
55325 55325 55325
55325 55325 55325
55325 55325 55325
55325 55325 55325
55325 55325 55325
55325 55325 55325
55325 55325 55325
55325 55325 55325
55325 55325 55325
55325 55325 55325
55325 55325 55325
55325 55325 55325
55325 55325 55325
55325 55325 55325
55325 55325 55325
55325 55325 55325
55325 55325 55325
55325 55325 55325
55325 55325 55325
55325 55325 55325
55325 55325 55325
55325 55325 55325
55325 55325 55325
55325 55325 55325
55325 55325 55325
55325 55325 55325
55325 55325 55325
55325 55325 55325
55325 55325 55325
55325 55325 55325
55325 55325 55325
55325 55325 55325
55325 55325 55325
55325 55325 55325
55325 55325 55325
55325 55325 55325
55325 55325 55325
55325 55325 55325
55325 55325 55325
55325 55325 55325
55325 55325 55325
55325 55325 55325
55325 55325 55325
55325 55325 55325
55325 55325 55325
55325 55325 55325
55325 55325 55325
55325 55325 55325
55325 55325 55325
55325 55325 55325
55325 55325 55325
55325 55325 55325
55325 55325 55325
55325 55325 55325
55325 55325 55325
55325 55325 55325
55325 55325 55325
55325 55325 55325
55325 55325 55325
55325 55325 55325
55325 55325 55325
55325 55325 55325
55325 55325 55325
55325 55325 55325
55325 55325 55325
55325 55325 55325
55325 55325 55325
55325 55325 55325
55325 55325 55325
55325 55325 55325
55325 55325 55325
55325 55325 55325
55325 55325 55325
55325 55325 55325
55325 55325 55325
55325 55325 55325
55325 55325 55325
55325 55325 55325
55325 55325 55325
55325 55325 55325
55325 55325 55325
55325 55325 55325
55325 55325 55325
55325 55325 55325
55325 55325 55325
55325 55325 55325
55325 55325 55325
55325 55325 55325
55325 55325 55325
55325 55325 55325
55325 55325 55325
55325 55325 55325
55325 55325 55325
55325 55325 55325
55325 55325 55325
55325 55325 55325
55325 55325 55325
55325 55325 55325
55325 55325 55325
55325 55325 55325
