-9420	-8175	-9163
-4230	-10230	-8551
-4335	-10130	-8442
-4020	-10095	-8509
-3630	-10230	-8425
-5795	-10100	-8395
-3065	-10230	-8404
-6080	-10230	-8361
-4885	-9930	-8291
-3125	-10030	-8279
-5270	-10095	-8320
-2895	-10130	-8359
-3180	-10095	-8187
-4035	-10130	-8319
-4770	-10095	-8325
-2835	-10095	-8264
-5860	-10130	-8463
-5365	-10130	-8348
-5845	-10130	-8451
-5290	-10230	-8421
-4690	-10230	-8439
-6430	-10130	-8444
-5550	-10130	-8377
-5770	-10230	-8410
-6075	-10230	-8336
-5155	-10130	-8310
-5530	-10230	-8361
-4815	-10130	-8237
-3635	-10100	-8270
-5120	-10130	-8260
-5460	-10130	-8305
-5420	-9900	-8282
-4315	-10230	-8278
-4895	-10030	-8284
-4510	-10030	-8198
-5340	-10095	-8360
-3175	-10230	-8229
-2630	-10130	-8204
-5275	-9965	-8294
-4835	-10230	-8249
-5180	-10230	-8382
-4135	-10100	-8262
-5135	-10230	-8360
-6130	-10030	-8335
-4740	-10130	-8327
-5090	-10130	-8364
-4135	-10130	-8258
-5320	-10030	-8381
-4900	-10230	-8283
-5595	-10130	-8351
-4345	-10130	-8214
-4100	-9965	-8306
-4140	-10000	-8321
-6295	-10130	-8456
-5530	-10030	-8335
-5715	-10130	-8335
-5515	-9965	-8259
-5815	-10130	-8361
-4325	-10130	-8415
-4255	-10230	-8352
-4645	-10130	-8353
-5210	-10130	-8259
-5415	-10030	-8197
-5145	-10130	-8234
-5055	-9930	-8421
-5045	-10030	-8281
-2980	-10130	-8267
-4780	-10095	-8222
-4010	-9930	-8277
-4960	-9930	-8214
-4660	-10230	-8289
-5515	-10230	-8301
-5155	-10100	-8339
-4570	-10230	-8313
-5500	-10065	-8185
-4050	-10230	-8412
-4910	-10095	-8205
-5030	-10230	-8172
-4325	-10230	-8190
-5085	-10070	-8294
-4600	-10000	-8300
-5840	-10030	-8307
-5700	-10095	-8337
-4845	-10230	-8345
-5645	-10130	-8332
-5915	-10230	-8263
-4770	-10000	-8293
-5745	-10230	-8322
-4235	-10130	-8189
-4040	-10030	-8195
-2840	-9920	-8156
-4900	-10130	-8316
-3895	-10230	-8304
-5740	-10130	-8268
-4580	-10030	-8278
-4180	-10065	-8227
-4885	-10130	-8310
-4755	-10130	-8326
-4995	-10000	-8102
-3475	-10130	-8040
-4220	-10030	-8127
-4645	-10230	-8095
-4020	-10130	-8269
-3805	-9960	-8181
-4120	-10130	-8306
-3500	-10095	-8195
-3785	-10000	-8342
-4125	-10030	-8300
-3845	-9965	-8259
-3860	-10230	-8309
-5330	-10230	-8361
-4275	-9825	-8190
-4100	-10130	-8179
-4175	-10230	-8229
-3800	-10230	-8302
-5115	-10230	-8297
-4825	-10130	-8191
-4490	-10095	-8207
-5645	-10130	-8202
-4450	-10230	-8144
-3585	-9965	-8192
-4055	-10230	-8151
-4235	-9970	-8214
-4565	-10030	-8207
-5035	-9860	-8219
-5880	-10030	-8176
-5495	-10230	-8200
-4960	-10230	-8260
-5815	-10095	-8245
-5560	-10000	-8170
-3650	-10130	-8162
-4790	-10030	-8288
-5170	-9760	-8187
-4675	-10030	-8129
-5180	-10130	-8227
-6315	-10030	-8205
-5975	-10130	-8352
-2815	-9965	-8202
-4370	-10230	-8264
-5695	-9930	-8254
-4935	-10000	-8232
-5190	-10130	-8291
-4680	-10130	-8263
-4765	-10130	-8194
-4065	-9965	-8302
-4465	-9995	-8304
-4090	-10230	-8212
-4155	-10230	-8292
-3780	-10000	-8156
-5050	-10130	-8241
-5470	-10095	-8250
-4765	-10230	-8263
-4970	-10095	-8210
-4305	-10030	-8296
-3985	-10095	-8280
-5300	-10030	-8245
-5160	-10130	-8195
-5040	-10130	-8316
-4410	-10130	-8231
-3460	-10000	-8146
-3100	-9900	-8211
-4100	-10130	-8184
-5085	-10030	-8189
-4660	-10230	-8262
-5265	-10130	-8351
-4450	-10130	-8184
-4415	-10230	-8366
-3680	-10030	-8255
-3820	-10130	-8214
-4150	-10130	-8212
-3955	-10095	-8050
-3995	-10000	-8280
-3990	-10230	-8304
-3700	-10130	-8283
-4425	-10230	-8252
-4495	-10230	-8350
-2155	-10230	-8372
-5365	-9995	-8255
-6195	-10130	-8344
-5565	-10000	-8387
-3610	-10095	-8287
-4125	-10130	-8076
-2100	-10130	-8210
-2755	-10130	-8126
-4705	-10230	-8286
-5655	-9930	-8171
-5120	-10230	-8302
-2935	-10130	-8087
-3030	-10095	-8184
-3460	-10000	-8278
-2825	-10130	-8284
-4525	-10030	-8308
-3185	-10130	-8201
-5375	-9960	-8167
-4415	-10130	-8159
-5105	-10030	-8170
-4530	-10230	-8193
-4300	-10030	-8278
-2175	-10230	-8315
-3935	-10130	-8308
-4970	-10230	-8259
-3925	-10070	-8250
-3095	-10100	-8378
-3465	-10130	-8264
-3905	-10030	-8184
-3600	-9995	-8225
-3305	-10230	-8244
-4320	-10230	-8287
-3210	-10100	-8186
-3640	-10130	-8190
-4970	-10230	-8321
-4105	-10230	-8247
-5715	-10100	-8279
-6170	-10230	-8349
-4660	-10230	-8290
-3180	-10130	-8310
-2780	-9995	-8167
-3365	-10230	-8157
-3235	-10130	-8262
-3930	-10130	-8244
-3060	-10230	-8105
-3375	-9960	-8125
-3930	-10230	-8349
-2740	-10130	-8305
-2795	-10230	-8070
-2140	-10130	-8127
-2995	-10130	-8140
-3015	-10230	-8111
-3015	-10230	-8166
-2385	-10230	-8336
-2665	-10230	-8207
-3020	-10230	-8106
-3020	-10230	-8078
290	-10230	-8021
-2735	-10230	-8055
-2855	-10230	-8105
-2920	-10230	-8111
-3020	-10230	-8014
-3255	-10230	-8137
-3255	-10230	-8121
-3020	-10230	-8256
-3255	-10230	-8152
-2635	-10230	-8231
-2785	-10230	-8154
-2785	-10230	-8139
290	-10230	-8345
-3255	-10230	-8371
-2685	-10230	-8194
-2525	-10230	-8228
-3930	-10230	-8164
-3250	-10230	-8118
-3255	-10230	-8044
-3255	-10230	-7990
-3245	-10230	-8284
-3020	-10230	-8175
-3020	-10230	-8151
-2815	-10230	-7964
-2845	-10230	-7983
-2845	-10230	-7949
-2845	-10230	-7949
-2720	-10230	-7902
-2850	-10230	-8047
-2830	-10230	-8009
-3020	-10230	-7902
-2790	-10230	-7733
-3020	-10230	-8065
-3255	-10230	-8112
-2410	-10230	-8178
-2850	-10230	-8100
-2920	-10230	-7912
-2820	-10230	-7912
-2850	-10230	-8073
-2410	-10230	-8116
-2850	-10230	-8057
-3020	-10230	-8070
-2805	-10230	-8010
-2785	-10230	-8098
-3020	-10230	-7987
-2785	-10230	-8316
-3080	-10230	-8336
-3250	-10230	-8329
-3245	-10230	-8269
-3220	-10230	-8191
-3015	-10230	-7894
-3015	-10230	-7926
-2930	-10230	-8178
-2915	-10230	-7950
-3015	-10230	-7979
-2580	-10230	-7969
-3015	-10230	-8021
-2845	-10230	-7851
-3020	-10230	-8152
-2685	-10230	-8007
-3040	-10230	-7964
-2320	-10230	-7921
-2320	-10230	-8167
-2995	-10230	-8029
-2085	-10230	-8029
-2485	-10230	-8239
-2720	-10230	-7831
1100	-10230	-7946
-3020	-10230	-7803
-2700	-10230	-7942
-2850	-10230	-7946
-2320	-10230	-7766
-2820	-10230	-7838
-2820	-10230	-7787
-2760	-10230	-7980
-3015	-10230	-7820
-3020	-10230	-8368
-2760	-10230	-8194
-3830	-10230	-8172
-3595	-10230	-7942
-3730	-10230	-8054
-3020	-10230	-7921
-2850	-10230	-8234
-3020	-10230	-8261
-3020	-10230	-8138
-3020	-10230	-7911
-2920	-10230	-8094
-2920	-10230	-8007
-2920	-10230	-7860
-2720	-10230	-7905
-3250	-10230	-8123
-3020	-10230	-7953
-3200	-10230	-8020
-3255	-10230	-8059
-3250	-10230	-7900
-3020	-10230	-7782
-3020	-10230	-7915
-3020	-10230	-8011
-3250	-10230	-8002
-2800	-10230	-7972
-3180	-10230	-7959
-3020	-10230	-7916
-3020	-10230	-7982
-3020	-10230	-8018
-2915	-10230	-7792
-2850	-10230	-8232
-3015	-10230	-7787
-2915	-10230	-8028
-2785	-10230	-8056
-3015	-10230	-8033
-2820	-10230	-7838
-2820	-10230	-7941
-3530	-10230	-7976
-3250	-10230	-8126
-3020	-10230	-7965
-2325	-10230	-7889
-2090	-10230	-7736
-2850	-10230	-7815
-2805	-10230	-7805
-2850	-10230	-7902
-2850	-10230	-7939
-2850	-10230	-7963
-3020	-10230	-7844
-3020	-10230	-7855
-3020	-10230	-7995
-3020	-10230	-7681
-3020	-10230	-7897
-3040	-10230	-8057
-3255	-10230	-7983
-3245	-10230	-8008
-2600	-10230	-8118
-3020	-10230	-7973
-3015	-10230	-7813
-2085	-10230	-8115
-2915	-10230	-8238
-2850	-10230	-8224
-2920	-10230	-7873
-2920	-10230	-7799
-2485	-10230	-7907
-2175	-10230	-7633
-2805	-10230	-7924
-2805	-10230	-7814
-2915	-10230	-7862
-2915	-10230	-7894
-3015	-10230	-8024
-2515	-10230	-7830
-2445	-10230	-7891
-2345	-10230	-7608
-2320	-10230	-7755
-2320	-10230	-7851
-2850	-10230	-7886
-2915	-10230	-7917
-2920	-10230	-7831
-2495	-10230	-8059
-2385	-10230	-7799
-2585	-10230	-7540
-2585	-10230	-8041
-2920	-10230	-8033
-2315	-10230	-7566
-2315	-10230	-7889
-2785	-10230	-7875
-2785	-10230	-8111
-2785	-10230	-7842
-2715	-10230	-7954
-2715	-10230	-7894
-2615	-10230	-7573
-3020	-10230	-7919
-3020	-10230	-7702
-2405	-10230	-7888
-2920	-10230	-7744
-3020	-10230	-7731
-2915	-10230	-7741
-2850	-10230	-7733
-2850	-10230	-7611
-3015	-10230	-7656
-2920	-10230	-7419
-3255	-10230	-7985
-2820	-10230	-8041
-3250	-10230	-8037
-2840	-10230	-7641
-2920	-10230	-7795
-2920	-10230	-7513
-3020	-10230	-7749
-3020	-10230	-7825
-2615	-10230	-7952
-2850	-10230	-7591
-3020	-10230	-7877
-2850	-10230	-7941
-3020	-10230	-7738
-3255	-10230	-7811
-2775	-10230	-7839
-3040	-10230	-7911
-2920	-10230	-7619
-2935	-10230	-7940
-2405	-10230	-7806
-2405	-10230	-8083
-2405	-10230	-7849
-2635	-10230	-7591
-2970	-10230	-7898
-2315	-10230	-7697
-2685	-10230	-7662
-2785	-10230	-7845
-2320	-10230	-7549
-3065	-10230	-7678
-3040	-10230	-7611
-3020	-10230	-7589
-2805	-10230	-7579
-2785	-10230	-7605
-3245	-10230	-7705
-2850	-10230	-7842
-2785	-10230	-7773
-2685	-10230	-7507
-2685	-10230	-7742
-2585	-10230	-7550
-2615	-10230	-7678
-2785	-10230	-7494
-2875	-10230	-7752
-2850	-10230	-7420
-2320	-10230	-7734
-2785	-10230	-7937
-2785	-10230	-7627
-2785	-10230	-7513
-2785	-10230	-7704
-2410	-10230	-7677
-2410	-10230	-7671
-3130	-10230	-7615
-2620	-10230	-7669
-2455	-10230	-7717
-3255	-10230	-7920
-3020	-10230	-7700
-2620	-10230	-7585
-2485	-10230	-7428
-2785	-10230	-7696
-3020	-10230	-7868
-2805	-10230	-7682
-2785	-10230	-7950
-2785	-10230	-7655
-2685	-10230	-7528
-2915	-10230	-7845
-3025	-10230	-7544
-2820	-10230	-7619
-3250	-10230	-7728
-2825	-10230	-7675
-3180	-10230	-7703
-2995	-10230	-7798
-2850	-10230	-7944
-2850	-10230	-8104
-2530	-10230	-7703
-2635	-10230	-7591
-2515	-10230	-7493
-2685	-10230	-7505
-2405	-10230	-7637
-2850	-10230	-7612
-2785	-10230	-7728
-2410	-10230	-7790
-2410	-10230	-7522
-2785	-10230	-7763
-3020	-10230	-7703
-2410	-10230	-7693
-2865	-10230	-7802
-2865	-10230	-7776
-3020	-10230	-7784
-3250	-10230	-7648
-3020	-10230	-7804
-3220	-10230	-7787
-2920	-10230	-7695
-2920	-10230	-7598
-3015	-10230	-7551
-3015	-10230	-7692
-2705	-10230	-7757
-2485	-10230	-7476
-2705	-10230	-7520
-2705	-10230	-7343
-2705	-10230	-7575
-2600	-10230	-7598
-2685	-10230	-7670
-2685	-10230	-7648
-2685	-10230	-7684
-2805	-10230	-7715
-1695	-10230	-7539
-1195	-10230	-7664
-3020	-10230	-7610
-3020	-10230	-7641
-3020	-10230	-7464
-3020	-10230	-7418
-2830	-10230	-7806
-3015	-10230	-7587
-3015	-10230	-7490
-2785	-10230	-7719
-2410	-10230	-7659
-2410	-10230	-7657
-3015	-10230	-7906
-2525	-10230	-7803
-3255	-10230	-7600
-2850	-10230	-7518
-2785	-10230	-7606
-2785	-10230	-7283
-2885	-10230	-7472
-2915	-10230	-7457
-2920	-10230	-7796
-3020	-10230	-7775
-2920	-10230	-7558
-2550	-10230	-7616
-2920	-10230	-7703
-2850	-10230	-7579
-2830	-10230	-7334
-2805	-10230	-7156
-2785	-10230	-7535
1100	-10230	-7483
290	-10230	-7429
290	-10230	-7616
-3020	-10230	-7579
-2515	-10230	-7566
-2615	-10230	-7494
-2785	-10230	-7363
-2785	-10230	-7318
-2615	-10230	-7445
-2615	-10230	-7450
-2615	-10230	-7776
-2085	-10230	-7252
-2320	-10230	-7204
-2285	-10230	-7213
-2405	-10230	-7556
-2685	-10230	-7257
-2845	-10230	-7615
-2445	-10230	-7593
-2615	-10230	-7342
-2920	-10230	-7619
-2805	-10230	-7157
-2805	-10230	-7431
-2685	-10230	-7479
-2685	-10230	-7498
-3015	-10230	-7616
-3020	-10230	-7498
-2750	-10230	-7220
-2815	-10230	-7506
-3020	-10230	-7281
-3020	-10230	-7164
-2845	-10230	-7099
-3020	-10230	-7320
-3020	-10230	-7534
-3020	-10230	-7465
-2825	-10230	-7298
-2850	-10230	-7408
-2615	-10230	-7243
-2685	-10230	-7215
-2785	-10230	-7386
-2385	-10230	-7532
-2385	-10230	-7256
-1985	-10230	-7251
-2320	-10230	-7065
-2685	-10230	-7297
-2805	-10230	-7368
-2685	-10230	-7418
-2805	-10230	-7125
1385	-10230	-7197
1385	-10230	-7363
1385	-10230	-7177
1385	-10230	-7259
1385	-10230	-6922
1385	-10230	-7421
-2320	-10230	-7435
-325	-10230	-7147
-2585	-10230	-7495
-3020	-10230	-7560
-3020	-10230	-7386
-2850	-10230	-7534
-2850	-10230	-7378
-3250	-10230	-7367
-2615	-10230	-7674
-2785	-10230	-7662
-2785	-10230	-7622
-2685	-10230	-7406
-2700	-10230	-7415
-2850	-10230	-7145
-2805	-10230	-7243
-3230	-10230	-7357
-3020	-10230	-7307
-2405	-10230	-7289
-2410	-10230	-7334
-2720	-10230	-7552
-2720	-10230	-7723
-2410	-10230	-7729
-2320	-10230	-7506
-2340	-10230	-7532
-3020	-10230	-7269
-3020	-10230	-7447
-2910	-10230	-7085
-2175	-10230	-7384
-2805	-10230	-7342
-2785	-10230	-7329
-2685	-10230	-6998
-2685	-10230	-7101
-2515	-10230	-7592
-2685	-10230	-7460
-3020	-10230	-7105
1335	-10230	-7403
-2385	-10230	-7189
-2485	-10230	-7571
1045	-10230	-7290
-2920	-10230	-6935
-2785	-10230	-7223
-2785	-10230	-7258
-2785	-10230	-6945
-2805	-10230	-6887
-3015	-10230	-7061
-2820	-10230	-7074
-2920	-10230	-7154
-2920	-10230	-7192
-2750	-10230	-7032
-2585	-10230	-7392
-2685	-10230	-7069
-2685	-10230	-7032
-2620	-10230	-7210
-2600	-10230	-7290
-2585	-10230	-7326
-2685	-10230	-6917
-2920	-10230	-7471
-3255	-10230	-7200
-2920	-10230	-7142
-2685	-10230	-7051
-2785	-10230	-7308
-2450	-10230	-7245
-2700	-10230	-7040
-2515	-10230	-7141
-1585	-10230	-6951
-2315	-10230	-7109
-2000	-10230	-7124
-1985	-10230	-7233
-2920	-10230	-7181
-3020	-10230	-6993
-3020	-10230	-7072
-3020	-10230	-7179
-3015	-10230	-7297
-3015	-10230	-6929
-2620	-10230	-7514
-2620	-10230	-7299
-2620	-10230	-7344
-2815	-10230	-7216
-2585	-10230	-7361
-2285	-10230	-7364
-2585	-10230	-7197
-1975	-10230	-7136
-2785	-10230	-7156
-2605	-10230	-7391
-3015	-10230	-7020
-2920	-10230	-7412
-2485	-10230	-7091
-2485	-10230	-7088
-2850	-10230	-7132
-2320	-10230	-7199
-2615	-10230	-6641
-2615	-10230	-7000
-2685	-10230	-6964
-2685	-10230	-6681
-2195	-10230	-7191
-2635	-10230	-7062
-2315	-10230	-7093
-2320	-10230	-7165
-2320	-10230	-6913
-2845	-10230	-7000
-2920	-10230	-6921
-2785	-10230	-6867
-2785	-10230	-7107
-2820	-10230	-7066
-2620	-10230	-7077
-3020	-10230	-7252
-3020	-10230	-7088
-2820	-10230	-6978
-2820	-10230	-7202
-2910	-10230	-7435
-2800	-10230	-7309
-2700	-10230	-7298
-2700	-10230	-7023
-2785	-10230	-6810
-2405	-10230	-6991
-2405	-10100	-6598
-2405	-10230	-6918
-2405	-10230	-6838
-2405	-10230	-6951
-2195	-10230	-7209
-2175	-10230	-6975
-2405	-10230	-7124
-2405	-10230	-7099
-2410	-10230	-7228
-2785	-10230	-7083
-2550	-10230	-7100
-2275	-10230	-7381
-2075	-10230	-6581
-2320	-10230	-6995
-2320	-10230	-6893
-2320	-10230	-6508
-2105	-10230	-7009
-2105	-10230	-7021
-2530	-10230	-7211
-2530	-10230	-7085
-2410	-10230	-6784
-2410	-10230	-6909
-2320	-10230	-7206
-2085	-10230	-6775
-2085	-10230	-6949
-2785	-10230	-6940
-2830	-10230	-6721
-2785	-10230	-7033
-2175	-10230	-6889
-2175	-10230	-6615
-2595	-10230	-6794
-2320	-10230	-6658
-2105	-10230	-6814
-2615	-10230	-6936
-2175	-10230	-6831
-2175	-10230	-6762
-2620	-10230	-6932
1100	-10230	-6658
1100	-10230	-6920
-2585	-10230	-6752
-1725	-10230	-6850
-2705	-10230	-7186
-2585	-10230	-7021
-2130	-10230	-6918
-1990	-10230	-6713
-2750	-10230	-7118
-2685	-10230	-6848
-2685	-10230	-6927
-2820	-10230	-6959
-2175	-10230	-6764
-2175	-10230	-6821
-2175	-10230	-6611
-2195	-10230	-6783
-2195	-10230	-6644
-2195	-10230	-6576
-2410	-10230	-6704
-2410	-10095	-6779
-2410	-10230	-6663
-2405	-10230	-6551
-2320	-10230	-6461
-2320	-10230	-6417
-2920	-10230	-6435
290	-10230	-6617
290	-10230	-6583
-2920	-10230	-6794
-2850	-10230	-6631
-2320	-10230	-6569
-2700	-10230	-6757
-2595	-10230	-6869
-2410	-10230	-7001
-2410	-10230	-6901
-2320	-10230	-6330
-2410	-10095	-6691
-2410	-10230	-6646
-2615	-10230	-7003
-2515	-10230	-6692
-2515	-10230	-6913
-2215	-10230	-6696
-2615	-10230	-6694
-2085	-10230	-6411
-2085	-10230	-6381
-2085	-10230	-6232
-2085	-10230	-6404
-2320	-10230	-6621
-2315	-10230	-6591
-2320	-10230	-6499
-2320	-10230	-6827
-2320	-10230	-6674
-2320	-10230	-6736
-2085	-10230	-6653
-2085	-10230	-6785
-2085	-10230	-6809
-2085	-10230	-6513
-2085	-10230	-6607
-2085	-10230	-6649
-2085	-10230	-6619
-2085	-10230	-6536
-1825	-10230	-6540
-1825	-10230	-6568
-1825	-10230	-6415
-1825	-10230	-6447
-2080	-10230	-6785
-2630	-10230	-6818
-2515	-10095	-6553
-2075	-10230	-6490
-2410	-10230	-6848
-2320	-10230	-6591
-2410	-10230	-6592
-2410	-10230	-6782
-2410	-10230	-6812
-2410	-10230	-6872
575	-10230	-6864
575	-10230	-6809
-2920	-10230	-6399
485	-10230	-6657
675	-10230	-6764
275	-10230	-6414
415	-10230	-6758
-2175	-10230	-6693
-2320	-10230	-6800
-1790	-10230	-6468
-2530	-10230	-6448
-2410	-10230	-6438
-2320	-10230	-6761
-2320	-10230	-6440
-2385	-10230	-6609
-2385	-10230	-6602
-2385	-10230	-6823
-2385	-10230	-6630
-2785	-10230	-6698
-2820	-10230	-6672
-2995	-10230	-6981
-2615	-10230	-6875
-2715	-10230	-6713
-2315	-10230	-6572
-2315	-10230	-6735
-2315	-10230	-6363
-2195	-10230	-6408
-2315	-10230	-6557
-1385	-10230	-6257
-2615	-10230	-5990
-2825	-10095	-6181
-2825	-10230	-6823
-2410	-10230	-6509
-2515	-10230	-6414
-2515	-10230	-6551
-2515	-10095	-6663
-2515	-10230	-6791
-2075	-10230	-6177
-2075	-10230	-6287
-2075	-10230	-6422
-2075	-10095	-6040
-2075	-10095	-6034
-2085	-10230	-6270
-2020	-10230	-6260
-1975	-10095	-6346
-1985	-10230	-5867
-1985	-10095	-6056
-1985	-10230	-6175
-2320	-10230	-6151
-2085	-10230	-6043
-2085	-10230	-6332
-2320	-10230	-6444
-2445	-10230	-6378
-2585	-10230	-6047
-2720	-9690	-6064
-2410	-10230	-6199
-2045	-10230	-6253
-2410	-10230	-6070
-2320	-9995	-6112
-2385	-10095	-6274
-2530	-10230	-6100
-2780	-10095	-5829
-2320	-10095	-6034
-2535	-10230	-6186
-2320	-10230	-6439
-2615	-10230	-6048
-2785	-10230	-5941
-2320	-10230	-6234
290	-10230	-5766
290	-10095	-5829
290	-10230	-5864
290	-10095	-5984
290	-10230	-6103
290	-10230	-6092
290	-10230	-5626
290	-10230	-5662
1100	-10230	-5595
1335	-10095	-6028
1335	-10230	-6281
1315	-10230	-5982
1100	-10230	-6165
1105	-10230	-6018
1435	-10230	-5964
1435	-10095	-5699
1505	-10230	-5369
1435	-10095	-5212
1505	-10095	-4973
1505	-10230	-4948
1335	-10095	-4618
2025	-10230	-5100
1525	-10230	-5523
1435	-10230	-5251
1435	-9555	-5025
1335	-10230	-5053
1735	-10230	-4870
1635	-10095	-5176
1635	-10230	-5463
1635	-10230	-5453
1840	-10095	-5075
1945	-9960	-5063
1635	-10230	-4820
1635	-10230	-4778
1635	-10230	-4868
1635	-10230	-4959
1505	-10230	-5585
1315	-10230	-5899
1435	-10095	-5946
2035	-10230	-5993
2035	-10230	-5712
1535	-10230	-5561
1735	-10230	-5256
1635	-10230	-4895
1635	-9825	-4753
2155	-10230	-4777
2155	-10230	-4358
2155	-10230	-5095
2155	-10230	-5013
1945	-10095	-4872
2035	-9420	-4667
2035	-9825	-5213
2035	-10230	-4806
2035	-10230	-4904
2035	-9960	-4973
2035	-10230	-4560
1735	-10095	-4665
1735	-10095	-4466
1945	-10095	-4487
1735	-10095	-4106
1735	-10230	-4542
1945	-10230	-4654
1945	-10230	-4767
1535	-10230	-5311
1535	-10230	-4774
1735	-10230	-4784
1315	-10230	-4421
1945	-10230	-4609
1945	-10230	-4343
1945	-10230	-4566
2035	-10095	-4309
2035	-10095	-4502
1945	-9555	-4914
1945	-10095	-4761
1945	-9960	-4549
1335	-10230	-4949
1335	-10095	-4761
1335	-9960	-4402
1335	-10230	-4710
1335	-10095	-4744
1335	-10230	-4508
1335	-10230	-4651
1435	-10230	-4721
1505	-9960	-4262
1505	-10095	-4421
2035	-10230	-4624
2035	-10230	-4759
2035	-9825	-4766
1635	-10230	-4558
1945	-10230	-4650
1535	-9825	-4841
1535	-9960	-4386
1535	-9995	-4357
1535	-10095	-4326
1435	-10095	-4300
1435	-10230	-5009
1435	-10230	-4621
1435	-10095	-4775
1435	-10095	-4517
1435	-10230	-4584
1435	-10230	-4107
1505	-10095	-4005
1505	-10095	-4180
1505	-10230	-4406
1505	-10095	-4120
1945	-9420	-4021
1505	-10230	-4510
1420	-10095	-4908
1420	-10230	-4657
1435	-10230	-3973
1505	-10230	-4114
1505	-10230	-3874
1535	-10230	-4457
1535	-10095	-4550
1535	-10230	-4426
1935	-10230	-4079
2035	-10095	-4176
2035	-10230	-4323
2035	-9960	-4274
2035	-10095	-4255
2035	-10095	-4076
2035	-10230	-4609
2035	-10230	-4733
2035	-10230	-4125
2035	-10095	-4235
2035	-10095	-4371
1505	-10230	-3902
1505	-10095	-4171
1335	-10230	-4619
1435	-10230	-4565
1435	-9690	-4049
1535	-10095	-4251
1535	-10230	-4224
1535	-10095	-3750
1535	-10095	-4195
1435	-10095	-4244
1435	-10095	-3831
1435	-9960	-3810
1535	-10230	-4109
1535	-10230	-3923
2035	-10095	-3855
2035	-9960	-3891
2035	-10230	-3926
1335	-10095	-3777
1335	-10230	-4061
1335	-10230	-4088
1435	-10230	-4388
2035	-9825	-4109
2035	-9690	-4204
2035	-10095	-3959
1335	-9960	-3482
1335	-10230	-4055
2035	-10230	-3982
2035	-10095	-3811
2035	-10095	-4180
2035	-10230	-4404
2035	-9960	-4083
2035	-10230	-3687
2035	-10230	-4120
2035	-9825	-3551
2035	-10230	-3982
1505	-10230	-4370
1505	-10230	-4149
1505	-10095	-3443
1535	-10230	-3579
1635	-10095	-3352
2035	-10230	-3708
2035	-9960	-3975
2035	-9415	-3803
1945	-9960	-3973
1945	-10095	-3896
1945	-10230	-3969
1945	-10230	-3612
1945	-10230	-3217
1945	-10230	-3701
1945	-9420	-3562
1945	-9555	-3719
2035	-10095	-3989
2035	-10230	-4008
2035	-9690	-3766
2035	-9555	-3450
2035	-10230	-3523
2035	-10230	-3786
1945	-10095	-3542
1945	-9420	-3455
1945	-10230	-3731
1945	-10230	-3502
1945	-9825	-3253
1945	-10095	-3614
1945	-10095	-3791
1945	-10230	-4038
1945	-10230	-3377
1945	-10230	-3717
1435	-10230	-3796
1435	-10095	-4126
1435	-10230	-3803
2035	-10230	-3787
2035	-10230	-4228
2035	-10095	-3353
2035	-10230	-3503
2035	-10095	-3539
2035	-10095	-3381
2035	-10230	-3279
2035	-9825	-3208
2035	-10230	-3255
2035	-9960	-3869
2035	-10230	-3061
2035	-10230	-3550
2035	-10095	-3410
2035	-9825	-3486
2035	-10095	-3602
2035	-10095	-3129
2035	-10230	-3384
2035	-9825	-3471
2035	-10095	-3215
2035	-9420	-3362
2035	-9205	-3575
2035	-10095	-3012
2035	-10095	-2970
2035	-9420	-3401
5740	-9690	-2857
2035	-10095	-3177
2035	-10230	-3164
2035	-9690	-2930
2035	-9825	-3054
2035	-9420	-3183
2035	-9610	-3374
2035	-10095	-3415
2035	-9960	-3480
2035	-10230	-2971
2035	-10095	-3336
2035	-9825	-3522
2035	-10095	-3466
2035	-10230	-2938
2035	-9420	-2897
2035	-9420	-3474
2035	-10095	-3369
2035	-9690	-2919
2035	-10230	-2966
2035	-10095	-2725
2035	-9825	-2644
2035	-9420	-3121
2035	-10095	-3124
2035	-9285	-3208
2035	-9690	-3122
2035	-10230	-2961
2035	-9555	-2647
2035	-10230	-2883
2035	-10095	-2960
2035	-9825	-2715
2035	-9960	-2899
2035	-9825	-2965
2035	-9415	-2634
2035	-9825	-2512
2035	-9825	-3009
2035	-9555	-2514
2035	-10095	-3053
2035	-10095	-2780
2035	-10095	-3367
2035	-9960	-2845
2035	-9555	-2783
2035	-9420	-2590
2035	-10095	-3364
2035	-10230	-2761
2035	-9420	-2186
2035	-9825	-2153
2035	-9285	-2491
2035	-10095	-2629
2035	-10095	-2079
2035	-9825	-2943
2085	-10230	-2638
2035	-9420	-2248
2035	-10095	-2744
2035	-9825	-2636
2035	-10095	-2872
1945	-9280	-2741
1945	-9415	-2473
2035	-9960	-2620
2035	-10095	-2302
2035	-9825	-2741
2035	-9690	-2546
2035	-9085	-2550
2035	-9960	-2777
2035	-10230	-2797
2035	-9555	-2733
2035	-10230	-2658
2035	-9825	-2717
2035	-10230	-2408
2035	-10095	-2339
2035	-10095	-2225
2035	-9690	-2165
2035	-10095	-2677
2035	-10230	-3017
2035	-9420	-2765
2035	-9690	-2646
2035	-9415	-2308
2035	-9555	-2643
2035	-9285	-2499
1945	-10230	-2420
1945	-10230	-2071
1945	-10095	-2792
1945	-10230	-2470
1945	-9185	-2494
2035	-9010	-2186
2035	-9825	-2530
2035	-10095	-2249
2035	-10095	-3010
2035	-9555	-2188
2035	-10095	-2384
2035	-10095	-2227
2035	-10095	-2250
2035	-9790	-2239
2035	-10095	-2508
2035	-10230	-2425
2155	-10095	-2007
2155	-8915	-2298
2155	-9555	-2174
2035	-10230	-2687
2035	-9825	-2429
2035	-10095	-2536
2035	-9960	-2526
2035	-10230	-2411
2035	-10095	-2588
2035	-10095	-2936
2035	-10230	-2639
2035	-9690	-2456
2035	-9960	-2141
2035	-10230	-2206
2035	-9015	-1973
2035	-9555	-2218
2035	-9960	-1988
2035	-9100	-1983
2035	-10095	-2003
2035	-9825	-1533
2035	-8780	-1804
2035	-10230	-1716
2035	-8880	-2037
2035	-9285	-1820
2035	-9690	-1940
2035	-9285	-1592
2035	-9285	-1679
2035	-9825	-1317
2035	-9825	-1556
2035	-10230	-1841
2035	-8875	-1446
2035	-8950	-1577
2035	-10230	-1897
2035	-9070	-1895
2035	-9050	-1748
2035	-9960	-2097
2035	-9050	-1987
2035	-10230	-2270
2035	-9420	-2160
2035	-9960	-1955
2035	-9205	-1620
2035	-8745	-1301
2100	-9420	-1950
2100	-9690	-1201
2035	-9285	-1112
2035	-8985	-906
2035	-9420	-857
2035	-8475	-1442
2035	-10230	-1247
2035	-9015	-978
2035	-8375	-1380
2035	-10095	-1544
2035	-9415	-1858
2035	-9555	-1673
2035	-10095	-1784
2035	-9420	-2133
2035	-9420	-1650
2035	-9420	-1372
2035	-9085	-1074
2035	-8880	-1384
2035	-10095	-1280
2035	-9825	-1413
2035	-8880	-1422
2035	-9825	-1137
2035	-9070	-1044
2035	-9555	-1296
2035	-9150	-1453
2035	-10095	-1109
2035	-9280	-962
2035	-8880	-1318
2035	-8745	-1434
2035	-9825	-868
2035	-8880	-1012
2035	-8880	-889
2035	-8815	-1059
2035	-8985	-787
2035	-9415	-1032
2035	-9070	-1001
2035	-9070	-792
2035	-8645	-1253
2035	-8875	-557
2035	-8880	-1019
2035	-8915	-731
2280	-9015	-1109
2280	-10095	-835
2280	-9690	-826
5170	-8885	-916
5170	-9690	-676
5740	-8485	-557
5740	-8880	-46
5740	-9205	314
5740	-8915	749
5740	-7360	1079
5740	-8340	1240
5740	-8965	643
5740	-8880	1155
5740	-10230	990
5740	-9690	909
5740	-9690	825
5740	-8515	891
5740	-10095	657
5740	-7155	1367
5740	-8875	1297
5740	-9150	1295
5740	-10095	1207
5740	-9825	1617
5740	-8860	2079
5740	-8880	1476
5740	-9420	2125
5740	-8070	2168
5740	-7740	2058
5740	-9420	1696
5740	-7925	2355
5740	-8045	1845
5740	-9825	1649
5740	-8170	1793
5740	-8665	2398
5740	-9050	2100
5740	-8695	2260
5740	-7755	2647
5740	-8745	1561
5740	-6845	1627
5740	-8740	2047
5740	-9015	1691
5740	-8880	2260
5740	-7735	2025
5740	-9415	1894
5740	-8880	1716
5740	-8995	2087
5740	-10095	1989
5740	-8985	1672
5740	-9185	2020
5740	-9825	1837
5740	-9015	1982
5740	-8380	1496
5740	-8880	1767
5740	-9280	2322
5740	-8070	2348
5740	-8880	2462
5740	-8880	2024
5740	-10095	2128
5740	-8375	2359
5740	-8395	2199
5740	-8065	2150
5740	-7835	2350
5740	-8470	2473
5740	-8880	2227
5740	-7440	2496
5740	-8260	2264
5740	-8070	2341
5740	-8340	2345
5740	-8070	2443
5740	-7300	2647
5740	-8240	2316
5740	-8605	2315
5740	-9285	1793
5740	-7870	2538
5740	-7730	2289
5740	-8880	2604
5740	-8915	2182
5740	-8880	2425
5740	-7700	2639
5740	-8880	2119
5740	-8200	2577
5740	-8880	2217
5740	-9420	2250
5740	-8745	2377
5740	-7440	2582
5740	-8480	2913
5740	-9050	2821
5740	-7625	3118
5740	-8105	3154
5740	-8745	3193
5740	-8240	3003
5740	-4875	2851
5740	-8475	2667
5740	-8475	2841
5740	-7220	2852
5740	-8510	3075
5740	-7760	3279
5740	-5990	3035
5740	-8875	3079
5740	-7815	2903
5740	-8745	2902
5740	-8880	2762
5740	-8340	2568
5740	-8665	3180
5740	-9690	3188
5740	-8180	3336
5740	-8390	2604
5740	-8205	2798
5740	-9285	3260
5740	-8740	3174
5740	-8240	3223
5740	-7330	2768
5740	-9280	2772
5740	-8915	3200
5740	-8950	2664
5740	-7535	2683
5740	-7195	3417
5740	-8340	3232
5740	-8065	3378
5740	-8510	3548
5740	-5335	3430
5740	-8065	3188
5740	-4740	3452
5740	-8880	3279
5740	-6325	3530
5740	-7700	3722
5740	-8605	3479
5740	-7700	3168
5740	-6525	3709
5740	-8185	3484
5740	-7635	3355
5740	-7305	3709
5740	-9280	3343
5740	-8645	3766
5740	-8950	3123
5740	-6925	3337
5740	-8275	3706
5740	-4780	3494
5740	-8780	3331
5740	-8475	3314
5740	-4780	3579
5740	-7855	3462
5740	-8995	3302
5740	-4605	3569
5740	-8065	3284
5740	-9555	3023
5740	-7220	3520
5740	-7330	3892
5740	-6630	3977
5740	-5985	3747
5740	-3835	3824
5740	-4470	3940
5740	-6520	3913
5740	-8950	3883
5740	-6305	3740
5740	-5985	3936
5740	-3820	4518
5740	-7645	4050
5740	-4250	4021
5740	-8320	4269
5740	-6525	4207
5740	-7700	3842
5740	-6630	3930
5740	-6415	4229
5740	-8890	3893
5740	-6100	4313
5740	-6520	3684
5740	-6310	3885
5740	-6945	3990
5740	-6630	4191
5740	-7195	3644
5740	-8745	3766
5740	-7665	4299
5740	-7565	4091
5740	-4335	4332
5740	-8040	3922
5740	-6305	3986
5740	-8290	4224
5740	-6285	4404
5740	-4525	4447
5740	-6145	4561
5740	-7770	4713
5740	-3525	4551
5740	-7195	4804
5740	-8780	4239
5740	-3985	4333
5740	-8070	4466
5740	-6285	4480
5740	-8650	4554
5740	-4215	4774
5740	-7195	4552
5740	-3465	4890
5740	-3610	4418
5740	-3430	4560
5740	-4605	4469
5740	-7340	4422
5740	-4645	4372
5740	-4200	4345
5740	-3430	4816
5740	-4645	4650
5740	-4740	4492
5740	-4105	4296
5740	-4930	4656
5740	-3935	4523
5740	-9085	4568
5740	-8340	4569
5740	-4660	4372
5740	-3850	4771
5740	-7835	4515
5740	-3850	5211
5740	-3430	5043
5740	-3430	5036
5740	-8880	5262
5740	-6185	5196
5740	-3635	5289
5740	-7890	5072
5740	-1990	5214
5740	-3430	5194
5740	-3430	5156
5740	-3885	5147
5740	-2310	5298
5740	-3430	5203
5740	-3930	5240
5740	-3430	4796
5740	-3430	4805
5740	-3430	5176
5740	-1880	5198
5740	-1990	5220
5740	-2385	5113
5740	-3325	5236
5740	-7440	4795
5740	-4255	5128
5740	-3465	5073
5740	-3430	5158
5740	-3320	5182
5740	-6655	4946
5740	-3430	5006
5740	-4525	5193
5740	-2535	5058
5740	-3785	5255
5740	5740	5740
5740	5740	5740
5740	5740	5740
5740	5740	5740
5740	5740	5740
5740	5740	5740
5740	5740	5740
5740	5740	5740
5740	5740	5740
5740	5740	5740
5740	5740	5740
5740	5740	5740
5740	5740	5740
5740	5740	5740
5740	5740	5740
5740	5740	5740
5740	5740	5740
5740	5740	5740
5740	5740	5740
5740	5740	5740
5740	5740	5740
5740	5740	5740
5740	5740	5740
5740	5740	5740
5740	5740	5740
5740	5740	5740
5740	5740	5740
5740	5740	5740
5740	5740	5740
5740	5740	5740
5740	5740	5740
5740	5740	5740
5740	5740	5740
5740	5740	5740
5740	5740	5740
5740	5740	5740
5740	5740	5740
5740	5740	5740
5740	5740	5740
5740	5740	5740
5740	5740	5740
5740	5740	5740
5740	5740	5740
5740	5740	5740
5740	5740	5740
5740	5740	5740
5740	5740	5740
5740	5740	5740
5740	5740	5740
5740	5740	5740
5740	5740	5740
5740	5740	5740
5740	5740	5740
5740	5740	5740
5740	5740	5740
5740	5740	5740
5740	5740	5740
5740	5740	5740
5740	5740	5740
5740	5740	5740
5740	5740	5740
5740	5740	5740
5740	5740	5740
5740	5740	5740
5740	5740	5740
5740	5740	5740
5740	5740	5740
5740	5740	5740
5740	5740	5740
5740	5740	5740
5740	5740	5740
5740	5740	5740
5740	5740	5740
5740	5740	5740
5740	5740	5740
5740	5740	5740
5740	5740	5740
5740	5740	5740
5740	5740	5740
5740	5740	5740
5740	5740	5740
5740	5740	5740
5740	5740	5740
5740	5740	5740
5740	5740	5740
5740	5740	5740
5740	5740	5740
5740	5740	5740
5740	5740	5740
5740	5740	5740
5740	5740	5740
5740	5740	5740
5740	5740	5740
5740	5740	5740
5740	5740	5740
5740	5740	5740
5740	5740	5740
5740	5740	5740
5740	5740	5740
5740	5740	5740
5740	5740	5740
5740	5740	5740
5740	5740	5740
5740	5740	5740
5740	5740	5740
5740	5740	5740
5740	5740	5740
5740	5740	5740
5740	5740	5740
5740	5740	5740
5740	5740	5740
5740	5740	5740
5740	5740	5740
5740	5740	5740
5740	5740	5740
5740	5740	5740
5740	5740	5740
5740	5740	5740
5740	5740	5740
5740	5740	5740
5740	5740	5740
5740	5740	5740
5740	5740	5740
5740	5740	5740
5740	5740	5740
5740	5740	5740
5740	5740	5740
5740	5740	5740
5740	5740	5740
5740	5740	5740
5740	5740	5740
5740	5740	5740
5740	5740	5740
5740	5740	5740
5740	5740	5740
5740	5740	5740
5740	5740	5740
5740	5740	5740
5740	5740	5740
5740	5740	5740
5740	5740	5740
5740	5740	5740
5740	5740	5740
5740	5740	5740
5740	5740	5740
5740	5740	5740
5740	5740	5740
5740	5740	5740
5740	5740	5740
5740	5740	5740
5740	5740	5740
5740	5740	5740
5740	5740	5740
5740	5740	5740
5740	5740	5740
5740	5740	5740
5740	5740	5740
5740	5740	5740
5740	5740	5740
5740	5740	5740
5740	5740	5740
5740	5740	5740
5740	5740	5740
5740	5740	5740
5740	5740	5740
5740	5740	5740
5740	5740	5740
5740	5740	5740
5740	5740	5740
5740	5740	5740
5740	5740	5740
5740	5740	5740
5740	5740	5740
5740	5740	5740
5740	5740	5740
5740	5740	5740
5740	5740	5740
5740	5740	5740
5740	5740	5740
5740	5740	5740
5740	5740	5740
5740	5740	5740
5740	5740	5740
5740	5740	5740
5740	5740	5740
5740	5740	5740
5740	5740	5740
5740	5740	5740
5740	5740	5740
5740	5740	5740
5740	5740	5740
5740	5740	5740
5740	5740	5740
5740	5740	5740
5740	5740	5740
5740	5740	5740
5740	5740	5740
5740	5740	5740
5740	5740	5740
5740	5740	5740
5740	5740	5740
5740	5740	5740
5740	5740	5740
5740	5740	5740
5740	5740	5740
5740	5740	5740
5740	5740	5740
5740	5740	5740
5740	5740	5740
5740	5740	5740
5740	5740	5740
5740	5740	5740
5740	5740	5740
5740	5740	5740
5740	5740	5740
5740	5740	5740
5740	5740	5740
5740	5740	5740
5740	5740	5740
5740	5740	5740
5740	5740	5740
5740	5740	5740
5740	5740	5740
5740	5740	5740
5740	5740	5740
5740	5740	5740
5740	5740	5740
5740	5740	5740
5740	5740	5740
5740	5740	5740
5740	5740	5740
5740	5740	5740
5740	5740	5740
5740	5740	5740
5740	5740	5740
5740	5740	5740
5740	5740	5740
5740	5740	5740
5740	5740	5740
5740	5740	5740
5740	5740	5740
5740	5740	5740
5740	5740	5740
5740	5740	5740
5740	5740	5740
5740	5740	5740
5740	5740	5740
5740	5740	5740
5740	5740	5740
5740	5740	5740
5740	5740	5740
5740	5740	5740
5740	5740	5740
5740	5740	5740
5740	5740	5740
5740	5740	5740
5740	5740	5740
5740	5740	5740
5740	5740	5740
5740	5740	5740
5740	5740	5740
5740	5740	5740
5740	5740	5740
5740	5740	5740
5740	5740	5740
5740	5740	5740
5740	5740	5740
5740	5740	5740
5740	5740	5740
5740	5740	5740
5740	5740	5740
5740	5740	5740
5740	5740	5740
5740	5740	5740
5740	5740	5740
5740	5740	5740
5740	5740	5740
5740	5740	5740
5740	5740	5740
5740	5740	5740
5740	5740	5740
5740	5740	5740
5740	5740	5740
5740	5740	5740
5740	5740	5740
5740	5740	5740
5740	5740	5740
5740	5740	5740
5740	5740	5740
5740	5740	5740
5740	5740	5740
5740	5740	5740
5740	5740	5740
5740	5740	5740
5740	5740	5740
5740	5740	5740
5740	5740	5740
5740	5740	5740
5740	5740	5740
5740	5740	5740
5740	5740	5740
5740	5740	5740
5740	5740	5740
5740	5740	5740
5740	5740	5740
5740	5740	5740
5740	5740	5740
5740	5740	5740
5740	5740	5740
5740	5740	5740
5740	5740	5740
5740	5740	5740
5740	5740	5740
5740	5740	5740
5740	5740	5740
5740	5740	5740
5740	5740	5740
5740	5740	5740
5740	5740	5740
5740	5740	5740
5740	5740	5740
5740	5740	5740
5740	5740	5740
5740	5740	5740
5740	5740	5740
5740	5740	5740
5740	5740	5740
5740	5740	5740
5740	5740	5740
5740	5740	5740
5740	5740	5740
5740	5740	5740
5740	5740	5740
5740	5740	5740
5740	5740	5740
5740	5740	5740
5740	5740	5740
5740	5740	5740
5740	5740	5740
5740	5740	5740
5740	5740	5740
5740	5740	5740
5740	5740	5740
5740	5740	5740
5740	5740	5740
5740	5740	5740
5740	5740	5740
5740	5740	5740
5740	5740	5740
5740	5740	5740
5740	5740	5740
5740	5740	5740
5740	5740	5740
5740	5740	5740
5740	5740	5740
5740	5740	5740
5740	5740	5740
5740	5740	5740
5740	5740	5740
5740	5740	5740
5740	5740	5740
5740	5740	5740
5740	5740	5740
5740	5740	5740
5740	5740	5740
5740	5740	5740
5740	5740	5740
5740	5740	5740
5740	5740	5740
5740	5740	5740
5740	5740	5740
5740	5740	5740
5740	5740	5740
5740	5740	5740
5740	5740	5740
5740	5740	5740
5740	5740	5740
5740	5740	5740
5740	5740	5740
5740	5740	5740
5740	5740	5740
5740	5740	5740
5740	5740	5740
5740	5740	5740
5740	5740	5740
5740	5740	5740
5740	5740	5740
5740	5740	5740
5740	5740	5740
5740	5740	5740
5740	5740	5740
5740	5740	5740
5740	5740	5740
5740	5740	5740
5740	5740	5740
5740	5740	5740
5740	5740	5740
5740	5740	5740
5740	5740	5740
5740	5740	5740
5740	5740	5740
5740	5740	5740
5740	5740	5740
5740	5740	5740
5740	5740	5740
5740	5740	5740
5740	5740	5740
5740	5740	5740
5740	5740	5740
5740	5740	5740
5740	5740	5740
5740	5740	5740
5740	5740	5740
5740	5740	5740
5740	5740	5740
5740	5740	5740
5740	5740	5740
5740	5740	5740
5740	5740	5740
5740	5740	5740
5740	5740	5740
5740	5740	5740
5740	5740	5740
5740	5740	5740
5740	5740	5740
5740	5740	5740
5740	5740	5740
5740	5740	5740
5740	5740	5740
5740	5740	5740
5740	5740	5740
5740	5740	5740
5740	5740	5740
5740	5740	5740
5740	5740	5740
5740	5740	5740
5740	5740	5740
5740	5740	5740
5740	5740	5740
5740	5740	5740
5740	5740	5740
5740	5740	5740
5740	5740	5740
5740	5740	5740
5740	5740	5740
5740	5740	5740
5740	5740	5740
5740	5740	5740
5740	5740	5740
5740	5740	5740
5740	5740	5740
5740	5740	5740
5740	5740	5740
5740	5740	5740
5740	5740	5740
5740	5740	5740
5740	5740	5740
5740	5740	5740
5740	5740	5740
5740	5740	5740
5740	5740	5740
5740	5740	5740
5740	5740	5740
5740	5740	5740
5740	5740	5740
5740	5740	5740
5740	5740	5740
5740	5740	5740
5740	5740	5740
5740	5740	5740
5740	5740	5740
5740	5740	5740
5740	5740	5740
5740	5740	5740
5740	5740	5740
5740	5740	5740
