-9505 -7780 -8995
-4320 -10130 -8556
-5130 -9835 -8279
-5010 -9760 -8034
-4120 -9490 -7793
-4525 -9895 -7642
-2520 -9625 -7515
-2520 -9930 -7378
-2520 -9995 -7216
-2380 -9930 -6916
-2510 -9930 -6733
-2210 -9930 -6536
-2380 -10095 -6475
-2380 -9960 -6263
-2550 -9995 -6014
-2620 -9995 -6029
-2515 -9995 -5999
-2380 -9830 -5784
-1810 -9865 -5711
-1845 -9470 -5506
-2005 -9825 -5549
595 -9760 -5484
-1780 -9560 -5624
-1780 -9995 -5843
-275 -9440 -5310
-275 -9995 -5254
-275 -9860 -5154
255 -8935 -4933
255 -9610 -4921
440 -9960 -5123
1720 -10000 -4800
555 -9625 -4814
85 -9125 -4865
1255 -9285 -4819
1195 -9200 -4840
1195 -8890 -4635
1195 -9625 -4497
535 -9560 -4689
865 -8820 -4424
415 -9490 -4639
1280 -9725 -4657
1505 -9255 -4605
1085 -9130 -4582
1345 -9830 -4272
1085 -9210 -4274
1450 -8945 -4211
1345 -9220 -4353
2190 -9130 -4499
2160 -8960 -4588
1815 -8570 -4432
1425 -9860 -4646
1070 -9565 -4499
985 -9590 -4386
795 -9895 -4314
2040 -9605 -4480
2590 -9435 -4313
675 -9590 -4231
1180 -10030 -4368
810 -9760 -4482
800 -9425 -4438
1050 -8685 -4462
1175 -9520 -4662
1175 -9660 -4640
1175 -8900 -4466
1225 -9595 -4605
1195 -9360 -4713
1230 -9270 -4983
1230 -8825 -4931
1670 -8985 -4897
1725 -8725 -4758
1225 -9405 -4743
2555 -9200 -4563
1070 -9290 -4547
1370 -10130 -4845
2380 -9160 -4526
2380 -9570 -4708
1985 -8760 -4485
895 -8850 -4392
1500 -9605 -4350
1220 -9305 -4658
875 -9495 -4753
1740 -9725 -4690
1290 -9505 -4694
1320 -9330 -4635
765 -9360 -4374
1045 -9290 -4678
870 -9220 -4718
745 -9165 -4592
1495 -8840 -4122
815 -9430 -4074
385 -9090 -4337
780 -8980 -4145
535 -9995 -4058
210 -9360 -4175
745 -8875 -4210
1295 -9415 -4340
1295 -9625 -4484
1065 -8730 -4423
945 -9045 -4627
485 -8805 -4556
475 -9095 -4695
395 -9895 -4753
535 -8995 -4784
1095 -9265 -4867
1315 -9285 -5076
780 -9510 -4965
780 -9230 -4630
770 -9625 -4668
820 -9760 -4543
1635 -9570 -4348
1635 -9860 -4332
1635 -9035 -4614
1635 -9065 -4320
1545 -9270 -4428
1110 -8500 -4076
1110 -8890 -4249
515 -9075 -4187
235 -8950 -4407
400 -9190 -4442
820 -9865 -4424
165 -9180 -4365
1825 -9570 -4384
235 -8855 -4270
695 -8860 -4296
75 -9590 -4314
75 -8950 -4146
935 -8965 -4353
1135 -8815 -4206
780 -9135 -4174
780 -8995 -4384
560 -9015 -4337
-695 -9015 -4564
105 -9695 -4778
400 -9490 -4763
-50 -9330 -4662
140 -9440 -4743
10 -9375 -4665
-470 -8980 -4869
-200 -9205 -4829
790 -9390 -4718
-190 -9320 -4728
-30 -9525 -4688
-1060 -9305 -4742
-1495 -9350 -4661
-1495 -9075 -4792
-1495 -9130 -4735
1115 -8995 -4406
1385 -9405 -4769
-305 -9100 -4461
-240 -9445 -4470
-455 -8965 -4470
1125 -9690 -4605
1125 -9525 -4455
895 -8995 -4577
405 -9020 -4451
470 -9420 -4324
690 -8885 -4159
945 -10030 -4194
945 -8335 -4244
815 -9695 -4189
815 -8565 -4378
815 -9150 -4441
1105 -9625 -4449
1020 -9090 -4535
915 -9970 -4752
1020 -10030 -4461
1455 -9400 -4183
1605 -8300 -4208
1605 -9555 -4234
290 -9310 -4423
290 -10130 -4380
-145 -9900 -4411
775 -9455 -4492
-190 -9430 -4675
1305 -9460 -4699
1565 -9665 -4687
1565 -9150 -4629
1895 -9025 -4326
1460 -9595 -4518
1550 -9690 -4436
1310 -9395 -4569
755 -9200 -4345
535 -9590 -4307
485 -9165 -4363
1025 -8675 -4530
925 -9045 -4623
805 -9165 -4736
805 -9825 -4580
1605 -9100 -4400
1475 -9530 -4405
505 -8875 -4495
-55 -8965 -4437
-340 -9300 -4349
780 -9530 -4397
175 -9280 -4387
-490 -8885 -4294
40 -9335 -4509
-870 -8780 -4249
-270 -9660 -4642
-270 -9510 -4829
-270 -8585 -4561
95 -9335 -4560
95 -9335 -4688
-5 -8885 -4783
-5 -9180 -4642
-825 -9400 -4668
-1560 -9860 -4914
-585 -9995 -4885
-295 -9295 -4834
-670 -9560 -5068
-840 -8935 -4992
-1295 -9495 -4802
970 -9860 -4726
-1265 -8935 -4729
-1130 -9175 -4757
-180 -9140 -4728
1490 -9355 -4900
-970 -9085 -4648
1690 -9605 -4557
810 -9280 -4483
720 -9690 -4582
785 -9595 -4463
980 -9415 -4352
790 -8885 -4390
385 -9560 -4374
530 -9730 -4143
575 -9560 -3925
1070 -9995 -3947
1100 -9470 -4004
1100 -8650 -4222
1105 -9270 -3997
1190 -9995 -4179
1190 -8305 -3928
1585 -9185 -4202
1775 -8850 -3892
1125 -8475 -3939
790 -9075 -3932
-390 -9695 -4166
1445 -9795 -4046
1005 -9145 -4181
1025 -9155 -4186
830 -9095 -4210
830 -9180 -4180
1075 -9555 -4083
1205 -9110 -4097
1160 -8925 -4149
1175 -9760 -4107
1345 -9730 -4252
1345 -10095 -4132
1345 -9420 -3893
1345 -9555 -4099
1345 -9605 -4297
1275 -9265 -4013
1275 -9555 -4290
890 -9070 -4347
990 -9860 -4796
1375 -9960 -4824
1020 -9280 -4598
1040 -9170 -4687
1110 -8910 -4643
1765 -9345 -4663
1765 -9340 -4539
1895 -9625 -4409
1895 -9575 -3985
1895 -8960 -4302
1435 -9590 -4457
1435 -10065 -4310
1315 -9860 -4554
1905 -9185 -4303
1905 -9185 -4332
1705 -9830 -4325
1365 -9495 -4154
1045 -10230 -4405
1045 -9490 -4544
855 -9555 -4286
440 -9725 -4871
-430 -9370 -4870
1130 -9995 -4576
480 -9695 -4496
615 -9690 -4626
615 -9265 -4607
1650 -8830 -4266
1450 -9830 -4184
1405 -9190 -4251
1405 -8645 -4410
915 -9490 -3956
1005 -9635 -4352
1115 -9145 -4315
1335 -9150 -4258
1500 -8945 -4193
1500 -9305 -4452
1500 -8645 -4423
1500 -9415 -4348
1315 -9960 -4322
1315 -8935 -3990
1335 -9250 -3977
1335 -9285 -3891
1315 -9290 -3884
1505 -9960 -3563
1605 -8980 -3537
1405 -9690 -3689
1420 -9320 -3903
1945 -9690 -3405
2015 -9825 -3295
1505 -9690 -3544
1945 -9505 -3658
1945 -9490 -3746
1455 -8865 -3556
1635 -8730 -3306
1765 -9960 -3281
1765 -9150 -3522
1965 -9280 -3197
1765 -9265 -3359
1795 -8680 -2894
1775 -8750 -3208
1775 -9035 -3052
1775 -8900 -3007
1575 -8680 -3271
1510 -10000 -3634
1955 -9695 -3598
1895 -9555 -3626
1955 -9960 -3236
1275 -9435 -3190
1575 -9455 -3396
1640 -9690 -3165
1845 -9040 -2803
1640 -9050 -2407
1945 -8745 -2522
1945 -9165 -2063
2035 -9210 -1873
2035 -9205 -1693
2035 -9265 -1553
2035 -10095 -1371
1945 -8745 -1317
1945 -9420 -1128
1945 -9285 -1299
2035 -9280 -1614
2035 -9420 -1448
1965 -9185 -1313
2035 -9130 -1093
2035 -8620 -1031
2185 -9415 -1197
2065 -8610 -1517
1945 -9690 -1361
2035 -9285 -1299
2035 -8915 -1412
2035 -8995 -874
2085 -8105 -795
2035 -10095 -1261
2035 -9280 -1126
2035 -8455 -972
2085 -8440 -563
2085 -9690 -407
2165 -7900 11
2165 -8880 -296
2165 -8880 -215
2160 -8435 101
2035 -7395 369
2100 -8880 -117
2155 -8350 51
2100 -8650 -390
2295 -8915 -727
2295 -9045 -587
2295 -8245 -423
2295 -8260 -182
2295 -8380 14
2225 -7340 235
2035 -7970 4
2035 -8140 -401
2035 -8080 -248
2295 -7780 -273
2120 -9015 -106
2295 -7560 -71
2120 -7945 -217
3005 -7670 -29
3630 -9015 393
3630 -8985 100
3630 -8880 247
3430 -7440 292
2035 -9280 419
2035 -7035 202
2035 -8880 49
2035 -9040 22
2035 -8745 248
2035 -8880 284
2035 -7865 455
2035 -7835 443
2035 -9285 444
2035 -8475 298
2035 -8715 32
2100 -8215 295
2230 -9205 291
2230 -8510 -142
2230 -8475 27
2100 -7330 63
2100 -7405 28
2100 -9960 34
2035 -8880 110
2035 -7135 62
2035 -8500 -156
2100 -7550 336
2100 -7735 277
2150 -7485 15
2150 -8745 96
2150 -7675 -16
2100 -7870 -35
2100 -8280 -383
2100 -8080 8
2100 -10095 -26
2230 -8410 222
2035 -9015 97
2050 -8350 39
2050 -7400 407
2050 -7290 258
2085 -8375 182
2230 -7280 323
2035 -7675 -342
2035 -8350 -131
2035 -7440 74
2035 -8925 46
2035 -8370 119
2035 -8880 396
2035 -8485 -28
2145 -8935 406
2035 -7670 441
2035 -8880 119
2295 -8485 177
2360 -8485 101
2360 -8485 266
2360 -8885 -105
2360 -7515 312
2360 -8745 292
2360 -8075 144
2320 -7735 259
2100 -7940 401
2100 -8675 406
2100 -8350 191
2100 -8475 329
2100 -7625 694
2100 -9015 369
2100 -8280 527
2100 -8215 228
2125 -8475 494
2100 -8965 266
2100 -8955 244
2100 -8880 -55
2035 -9040 184
2035 -8350 470
2035 -7875 580
2095 -7675 395
2065 -8070 243
2065 -9285 -92
2065 -8350 122
2035 -7810 347
2035 -7305 377
2035 -8070 432
2035 -7675 485
2135 -9070 93
2035 -7810 477
2035 -8395 256
2135 -8130 273
2205 -9290 258
2100 -7565 314
2095 -8875 214
2295 -8340 4
2205 -8350 187
2205 -8350 -74
2205 -7760 359
2205 -7430 341
2155 -8080 432
2155 -8215 229
2155 -8780 173
2065 -7945 354
2035 -7675 255
2065 -8215 379
2065 -8550 278
2035 -8235 75
2035 -7945 192
2035 -8745 255
2035 -9555 73
2035 -8065 142
2035 -8935 52
2035 -8880 134
2035 -10095 -136
2035 -8080 260
2035 -7760 396
2200 -7945 233
2035 -8610 32
2035 -7690 183
2035 -7675 329
2230 -9050 293
2035 -8475 0
2035 -7810 329
2035 -7135 387
2035 -8745 399
2035 -7670 539
2035 -8485 623
2035 -9415 348
2035 -7330 436
2035 -8880 232
2220 -7135 368
2400 -8080 -82
2560 -7135 311
2560 -8080 184
2310 -8880 83
2705 -8280 -29
2705 -8850 313
2275 -7360 361
2275 -9825 163
3900 -7135 603
2610 -8880 338
2610 -8860 343
2130 -8745 37
2035 -8350 -186
2035 -7740 -44
2035 -7675 -46
2035 -8880 -226
2035 -8950 -66
2035 -9825 -91
2035 -7835 -62
2035 -9415 -40
2035 -8485 -402
2100 -8215 -17
2035 -8095 228
2035 -7945 316
2035 -8270 -233
2035 -8880 -38
2085 -7360 169
2235 -9015 232
2235 -8350 343
2235 -7540 310
2100 -7135 662
2100 -7135 663
2095 -8745 149
2035 -7945 133
2100 -8505 205
2100 -8485 -62
2100 -9010 99
2035 -7440 206
2035 -8645 177
2035 -7665 241
2135 -8880 316
2035 -8080 497
2035 -8455 332
2035 -8065 359
2035 -9825 -30
2035 -8780 68
2100 -7395 341
2100 -9015 43
2035 -8045 290
4280 -9285 427
4280 -8885 121
3835 -9960 111
2100 -7635 311
2095 -7225 376
2035 -7135 524
2035 -8280 71
2035 -7135 593
2035 -7470 527
2035 -8880 193
2100 -8880 284
2155 -9315 53
2155 -8485 -269
2155 -8200 -7
2155 -8880 71
2035 -8770 487
2035 -7540 371
2035 -8240 246
2225 -9690 132
2225 -7975 -93
2035 -8260 32
2035 -8745 64
2035 -7665 542
2035 -9420 154
2035 -8485 19
2035 -7665 223
2035 -9825 607
2035 -8780 473
2035 -8350 290
2100 -9150 312
2035 -8985 46
2035 -7440 516
2035 -7775 393
2050 -8895 172
2050 -7660 336
2050 -8745 83
2155 -7645 322
2225 -7690 501
2050 -8310 80
2115 -7585 427
2050 -9070 98
2050 -8600 218
2035 -8265 97
2100 -8340 246
2100 -8880 137
2035 -8070 164
2035 -8035 400
2035 -8350 190
2100 -8350 254
2100 -7330 356
2100 -7420 253
2035 -7135 343
2035 -7945 362
2035 -7005 670
2135 -7135 212
2135 -8645 126
2035 -8070 419
2230 -8550 231
2230 -8880 521
2230 -8215 515
2295 -8950 395
2295 -8845 544
2295 -7460 492
2295 -7230 576
2295 -8485 417
2295 -8880 432
2295 -7900 32
2295 -8815 -85
2275 -8350 231
2275 -8215 110
2035 -9420 527
2035 -7135 602
2035 -8340 385
2085 -8485 232
2035 -7325 328
2035 -7330 161
2035 -7305 546
2190 -7565 783
2235 -7135 671
2235 -8390 648
3835 -7440 822
3835 -7135 542
2035 -9825 299
2035 -9825 162
2035 -7340 534
2035 -7945 669
2035 -8880 318
2035 -7970 398
2035 -7135 355
2100 -8065 278
2035 -8880 54
2035 -7195 277
2035 -8880 468
2035 -8065 206
2035 -8780 77
2035 -7135 487
2035 -8610 290
2035 -8615 490
2035 -8715 255
2035 -7735 240
2100 -8115 102
2035 -7135 -131
2035 -8610 -82
2035 -8370 91
2085 -7635 269
2085 -8485 308
2100 -8395 201
2050 -8645 282
2050 -7145 517
2050 -7340 535
2035 -7665 558
2035 -8485 292
2035 -7760 418
2035 -7945 341
2035 -7035 589
2035 -7945 756
2035 -8350 558
2035 -7985 546
2100 -8205 294
2100 -8950 402
2100 -7330 567
2100 -9185 472
2100 -7550 691
2100 -7970 512
2100 -8485 218
2165 -9415 267
2135 -7835 569
2135 -7375 568
2135 -7670 384
2135 -9015 77
2130 -8880 244
2130 -7240 355
2225 -7540 420
2360 -9690 103
2360 -8155 276
2360 -8665 485
2360 -8390 280
2220 -8880 23
2035 -9690 482
2035 -8350 403
2035 -9010 62
2035 -8425 -113
2035 -9960 312
2035 -8880 203
2100 -7665 573
2100 -7760 477
2100 -8475 535
2100 -7535 553
2200 -8605 597
2200 -7305 733
2200 -8070 480
2200 -7135 1170
2200 -7665 1103
2200 -7220 914
2200 -7810 891
2200 -8065 881
2155 -8080 952
2035 -8610 1199
2035 -8455 1082
2035 -8105 1055
2035 -7135 817
2135 -7135 887
2035 -7850 966
2035 -7675 937
2035 -7440 1029
2035 -7735 728
2035 -7855 572
2035 -7675 682
2035 -7330 853
2230 -7645 920
2230 -8215 972
2230 -7540 924
2230 -8070 1103
2230 -8350 1075
2230 -7795 736
2230 -7135 891
2230 -7540 992
2230 -8200 829
2230 -8085 695
2230 -7675 779
2230 -8880 863
2230 -8475 916
2155 -8415 608
2155 -9185 868
2225 -6565 1143
2225 -7885 1263
2225 -7405 891
2155 -8475 880
2155 -7440 1014
2105 -7115 944
2105 -7425 1153
2105 -7810 1279
2105 -7135 1213
2155 -7680 1149
2155 -7135 1045
2155 -8350 962
2155 -7170 871
2155 -7340 1088
2155 -8610 930
2035 -8850 740
2085 -7910 1071
2085 -7135 1104
2085 -7205 1179
2035 -8140 1033
2035 -7945 1009
2035 -5585 1248
2035 -7535 862
2035 -7135 637
2035 -7035 982
2035 -8880 1042
2230 -7135 1023
2230 -7325 813
2230 -8485 924
2230 -6650 1016
2230 -7965 940
2230 -8880 805
2295 -8080 867
2295 -8880 1139
2295 -7135 1163
2295 -7665 886
2295 -6925 1145
2365 -7135 1115
2365 -6985 1071
2515 -7505 1004
2480 -7135 860
2295 -8350 950
2415 -7175 1202
2415 -7135 1019
2415 -7135 965
2420 -7615 746
2150 -7170 1018
2150 -6705 934
2150 -8485 783
2150 -7430 1181
2100 -7135 782
2100 -7135 925
2230 -7135 914
2135 -7875 916
2135 -8880 916
2100 -8215 777
2100 -7665 795
2335 -7305 793
2100 -8350 866
2100 -5695 1197
2100 -8475 808
2100 -7135 965
2100 -7240 1034
2100 -8350 1085
2100 -7380 730
2100 -7675 800
2035 -8475 919
2155 -7530 902
2155 -7255 553
2155 -8215 839
2155 -8880 1141
2155 -7760 1214
2155 -7675 1390
2155 -7135 1159
2155 -6315 983
2155 -7135 912
2155 -7135 990
2235 -7105 991
2235 -7875 807
2235 -6525 1198
2235 -7265 1307
2235 -6210 1347
2295 -5465 1283
2295 -7355 896
2365 -8475 999
2365 -8075 1102
2365 -7330 1119
2365 -7035 1202
2795 -7440 1112
2430 -8275 1305
2430 -8480 1142
2330 -7205 1254
2335 -7850 956
2335 -6940 1060
2335 -7855 1080
2335 -6935 1188
2300 -6935 893
2300 -7625 1295
2300 -6935 1312
2235 -7760 1009
2235 -7200 1111
2300 -7540 1116
2235 -7130 1245
2300 -6935 1290
2360 -8375 1383
2360 -8155 1096
2360 -6935 803
2360 -9255 964
2360 -6935 1234
2425 -7745 974
2360 -5495 992
2360 -8880 1070
2360 -7855 1048
2360 -8880 938
2830 -7960 952
2655 -6935 1261
2595 -8065 1215
2360 -7410 1218
2340 -7645 1181
2340 -7340 1075
2340 -8880 1040
2300 -6970 1044
2300 -6935 1374
2495 -7745 1130
2300 -7335 1247
2235 -8150 886
2235 -8880 887
2235 -6700 1102
2235 -7205 1014
2235 -6940 1247
2235 -7470 1213
2235 -7195 1113
2235 -7760 1241
2235 -6935 1278
2235 -8070 1296
2235 -5815 1369
2335 -7070 1265
2335 -8150 1081
2335 -7105 1296
2335 -6935 1083
2235 -7835 671
2235 -5495 1257
2235 -6950 971
2235 -6935 1194
2235 -6935 902
2235 -7555 1312
2435 -5815 1416
2235 -8880 970
2235 -7225 1242
2300 -6095 1401
2235 -6935 1058
2235 -7330 1118
2235 -8150 1317
2300 -6665 1279
2335 -6935 1049
2300 -8515 1098
2300 -8150 1053
2300 -7065 1207
2300 -6935 1302
2300 -6935 1516
2430 -8745 1207
2300 -7610 1283
2300 -6935 1191
2300 -6935 1088
2300 -8150 1166
2235 -7475 1097
2235 -8015 1234
2335 -9025 1226
2335 -6675 1250
2335 -7860 1072
2335 -7305 1135
2335 -7885 967
2335 -7855 1078
2335 -8260 668
2405 -6935 1002
2335 -6295 1149
2335 -6935 1054
2335 -6935 1438
2335 -6105 1354
2400 -6935 1615
2400 -6935 1219
2400 -6935 996
2400 -7195 1359
2235 -8780 1070
2235 -6295 1320
2235 -7240 1089
2235 -7420 1217
2235 -7855 1091
2235 -7745 1081
2235 -8340 1143
2235 -6935 1146
2290 -6935 1076
2290 -7340 1177
2290 -6935 1067
2235 -5465 1167
2300 -8340 1206
2235 -6935 947
2235 -6935 1114
2235 -8070 1219
2235 -7745 933
2235 -7065 1242
2235 -7750 1294
2235 -6935 1318
2335 -7635 1225
2335 -6935 1299
2335 -7340 977
2335 -6800 1342
2335 -7635 1176
2335 -7225 1195
2335 -8340 1362
2335 -7160 1116
2335 -6935 1443
2335 -6835 1232
2335 -8475 1080
2335 -7475 1035
2335 -5385 1162
2335 -8875 757
2335 -6935 1079
2335 -8745 1003
2235 -6935 898
2235 -7985 829
2235 -7880 884
2235 -7435 940
2400 -7340 1089
2400 -6935 1226
2400 -6935 1335
2400 -7165 1368
2400 -6500 1474
2465 -9555 978
2465 -7760 1393
2465 -6935 1214
2465 -7195 979
2465 -8140 1135
2465 -6870 1227
2400 -7335 1003
2335 -8220 1231
2335 -7665 948
2335 -6935 1213
2430 -7470 1101
2430 -6215 981
2430 -7665 1120
5420 -6935 976
2335 -7540 824
2335 -7745 815
2335 -7610 1005
2300 -9150 1022
2300 -7155 1167
2300 -6935 1126
2350 -8285 1056
2400 -7470 1301
2335 -7880 1322
2335 -6935 1352
2335 -8150 1199
2335 -6935 1340
2235 -8845 1235
2235 -8340 850
2235 -6935 1021
2235 -7195 999
2235 -7185 1087
2235 -8745 783
2235 -7645 1167
2235 -6740 1175
2235 -8395 1198
2300 -7095 1202
2300 -6935 1188
2235 -6935 1300
2300 -8880 992
2365 -6935 1241
2300 -8285 1267
2300 -6935 1353
2300 -6935 1172
2365 -8285 1187
2365 -6935 962
2365 -7875 939
2365 -8605 1326
2365 -5845 1027
2365 -7070 1044
2365 -6935 1254
2365 -8475 928
2365 -7355 1045
2365 -6990 1142
2365 -7005 1232
2235 -6935 1184
2235 -7880 1408
2235 -8950 1266
2235 -6935 989
2235 -5815 969
2235 -8475 1329
2235 -6935 1279
2235 -6950 1284
2235 -7835 1359
2235 -8285 1103
2235 -6025 1378
2235 -6940 1361
2235 -6935 1301
2235 -8445 872
2235 -8175 1096
2235 -6935 1108
2235 -8270 1040
2235 -7610 1150
2300 -6935 1091
2300 -8080 1322
2260 -6935 1137
2260 -8880 1459
2300 -8150 1343
2300 -7035 1419
2235 -7470 1293
2300 -7240 1488
2300 -6935 1601
2495 -6665 1523
2495 -8150 1244
2495 -5385 1344
2495 -6415 1312
2365 -7610 1280
2305 -6945 1174
2235 -6935 1026
2235 -7770 978
2235 -7065 1659
2235 -6935 1711
2235 -5495 1516
2235 -8880 1672
2300 -5815 1833
2300 -5815 1663
2300 -6935 1690
2300 -5385 1849
2300 -3120 1881
2300 -6935 1737
2300 -5925 1951
2300 -6935 1624
2300 -5815 1694
2300 -8285 1779
2300 -7610 1724
2300 -5540 1759
2300 -6935 1724
2300 -5815 1598
2235 -7085 1650
2235 -5815 1792
2300 -6935 1818
2235 -6935 1617
2235 -6935 1573
2295 -6940 1758
2295 -7395 1853
2400 -5815 1634
2400 -6935 1749
2235 -6935 1833
2235 -7395 1724
2235 -6935 1774
2235 -5815 1676
2235 -7750 1664
2300 -6935 1749
2235 -6425 1739
2235 -6305 1710
2235 -6935 1755
2235 -6905 1857
2235 -6935 1738
2235 -5940 1807
2235 -5385 1794
2235 -5370 1752
2235 -5815 1819
2235 -5425 1836
2490 -7475 1747
2235 -6935 1563
2235 -7745 1581
2235 -5910 1688
2235 -5390 1863
2235 -7050 1731
2235 -6935 1712
2235 -5385 1742
2300 -5495 1723
2235 -7610 1757
2235 -7070 1680
2235 -6935 1710
2235 -5385 1900
2235 -6935 1817
2235 -6665 1672
2235 -6970 1571
2235 -6565 1684
2300 -6935 1683
2300 -5815 1765
2300 -3255 1806
2365 -5495 1751
2300 -7645 1402
2300 -7570 1556
2300 -5895 1756
2435 -6700 1671
2300 -6935 1825
2300 -7050 1601
2235 -6935 1545
2235 -5385 1811
2235 -7440 1974
2235 -3120 1920
2235 -6935 1776
2235 -6935 1662
2235 -6935 1604
2235 -6935 1895
2235 -6935 1481
2235 -7680 1431
2235 -6935 1755
2235 -7260 1716
2235 -6935 1787
2235 -5385 1869
2235 -6935 1483
2235 -5385 1762
2235 -6935 1850
2300 -6935 1863
2235 -6935 1765
2235 -6935 1743
2235 -6935 1628
2235 -6935 1672
2235 -3925 1767
2235 -5845 1801
2235 -6935 1553
2235 -6935 1777
2235 -6115 1863
2235 -6935 1679
2235 -6935 1662
2235 -6935 1753
2235 -8745 1711
2235 -5855 1688
2235 -5385 1827
2235 -6935 1715
2235 -8150 1783
2235 -7070 1887
2235 -8060 1764
2235 -5385 1582
2235 -6045 1723
2235 -5495 1683
2235 -6935 1570
2235 -6935 1806
2235 -7835 1661
2235 -5395 1752
2235 -5495 1860
2400 -5675 1909
2235 -5385 1911
2295 -5815 1804
2295 -2930 1948
2295 -6935 1845
2295 -6935 1535
2295 -6935 1568
2235 -5495 1829
2235 -3120 1919
2235 -6935 1842
2300 -6935 1803
2235 -7440 1788
2235 -5815 1683
2235 -5815 1799
2235 -6935 1985
2235 -5385 1936
2235 -5385 1984
2235 -6935 1911
2235 -6935 1757
2235 -6935 1683
2235 -6935 1788
2235 -6935 1736
2300 -6935 1570
2300 -7735 1666
2235 -5385 1831
2235 -7535 1629
2235 -6375 1731
2235 -6935 1956
2235 -5385 1845
2235 -6900 1782
2235 -5385 1855
2235 -5385 1798
2235 -7330 1861
2235 -6970 1930
2300 -6935 1931
2235 -7335 1595
2235 -6935 1587
2235 -5495 1632
2300 -7735 1778
2235 -6935 1709
2235 -5495 1760
2235 -6935 1714
2235 -6935 1700
2235 -5495 1938
2235 -6935 1957
2235 -5495 1865
2235 -3845 1813
2635 -6935 1744
2235 -6935 1718
2335 -6935 1768
2335 -7330 1840
2335 -6935 1874
2335 -6935 1700
2335 -6935 1799
2335 -6935 1777
2335 -6935 1821
2335 -6700 1812
2335 -5495 1798
2335 -8105 1465
2335 -6935 1635
2335 -5385 1813
2335 -7735 1820
2335 -6935 1624
2335 -5815 1917
2235 -6935 1795
2235 -6800 1809
2235 -5495 1820
2235 -5815 1702
2235 -8285 1731
2235 -8150 1726
2235 -7040 1915
2235 -5815 1769
2235 -6935 1900
2235 -7470 1736
2235 -7005 1822
2235 -3120 1969
2235 -6935 1621
2235 -5495 1571
2235 -6790 1706
2235 -7645 1576
2235 -6935 1822
2235 -6935 1685
2235 -5815 1770
2235 -7665 1701
2235 -6935 1871
2235 -6940 1708
2235 -5980 1662
2235 -6935 1748
2335 -6935 1720
2235 -7050 1862
2235 -6935 1868
2235 -3120 1815
2235 -7050 1849
2235 -7475 1886
2235 -6855 1958
2235 -5385 1712
2235 -5385 2009
2235 -6935 1634
2235 -6935 1760
2235 -5495 1951
2235 -7745 1686
2235 -6935 1564
2300 -8285 1464
2235 -3630 1892
2300 -7330 1629
2500 -6715 1786
2500 -6935 1693
2500 -6935 1579
2500 -7305 1732
2500 -6935 1870
2235 -3120 1954
2235 -6935 1450
2235 -6935 1513
2235 -6935 1768
2235 -7835 1917
2235 -6935 1814
2235 -6935 1624
2235 -6935 1585
2235 -8880 1578
2235 -7880 1606
2235 -5495 1880
2235 -6935 1801
2235 -6935 1714
2235 -5495 1561
2235 -8745 1890
2235 -5945 1939
2235 -6935 1528
2235 -8065 1460
2235 -6940 1517
2235 -7015 1603
2235 -6935 1881
2235 -7610 1612
2235 -6935 1780
2235 -6935 1622
2235 -8880 1720
2235 -6935 1712
2235 -6935 1586
2235 -5385 1806
2235 -5385 1937
2235 -6935 1653
2235 -5495 1762
2235 -6935 1832
2235 -5495 1784
2235 -6935 1838
2235 -6740 1777
2235 -5995 1891
2235 -5495 1650
2235 -4255 1976
2235 -6935 1772
2235 -5815 1701
2235 -5385 1813
2235 -6935 1779
2235 -5495 1820
2235 -6935 1863
2235 -3120 1912
2235 -5625 1885
2235 -6115 1759
2235 -6935 1903
2235 -6935 1923
2235 -5495 1873
2235 -7475 1910
2235 -6935 1856
2235 -5815 1850
2235 -5895 1887
2235 -6935 1636
2235 -6935 1790
2235 -6935 1851
2235 -5675 1724
2235 -8150 1880
2235 -6935 1803
2235 -6935 1715
2235 -6935 1667
2235 -7330 1739
2235 -5815 1761
2235 -5495 1908
2235 -6935 1753
2235 -7105 1829
2235 -7835 1694
2235 -6935 1853
2235 -4065 1823
2235 -3850 1786
2235 -6970 1617
2235 -6600 1718
2235 -6935 1702
2235 -5385 1848
2235 -6935 1750
2235 -6935 1796
2235 -5495 1856
2235 -5815 1713
2235 -5495 1889
2235 -6935 1682
2235 -6935 1738
2235 -7035 1678
2235 -2930 1864
2235 -5495 1783
2235 -6935 1842
2235 -5815 1865
2235 -6935 1833
2235 -6935 1719
2235 -6935 1773
2235 -8380 1681
2235 -6535 1720
2235 -6935 1905
2235 -6935 1764
2235 -6935 1900
2235 -6790 1797
2235 -6935 1743
2235 -6935 1796
2235 -6935 1727
2235 -6935 1836
2235 -5385 1820
2235 -7225 1740
2235 -6935 1575
2235 -6935 1802
2235 -7855 1668
2235 -7330 1788
2235 -5385 1778
2235 -6935 1796
2235 -6935 1898
2235 -5385 1941
2235 -6935 1874
2235 -6935 1721
2235 -6935 1630
2235 -5815 1728
2235 -6935 1803
2235 -7125 1620
2235 -5815 1571
2235 -6935 1776
2235 -7225 1835
2235 -7015 1767
2235 -3120 1970
2235 -6935 1623
2235 -6935 1801
2235 -3120 1877
2235 -5785 1858
2235 -1695 2196
2235 2235 2235
2235 2235 2235
2235 2235 2235
2235 2235 2235
2235 2235 2235
2235 2235 2235
2235 2235 2235
2235 2235 2235
2235 2235 2235
2235 2235 2235
2235 2235 2235
2235 2235 2235
2235 2235 2235
2235 2235 2235
2235 2235 2235
2235 2235 2235
2235 2235 2235
2235 2235 2235
2235 2235 2235
2235 2235 2235
2235 2235 2235
2235 2235 2235
2235 2235 2235
2235 2235 2235
2235 2235 2235
2235 2235 2235
2235 2235 2235
2235 2235 2235
2235 2235 2235
2235 2235 2235
2235 2235 2235
2235 2235 2235
2235 2235 2235
2235 2235 2235
2235 2235 2235
2235 2235 2235
2235 2235 2235
2235 2235 2235
2235 2235 2235
2235 2235 2235
2235 2235 2235
2235 2235 2235
2235 2235 2235
2235 2235 2235
2235 2235 2235
2235 2235 2235
2235 2235 2235
2235 2235 2235
2235 2235 2235
2235 2235 2235
2235 2235 2235
2235 2235 2235
2235 2235 2235
2235 2235 2235
2235 2235 2235
2235 2235 2235
2235 2235 2235
2235 2235 2235
2235 2235 2235
2235 2235 2235
2235 2235 2235
2235 2235 2235
2235 2235 2235
2235 2235 2235
2235 2235 2235
2235 2235 2235
2235 2235 2235
2235 2235 2235
2235 2235 2235
2235 2235 2235
2235 2235 2235
2235 2235 2235
2235 2235 2235
2235 2235 2235
2235 2235 2235
2235 2235 2235
2235 2235 2235
2235 2235 2235
2235 2235 2235
2235 2235 2235
2235 2235 2235
2235 2235 2235
2235 2235 2235
2235 2235 2235
2235 2235 2235
2235 2235 2235
2235 2235 2235
2235 2235 2235
2235 2235 2235
2235 2235 2235
2235 2235 2235
2235 2235 2235
2235 2235 2235
2235 2235 2235
2235 2235 2235
2235 2235 2235
2235 2235 2235
2235 2235 2235
2235 2235 2235
2235 2235 2235
2235 2235 2235
2235 2235 2235
2235 2235 2235
2235 2235 2235
2235 2235 2235
2235 2235 2235
2235 2235 2235
2235 2235 2235
2235 2235 2235
2235 2235 2235
2235 2235 2235
2235 2235 2235
2235 2235 2235
2235 2235 2235
2235 2235 2235
2235 2235 2235
2235 2235 2235
2235 2235 2235
2235 2235 2235
2235 2235 2235
2235 2235 2235
2235 2235 2235
2235 2235 2235
2235 2235 2235
2235 2235 2235
2235 2235 2235
2235 2235 2235
2235 2235 2235
2235 2235 2235
2235 2235 2235
2235 2235 2235
2235 2235 2235
2235 2235 2235
2235 2235 2235
2235 2235 2235
2235 2235 2235
2235 2235 2235
2235 2235 2235
2235 2235 2235
2235 2235 2235
2235 2235 2235
2235 2235 2235
2235 2235 2235
2235 2235 2235
2235 2235 2235
2235 2235 2235
2235 2235 2235
2235 2235 2235
2235 2235 2235
2235 2235 2235
2235 2235 2235
2235 2235 2235
2235 2235 2235
2235 2235 2235
2235 2235 2235
2235 2235 2235
2235 2235 2235
2235 2235 2235
2235 2235 2235
2235 2235 2235
2235 2235 2235
2235 2235 2235
2235 2235 2235
2235 2235 2235
2235 2235 2235
2235 2235 2235
2235 2235 2235
2235 2235 2235
2235 2235 2235
2235 2235 2235
2235 2235 2235
2235 2235 2235
2235 2235 2235
2235 2235 2235
2235 2235 2235
2235 2235 2235
2235 2235 2235
2235 2235 2235
2235 2235 2235
2235 2235 2235
2235 2235 2235
2235 2235 2235
2235 2235 2235
2235 2235 2235
2235 2235 2235
2235 2235 2235
2235 2235 2235
2235 2235 2235
2235 2235 2235
2235 2235 2235
2235 2235 2235
2235 2235 2235
2235 2235 2235
2235 2235 2235
2235 2235 2235
2235 2235 2235
2235 2235 2235
2235 2235 2235
2235 2235 2235
2235 2235 2235
2235 2235 2235
2235 2235 2235
2235 2235 2235
2235 2235 2235
2235 2235 2235
2235 2235 2235
2235 2235 2235
2235 2235 2235
2235 2235 2235
2235 2235 2235
2235 2235 2235
2235 2235 2235
2235 2235 2235
2235 2235 2235
2235 2235 2235
2235 2235 2235
2235 2235 2235
2235 2235 2235
2235 2235 2235
2235 2235 2235
2235 2235 2235
2235 2235 2235
2235 2235 2235
2235 2235 2235
2235 2235 2235
2235 2235 2235
2235 2235 2235
2235 2235 2235
2235 2235 2235
2235 2235 2235
2235 2235 2235
2235 2235 2235
2235 2235 2235
2235 2235 2235
2235 2235 2235
2235 2235 2235
2235 2235 2235
2235 2235 2235
2235 2235 2235
2235 2235 2235
2235 2235 2235
2235 2235 2235
2235 2235 2235
2235 2235 2235
2235 2235 2235
2235 2235 2235
2235 2235 2235
2235 2235 2235
2235 2235 2235
2235 2235 2235
2235 2235 2235
2235 2235 2235
2235 2235 2235
2235 2235 2235
2235 2235 2235
2235 2235 2235
2235 2235 2235
2235 2235 2235
2235 2235 2235
2235 2235 2235
2235 2235 2235
2235 2235 2235
2235 2235 2235
2235 2235 2235
2235 2235 2235
2235 2235 2235
2235 2235 2235
2235 2235 2235
2235 2235 2235
2235 2235 2235
2235 2235 2235
2235 2235 2235
2235 2235 2235
2235 2235 2235
2235 2235 2235
2235 2235 2235
2235 2235 2235
2235 2235 2235
2235 2235 2235
2235 2235 2235
2235 2235 2235
2235 2235 2235
2235 2235 2235
2235 2235 2235
2235 2235 2235
2235 2235 2235
2235 2235 2235
2235 2235 2235
2235 2235 2235
2235 2235 2235
2235 2235 2235
2235 2235 2235
2235 2235 2235
2235 2235 2235
2235 2235 2235
2235 2235 2235
2235 2235 2235
2235 2235 2235
2235 2235 2235
2235 2235 2235
2235 2235 2235
2235 2235 2235
2235 2235 2235
2235 2235 2235
2235 2235 2235
2235 2235 2235
2235 2235 2235
2235 2235 2235
2235 2235 2235
2235 2235 2235
2235 2235 2235
2235 2235 2235
2235 2235 2235
2235 2235 2235
2235 2235 2235
2235 2235 2235
2235 2235 2235
2235 2235 2235
2235 2235 2235
2235 2235 2235
2235 2235 2235
2235 2235 2235
2235 2235 2235
2235 2235 2235
2235 2235 2235
2235 2235 2235
2235 2235 2235
2235 2235 2235
2235 2235 2235
2235 2235 2235
2235 2235 2235
2235 2235 2235
2235 2235 2235
2235 2235 2235
2235 2235 2235
2235 2235 2235
2235 2235 2235
2235 2235 2235
2235 2235 2235
2235 2235 2235
2235 2235 2235
2235 2235 2235
2235 2235 2235
2235 2235 2235
2235 2235 2235
2235 2235 2235
2235 2235 2235
2235 2235 2235
2235 2235 2235
2235 2235 2235
2235 2235 2235
2235 2235 2235
2235 2235 2235
2235 2235 2235
2235 2235 2235
2235 2235 2235
2235 2235 2235
2235 2235 2235
2235 2235 2235
2235 2235 2235
2235 2235 2235
2235 2235 2235
2235 2235 2235
2235 2235 2235
2235 2235 2235
2235 2235 2235
2235 2235 2235
2235 2235 2235
2235 2235 2235
2235 2235 2235
2235 2235 2235
2235 2235 2235
2235 2235 2235
2235 2235 2235
2235 2235 2235
2235 2235 2235
2235 2235 2235
2235 2235 2235
2235 2235 2235
2235 2235 2235
2235 2235 2235
2235 2235 2235
2235 2235 2235
2235 2235 2235
2235 2235 2235
2235 2235 2235
2235 2235 2235
2235 2235 2235
2235 2235 2235
2235 2235 2235
2235 2235 2235
2235 2235 2235
2235 2235 2235
2235 2235 2235
2235 2235 2235
2235 2235 2235
2235 2235 2235
2235 2235 2235
2235 2235 2235
2235 2235 2235
2235 2235 2235
2235 2235 2235
2235 2235 2235
2235 2235 2235
2235 2235 2235
2235 2235 2235
2235 2235 2235
2235 2235 2235
2235 2235 2235
2235 2235 2235
2235 2235 2235
2235 2235 2235
2235 2235 2235
2235 2235 2235
2235 2235 2235
2235 2235 2235
2235 2235 2235
2235 2235 2235
2235 2235 2235
2235 2235 2235
2235 2235 2235
2235 2235 2235
2235 2235 2235
2235 2235 2235
2235 2235 2235
2235 2235 2235
2235 2235 2235
2235 2235 2235
2235 2235 2235
2235 2235 2235
2235 2235 2235
2235 2235 2235
2235 2235 2235
2235 2235 2235
2235 2235 2235
2235 2235 2235
2235 2235 2235
2235 2235 2235
2235 2235 2235
2235 2235 2235
2235 2235 2235
2235 2235 2235
2235 2235 2235
2235 2235 2235
2235 2235 2235
2235 2235 2235
2235 2235 2235
2235 2235 2235
2235 2235 2235
2235 2235 2235
2235 2235 2235
2235 2235 2235
2235 2235 2235
2235 2235 2235
2235 2235 2235
2235 2235 2235
2235 2235 2235
2235 2235 2235
2235 2235 2235
2235 2235 2235
2235 2235 2235
2235 2235 2235
2235 2235 2235
2235 2235 2235
2235 2235 2235
2235 2235 2235
2235 2235 2235
2235 2235 2235
2235 2235 2235
2235 2235 2235
2235 2235 2235
2235 2235 2235
2235 2235 2235
2235 2235 2235
2235 2235 2235
2235 2235 2235
2235 2235 2235
2235 2235 2235
2235 2235 2235
2235 2235 2235
2235 2235 2235
2235 2235 2235
2235 2235 2235
2235 2235 2235
2235 2235 2235
2235 2235 2235
2235 2235 2235
2235 2235 2235
2235 2235 2235
2235 2235 2235
2235 2235 2235
2235 2235 2235
2235 2235 2235
2235 2235 2235
2235 2235 2235
2235 2235 2235
2235 2235 2235
2235 2235 2235
2235 2235 2235
2235 2235 2235
2235 2235 2235
2235 2235 2235
2235 2235 2235
2235 2235 2235
2235 2235 2235
2235 2235 2235
2235 2235 2235
2235 2235 2235
2235 2235 2235
2235 2235 2235
2235 2235 2235
2235 2235 2235
2235 2235 2235
2235 2235 2235
2235 2235 2235
2235 2235 2235
2235 2235 2235
2235 2235 2235
2235 2235 2235
2235 2235 2235
2235 2235 2235
2235 2235 2235
2235 2235 2235
2235 2235 2235
2235 2235 2235
2235 2235 2235
2235 2235 2235
2235 2235 2235
2235 2235 2235
2235 2235 2235
2235 2235 2235
2235 2235 2235
2235 2235 2235
2235 2235 2235
2235 2235 2235
2235 2235 2235
2235 2235 2235
2235 2235 2235
2235 2235 2235
2235 2235 2235
2235 2235 2235
2235 2235 2235
2235 2235 2235
2235 2235 2235
2235 2235 2235
2235 2235 2235
2235 2235 2235
2235 2235 2235
2235 2235 2235
2235 2235 2235
2235 2235 2235
2235 2235 2235
2235 2235 2235
2235 2235 2235
2235 2235 2235
2235 2235 2235
2235 2235 2235
2235 2235 2235
2235 2235 2235
2235 2235 2235
2235 2235 2235
2235 2235 2235
2235 2235 2235
2235 2235 2235
2235 2235 2235
2235 2235 2235
2235 2235 2235
2235 2235 2235
2235 2235 2235
2235 2235 2235
2235 2235 2235
2235 2235 2235
2235 2235 2235
2235 2235 2235
2235 2235 2235
2235 2235 2235
2235 2235 2235
2235 2235 2235
2235 2235 2235
2235 2235 2235
2235 2235 2235
2235 2235 2235
2235 2235 2235
2235 2235 2235
2235 2235 2235
2235 2235 2235
2235 2235 2235
2235 2235 2235
2235 2235 2235
2235 2235 2235
2235 2235 2235
2235 2235 2235
2235 2235 2235
2235 2235 2235
2235 2235 2235
2235 2235 2235
2235 2235 2235
2235 2235 2235
2235 2235 2235
-9505	-7780	-8995
-4320	-10130	-8556
-5130	-9835	-8279
-5010	-9760	-8034
-4120	-9490	-7793
-4525	-9895	-7642
-2520	-9625	-7515
-2520	-9930	-7378
-2520	-9995	-7216
-2380	-9930	-6916
-2510	-9930	-6733
-2210	-9930	-6536
-2380	-10095	-6475
-2380	-9960	-6263
-2550	-9995	-6014
-2620	-9995	-6029
-2515	-9995	-5999
-2380	-9830	-5784
-1810	-9865	-5711
-1845	-9470	-5506
-2005	-9825	-5549
595	-9760	-5484
-1780	-9560	-5624
-1780	-9995	-5843
-275	-9440	-5310
-275	-9995	-5254
-275	-9860	-5154
255	-8935	-4933
255	-9610	-4921
440	-9960	-5123
1720	-10000	-4800
555	-9625	-4814
85	-9125	-4865
1255	-9285	-4819
1195	-9200	-4840
1195	-8890	-4635
1195	-9625	-4497
535	-9560	-4689
865	-8820	-4424
415	-9490	-4639
1280	-9725	-4657
1505	-9255	-4605
1085	-9130	-4582
1345	-9830	-4272
1085	-9210	-4274
1450	-8945	-4211
1345	-9220	-4353
2190	-9130	-4499
2160	-8960	-4588
1815	-8570	-4432
1425	-9860	-4646
1070	-9565	-4499
985	-9590	-4386
795	-9895	-4314
2040	-9605	-4480
2590	-9435	-4313
675	-9590	-4231
1180	-10030	-4368
810	-9760	-4482
800	-9425	-4438
1050	-8685	-4462
1175	-9520	-4662
1175	-9660	-4640
1175	-8900	-4466
1225	-9595	-4605
1195	-9360	-4713
1230	-9270	-4983
1230	-8825	-4931
1670	-8985	-4897
1725	-8725	-4758
1225	-9405	-4743
2555	-9200	-4563
1070	-9290	-4547
1370	-10130	-4845
2380	-9160	-4526
2380	-9570	-4708
1985	-8760	-4485
895	-8850	-4392
1500	-9605	-4350
1220	-9305	-4658
875	-9495	-4753
1740	-9725	-4690
1290	-9505	-4694
1320	-9330	-4635
765	-9360	-4374
1045	-9290	-4678
870	-9220	-4718
745	-9165	-4592
1495	-8840	-4122
815	-9430	-4074
385	-9090	-4337
780	-8980	-4145
535	-9995	-4058
210	-9360	-4175
745	-8875	-4210
1295	-9415	-4340
1295	-9625	-4484
1065	-8730	-4423
945	-9045	-4627
485	-8805	-4556
475	-9095	-4695
395	-9895	-4753
535	-8995	-4784
1095	-9265	-4867
1315	-9285	-5076
780	-9510	-4965
780	-9230	-4630
770	-9625	-4668
820	-9760	-4543
1635	-9570	-4348
1635	-9860	-4332
1635	-9035	-4614
1635	-9065	-4320
1545	-9270	-4428
1110	-8500	-4076
1110	-8890	-4249
515	-9075	-4187
235	-8950	-4407
400	-9190	-4442
820	-9865	-4424
165	-9180	-4365
1825	-9570	-4384
235	-8855	-4270
695	-8860	-4296
75	-9590	-4314
75	-8950	-4146
935	-8965	-4353
1135	-8815	-4206
780	-9135	-4174
780	-8995	-4384
560	-9015	-4337
-695	-9015	-4564
105	-9695	-4778
400	-9490	-4763
-50	-9330	-4662
140	-9440	-4743
10	-9375	-4665
-470	-8980	-4869
-200	-9205	-4829
790	-9390	-4718
-190	-9320	-4728
-30	-9525	-4688
-1060	-9305	-4742
-1495	-9350	-4661
-1495	-9075	-4792
-1495	-9130	-4735
1115	-8995	-4406
1385	-9405	-4769
-305	-9100	-4461
-240	-9445	-4470
-455	-8965	-4470
1125	-9690	-4605
1125	-9525	-4455
895	-8995	-4577
405	-9020	-4451
470	-9420	-4324
690	-8885	-4159
945	-10030	-4194
945	-8335	-4244
815	-9695	-4189
815	-8565	-4378
815	-9150	-4441
1105	-9625	-4449
1020	-9090	-4535
915	-9970	-4752
1020	-10030	-4461
1455	-9400	-4183
1605	-8300	-4208
1605	-9555	-4234
290	-9310	-4423
290	-10130	-4380
-145	-9900	-4411
775	-9455	-4492
-190	-9430	-4675
1305	-9460	-4699
1565	-9665	-4687
1565	-9150	-4629
1895	-9025	-4326
1460	-9595	-4518
1550	-9690	-4436
1310	-9395	-4569
755	-9200	-4345
535	-9590	-4307
485	-9165	-4363
1025	-8675	-4530
925	-9045	-4623
805	-9165	-4736
805	-9825	-4580
1605	-9100	-4400
1475	-9530	-4405
505	-8875	-4495
-55	-8965	-4437
-340	-9300	-4349
780	-9530	-4397
175	-9280	-4387
-490	-8885	-4294
40	-9335	-4509
-870	-8780	-4249
-270	-9660	-4642
-270	-9510	-4829
-270	-8585	-4561
95	-9335	-4560
95	-9335	-4688
-5	-8885	-4783
-5	-9180	-4642
-825	-9400	-4668
-1560	-9860	-4914
-585	-9995	-4885
-295	-9295	-4834
-670	-9560	-5068
-840	-8935	-4992
-1295	-9495	-4802
970	-9860	-4726
-1265	-8935	-4729
-1130	-9175	-4757
-180	-9140	-4728
1490	-9355	-4900
-970	-9085	-4648
1690	-9605	-4557
810	-9280	-4483
720	-9690	-4582
785	-9595	-4463
980	-9415	-4352
790	-8885	-4390
385	-9560	-4374
530	-9730	-4143
575	-9560	-3925
1070	-9995	-3947
1100	-9470	-4004
1100	-8650	-4222
1105	-9270	-3997
1190	-9995	-4179
1190	-8305	-3928
1585	-9185	-4202
1775	-8850	-3892
1125	-8475	-3939
790	-9075	-3932
-390	-9695	-4166
1445	-9795	-4046
1005	-9145	-4181
1025	-9155	-4186
830	-9095	-4210
830	-9180	-4180
1075	-9555	-4083
1205	-9110	-4097
1160	-8925	-4149
1175	-9760	-4107
1345	-9730	-4252
1345	-10095	-4132
1345	-9420	-3893
1345	-9555	-4099
1345	-9605	-4297
1275	-9265	-4013
1275	-9555	-4290
890	-9070	-4347
990	-9860	-4796
1375	-9960	-4824
1020	-9280	-4598
1040	-9170	-4687
1110	-8910	-4643
1765	-9345	-4663
1765	-9340	-4539
1895	-9625	-4409
1895	-9575	-3985
1895	-8960	-4302
1435	-9590	-4457
1435	-10065	-4310
1315	-9860	-4554
1905	-9185	-4303
1905	-9185	-4332
1705	-9830	-4325
1365	-9495	-4154
1045	-10230	-4405
1045	-9490	-4544
855	-9555	-4286
440	-9725	-4871
-430	-9370	-4870
1130	-9995	-4576
480	-9695	-4496
615	-9690	-4626
615	-9265	-4607
1650	-8830	-4266
1450	-9830	-4184
1405	-9190	-4251
1405	-8645	-4410
915	-9490	-3956
1005	-9635	-4352
1115	-9145	-4315
1335	-9150	-4258
1500	-8945	-4193
1500	-9305	-4452
1500	-8645	-4423
1500	-9415	-4348
1315	-9960	-4322
1315	-8935	-3990
1335	-9250	-3977
1335	-9285	-3891
1315	-9290	-3884
1505	-9960	-3563
1605	-8980	-3537
1405	-9690	-3689
1420	-9320	-3903
1945	-9690	-3405
2015	-9825	-3295
1505	-9690	-3544
1945	-9505	-3658
1945	-9490	-3746
1455	-8865	-3556
1635	-8730	-3306
1765	-9960	-3281
1765	-9150	-3522
1965	-9280	-3197
1765	-9265	-3359
1795	-8680	-2894
1775	-8750	-3208
1775	-9035	-3052
1775	-8900	-3007
1575	-8680	-3271
1510	-10000	-3634
1955	-9695	-3598
1895	-9555	-3626
1955	-9960	-3236
1275	-9435	-3190
1575	-9455	-3396
1640	-9690	-3165
1845	-9040	-2803
1640	-9050	-2407
1945	-8745	-2522
1945	-9165	-2063
2035	-9210	-1873
2035	-9205	-1693
2035	-9265	-1553
2035	-10095	-1371
1945	-8745	-1317
1945	-9420	-1128
1945	-9285	-1299
2035	-9280	-1614
2035	-9420	-1448
1965	-9185	-1313
2035	-9130	-1093
2035	-8620	-1031
2185	-9415	-1197
2065	-8610	-1517
1945	-9690	-1361
2035	-9285	-1299
2035	-8915	-1412
2035	-8995	-874
2085	-8105	-795
2035	-10095	-1261
2035	-9280	-1126
2035	-8455	-972
2085	-8440	-563
2085	-9690	-407
2165	-7900	11
2165	-8880	-296
2165	-8880	-215
2160	-8435	101
2035	-7395	369
2100	-8880	-117
2155	-8350	51
2100	-8650	-390
2295	-8915	-727
2295	-9045	-587
2295	-8245	-423
2295	-8260	-182
2295	-8380	14
2225	-7340	235
2035	-7970	4
2035	-8140	-401
2035	-8080	-248
2295	-7780	-273
2120	-9015	-106
2295	-7560	-71
2120	-7945	-217
3005	-7670	-29
3630	-9015	393
3630	-8985	100
3630	-8880	247
3430	-7440	292
2035	-9280	419
2035	-7035	202
2035	-8880	49
2035	-9040	22
2035	-8745	248
2035	-8880	284
2035	-7865	455
2035	-7835	443
2035	-9285	444
2035	-8475	298
2035	-8715	32
2100	-8215	295
2230	-9205	291
2230	-8510	-142
2230	-8475	27
2100	-7330	63
2100	-7405	28
2100	-9960	34
2035	-8880	110
2035	-7135	62
2035	-8500	-156
2100	-7550	336
2100	-7735	277
2150	-7485	15
2150	-8745	96
2150	-7675	-16
2100	-7870	-35
2100	-8280	-383
2100	-8080	8
2100	-10095	-26
2230	-8410	222
2035	-9015	97
2050	-8350	39
2050	-7400	407
2050	-7290	258
2085	-8375	182
2230	-7280	323
2035	-7675	-342
2035	-8350	-131
2035	-7440	74
2035	-8925	46
2035	-8370	119
2035	-8880	396
2035	-8485	-28
2145	-8935	406
2035	-7670	441
2035	-8880	119
2295	-8485	177
2360	-8485	101
2360	-8485	266
2360	-8885	-105
2360	-7515	312
2360	-8745	292
2360	-8075	144
2320	-7735	259
2100	-7940	401
2100	-8675	406
2100	-8350	191
2100	-8475	329
2100	-7625	694
2100	-9015	369
2100	-8280	527
2100	-8215	228
2125	-8475	494
2100	-8965	266
2100	-8955	244
2100	-8880	-55
2035	-9040	184
2035	-8350	470
2035	-7875	580
2095	-7675	395
2065	-8070	243
2065	-9285	-92
2065	-8350	122
2035	-7810	347
2035	-7305	377
2035	-8070	432
2035	-7675	485
2135	-9070	93
2035	-7810	477
2035	-8395	256
2135	-8130	273
2205	-9290	258
2100	-7565	314
2095	-8875	214
2295	-8340	4
2205	-8350	187
2205	-8350	-74
2205	-7760	359
2205	-7430	341
2155	-8080	432
2155	-8215	229
2155	-8780	173
2065	-7945	354
2035	-7675	255
2065	-8215	379
2065	-8550	278
2035	-8235	75
2035	-7945	192
2035	-8745	255
2035	-9555	73
2035	-8065	142
2035	-8935	52
2035	-8880	134
2035	-10095	-136
2035	-8080	260
2035	-7760	396
2200	-7945	233
2035	-8610	32
2035	-7690	183
2035	-7675	329
2230	-9050	293
2035	-8475	0
2035	-7810	329
2035	-7135	387
2035	-8745	399
2035	-7670	539
2035	-8485	623
2035	-9415	348
2035	-7330	436
2035	-8880	232
2220	-7135	368
2400	-8080	-82
2560	-7135	311
2560	-8080	184
2310	-8880	83
2705	-8280	-29
2705	-8850	313
2275	-7360	361
2275	-9825	163
3900	-7135	603
2610	-8880	338
2610	-8860	343
2130	-8745	37
2035	-8350	-186
2035	-7740	-44
2035	-7675	-46
2035	-8880	-226
2035	-8950	-66
2035	-9825	-91
2035	-7835	-62
2035	-9415	-40
2035	-8485	-402
2100	-8215	-17
2035	-8095	228
2035	-7945	316
2035	-8270	-233
2035	-8880	-38
2085	-7360	169
2235	-9015	232
2235	-8350	343
2235	-7540	310
2100	-7135	662
2100	-7135	663
2095	-8745	149
2035	-7945	133
2100	-8505	205
2100	-8485	-62
2100	-9010	99
2035	-7440	206
2035	-8645	177
2035	-7665	241
2135	-8880	316
2035	-8080	497
2035	-8455	332
2035	-8065	359
2035	-9825	-30
2035	-8780	68
2100	-7395	341
2100	-9015	43
2035	-8045	290
4280	-9285	427
4280	-8885	121
3835	-9960	111
2100	-7635	311
2095	-7225	376
2035	-7135	524
2035	-8280	71
2035	-7135	593
2035	-7470	527
2035	-8880	193
2100	-8880	284
2155	-9315	53
2155	-8485	-269
2155	-8200	-7
2155	-8880	71
2035	-8770	487
2035	-7540	371
2035	-8240	246
2225	-9690	132
2225	-7975	-93
2035	-8260	32
2035	-8745	64
2035	-7665	542
2035	-9420	154
2035	-8485	19
2035	-7665	223
2035	-9825	607
2035	-8780	473
2035	-8350	290
2100	-9150	312
2035	-8985	46
2035	-7440	516
2035	-7775	393
2050	-8895	172
2050	-7660	336
2050	-8745	83
2155	-7645	322
2225	-7690	501
2050	-8310	80
2115	-7585	427
2050	-9070	98
2050	-8600	218
2035	-8265	97
2100	-8340	246
2100	-8880	137
2035	-8070	164
2035	-8035	400
2035	-8350	190
2100	-8350	254
2100	-7330	356
2100	-7420	253
2035	-7135	343
2035	-7945	362
2035	-7005	670
2135	-7135	212
2135	-8645	126
2035	-8070	419
2230	-8550	231
2230	-8880	521
2230	-8215	515
2295	-8950	395
2295	-8845	544
2295	-7460	492
2295	-7230	576
2295	-8485	417
2295	-8880	432
2295	-7900	32
2295	-8815	-85
2275	-8350	231
2275	-8215	110
2035	-9420	527
2035	-7135	602
2035	-8340	385
2085	-8485	232
2035	-7325	328
2035	-7330	161
2035	-7305	546
2190	-7565	783
2235	-7135	671
2235	-8390	648
3835	-7440	822
3835	-7135	542
2035	-9825	299
2035	-9825	162
2035	-7340	534
2035	-7945	669
2035	-8880	318
2035	-7970	398
2035	-7135	355
2100	-8065	278
2035	-8880	54
2035	-7195	277
2035	-8880	468
2035	-8065	206
2035	-8780	77
2035	-7135	487
2035	-8610	290
2035	-8615	490
2035	-8715	255
2035	-7735	240
2100	-8115	102
2035	-7135	-131
2035	-8610	-82
2035	-8370	91
2085	-7635	269
2085	-8485	308
2100	-8395	201
2050	-8645	282
2050	-7145	517
2050	-7340	535
2035	-7665	558
2035	-8485	292
2035	-7760	418
2035	-7945	341
2035	-7035	589
2035	-7945	756
2035	-8350	558
2035	-7985	546
2100	-8205	294
2100	-8950	402
2100	-7330	567
2100	-9185	472
2100	-7550	691
2100	-7970	512
2100	-8485	218
2165	-9415	267
2135	-7835	569
2135	-7375	568
2135	-7670	384
2135	-9015	77
2130	-8880	244
2130	-7240	355
2225	-7540	420
2360	-9690	103
2360	-8155	276
2360	-8665	485
2360	-8390	280
2220	-8880	23
2035	-9690	482
2035	-8350	403
2035	-9010	62
2035	-8425	-113
2035	-9960	312
2035	-8880	203
2100	-7665	573
2100	-7760	477
2100	-8475	535
2100	-7535	553
2200	-8605	597
2200	-7305	733
2200	-8070	480
2200	-7135	1170
2200	-7665	1103
2200	-7220	914
2200	-7810	891
2200	-8065	881
2155	-8080	952
2035	-8610	1199
2035	-8455	1082
2035	-8105	1055
2035	-7135	817
2135	-7135	887
2035	-7850	966
2035	-7675	937
2035	-7440	1029
2035	-7735	728
2035	-7855	572
2035	-7675	682
2035	-7330	853
2230	-7645	920
2230	-8215	972
2230	-7540	924
2230	-8070	1103
2230	-8350	1075
2230	-7795	736
2230	-7135	891
2230	-7540	992
2230	-8200	829
2230	-8085	695
2230	-7675	779
2230	-8880	863
2230	-8475	916
2155	-8415	608
2155	-9185	868
2225	-6565	1143
2225	-7885	1263
2225	-7405	891
2155	-8475	880
2155	-7440	1014
2105	-7115	944
2105	-7425	1153
2105	-7810	1279
2105	-7135	1213
2155	-7680	1149
2155	-7135	1045
2155	-8350	962
2155	-7170	871
2155	-7340	1088
2155	-8610	930
2035	-8850	740
2085	-7910	1071
2085	-7135	1104
2085	-7205	1179
2035	-8140	1033
2035	-7945	1009
2035	-5585	1248
2035	-7535	862
2035	-7135	637
2035	-7035	982
2035	-8880	1042
2230	-7135	1023
2230	-7325	813
2230	-8485	924
2230	-6650	1016
2230	-7965	940
2230	-8880	805
2295	-8080	867
2295	-8880	1139
2295	-7135	1163
2295	-7665	886
2295	-6925	1145
2365	-7135	1115
2365	-6985	1071
2515	-7505	1004
2480	-7135	860
2295	-8350	950
2415	-7175	1202
2415	-7135	1019
2415	-7135	965
2420	-7615	746
2150	-7170	1018
2150	-6705	934
2150	-8485	783
2150	-7430	1181
2100	-7135	782
2100	-7135	925
2230	-7135	914
2135	-7875	916
2135	-8880	916
2100	-8215	777
2100	-7665	795
2335	-7305	793
2100	-8350	866
2100	-5695	1197
2100	-8475	808
2100	-7135	965
2100	-7240	1034
2100	-8350	1085
2100	-7380	730
2100	-7675	800
2035	-8475	919
2155	-7530	902
2155	-7255	553
2155	-8215	839
2155	-8880	1141
2155	-7760	1214
2155	-7675	1390
2155	-7135	1159
2155	-6315	983
2155	-7135	912
2155	-7135	990
2235	-7105	991
2235	-7875	807
2235	-6525	1198
2235	-7265	1307
2235	-6210	1347
2295	-5465	1283
2295	-7355	896
2365	-8475	999
2365	-8075	1102
2365	-7330	1119
2365	-7035	1202
2795	-7440	1112
2430	-8275	1305
2430	-8480	1142
2330	-7205	1254
2335	-7850	956
2335	-6940	1060
2335	-7855	1080
2335	-6935	1188
2300	-6935	893
2300	-7625	1295
2300	-6935	1312
2235	-7760	1009
2235	-7200	1111
2300	-7540	1116
2235	-7130	1245
2300	-6935	1290
2360	-8375	1383
2360	-8155	1096
2360	-6935	803
2360	-9255	964
2360	-6935	1234
2425	-7745	974
2360	-5495	992
2360	-8880	1070
2360	-7855	1048
2360	-8880	938
2830	-7960	952
2655	-6935	1261
2595	-8065	1215
2360	-7410	1218
2340	-7645	1181
2340	-7340	1075
2340	-8880	1040
2300	-6970	1044
2300	-6935	1374
2495	-7745	1130
2300	-7335	1247
2235	-8150	886
2235	-8880	887
2235	-6700	1102
2235	-7205	1014
2235	-6940	1247
2235	-7470	1213
2235	-7195	1113
2235	-7760	1241
2235	-6935	1278
2235	-8070	1296
2235	-5815	1369
2335	-7070	1265
2335	-8150	1081
2335	-7105	1296
2335	-6935	1083
2235	-7835	671
2235	-5495	1257
2235	-6950	971
2235	-6935	1194
2235	-6935	902
2235	-7555	1312
2435	-5815	1416
2235	-8880	970
2235	-7225	1242
2300	-6095	1401
2235	-6935	1058
2235	-7330	1118
2235	-8150	1317
2300	-6665	1279
2335	-6935	1049
2300	-8515	1098
2300	-8150	1053
2300	-7065	1207
2300	-6935	1302
2300	-6935	1516
2430	-8745	1207
2300	-7610	1283
2300	-6935	1191
2300	-6935	1088
2300	-8150	1166
2235	-7475	1097
2235	-8015	1234
2335	-9025	1226
2335	-6675	1250
2335	-7860	1072
2335	-7305	1135
2335	-7885	967
2335	-7855	1078
2335	-8260	668
2405	-6935	1002
2335	-6295	1149
2335	-6935	1054
2335	-6935	1438
2335	-6105	1354
2400	-6935	1615
2400	-6935	1219
2400	-6935	996
2400	-7195	1359
2235	-8780	1070
2235	-6295	1320
2235	-7240	1089
2235	-7420	1217
2235	-7855	1091
2235	-7745	1081
2235	-8340	1143
2235	-6935	1146
2290	-6935	1076
2290	-7340	1177
2290	-6935	1067
2235	-5465	1167
2300	-8340	1206
2235	-6935	947
2235	-6935	1114
2235	-8070	1219
2235	-7745	933
2235	-7065	1242
2235	-7750	1294
2235	-6935	1318
2335	-7635	1225
2335	-6935	1299
2335	-7340	977
2335	-6800	1342
2335	-7635	1176
2335	-7225	1195
2335	-8340	1362
2335	-7160	1116
2335	-6935	1443
2335	-6835	1232
2335	-8475	1080
2335	-7475	1035
2335	-5385	1162
2335	-8875	757
2335	-6935	1079
2335	-8745	1003
2235	-6935	898
2235	-7985	829
2235	-7880	884
2235	-7435	940
2400	-7340	1089
2400	-6935	1226
2400	-6935	1335
2400	-7165	1368
2400	-6500	1474
2465	-9555	978
2465	-7760	1393
2465	-6935	1214
2465	-7195	979
2465	-8140	1135
2465	-6870	1227
2400	-7335	1003
2335	-8220	1231
2335	-7665	948
2335	-6935	1213
2430	-7470	1101
2430	-6215	981
2430	-7665	1120
5420	-6935	976
2335	-7540	824
2335	-7745	815
2335	-7610	1005
2300	-9150	1022
2300	-7155	1167
2300	-6935	1126
2350	-8285	1056
2400	-7470	1301
2335	-7880	1322
2335	-6935	1352
2335	-8150	1199
2335	-6935	1340
2235	-8845	1235
2235	-8340	850
2235	-6935	1021
2235	-7195	999
2235	-7185	1087
2235	-8745	783
2235	-7645	1167
2235	-6740	1175
2235	-8395	1198
2300	-7095	1202
2300	-6935	1188
2235	-6935	1300
2300	-8880	992
2365	-6935	1241
2300	-8285	1267
2300	-6935	1353
2300	-6935	1172
2365	-8285	1187
2365	-6935	962
2365	-7875	939
2365	-8605	1326
2365	-5845	1027
2365	-7070	1044
2365	-6935	1254
2365	-8475	928
2365	-7355	1045
2365	-6990	1142
2365	-7005	1232
2235	-6935	1184
2235	-7880	1408
2235	-8950	1266
2235	-6935	989
2235	-5815	969
2235	-8475	1329
2235	-6935	1279
2235	-6950	1284
2235	-7835	1359
2235	-8285	1103
2235	-6025	1378
2235	-6940	1361
2235	-6935	1301
2235	-8445	872
2235	-8175	1096
2235	-6935	1108
2235	-8270	1040
2235	-7610	1150
2300	-6935	1091
2300	-8080	1322
2260	-6935	1137
2260	-8880	1459
2300	-8150	1343
2300	-7035	1419
2235	-7470	1293
2300	-7240	1488
2300	-6935	1601
2495	-6665	1523
2495	-8150	1244
2495	-5385	1344
2495	-6415	1312
2365	-7610	1280
2305	-6945	1174
2235	-6935	1026
2235	-7770	978
2235	-7065	1659
2235	-6935	1711
2235	-5495	1516
2235	-8880	1672
2300	-5815	1833
2300	-5815	1663
2300	-6935	1690
2300	-5385	1849
2300	-3120	1881
2300	-6935	1737
2300	-5925	1951
2300	-6935	1624
2300	-5815	1694
2300	-8285	1779
2300	-7610	1724
2300	-5540	1759
2300	-6935	1724
2300	-5815	1598
2235	-7085	1650
2235	-5815	1792
2300	-6935	1818
2235	-6935	1617
2235	-6935	1573
2295	-6940	1758
2295	-7395	1853
2400	-5815	1634
2400	-6935	1749
2235	-6935	1833
2235	-7395	1724
2235	-6935	1774
2235	-5815	1676
2235	-7750	1664
2300	-6935	1749
2235	-6425	1739
2235	-6305	1710
2235	-6935	1755
2235	-6905	1857
2235	-6935	1738
2235	-5940	1807
2235	-5385	1794
2235	-5370	1752
2235	-5815	1819
2235	-5425	1836
2490	-7475	1747
2235	-6935	1563
2235	-7745	1581
2235	-5910	1688
2235	-5390	1863
2235	-7050	1731
2235	-6935	1712
2235	-5385	1742
2300	-5495	1723
2235	-7610	1757
2235	-7070	1680
2235	-6935	1710
2235	-5385	1900
2235	-6935	1817
2235	-6665	1672
2235	-6970	1571
2235	-6565	1684
2300	-6935	1683
2300	-5815	1765
2300	-3255	1806
2365	-5495	1751
2300	-7645	1402
2300	-7570	1556
2300	-5895	1756
2435	-6700	1671
2300	-6935	1825
2300	-7050	1601
2235	-6935	1545
2235	-5385	1811
2235	-7440	1974
2235	-3120	1920
2235	-6935	1776
2235	-6935	1662
2235	-6935	1604
2235	-6935	1895
2235	-6935	1481
2235	-7680	1431
2235	-6935	1755
2235	-7260	1716
2235	-6935	1787
2235	-5385	1869
2235	-6935	1483
2235	-5385	1762
2235	-6935	1850
2300	-6935	1863
2235	-6935	1765
2235	-6935	1743
2235	-6935	1628
2235	-6935	1672
2235	-3925	1767
2235	-5845	1801
2235	-6935	1553
2235	-6935	1777
2235	-6115	1863
2235	-6935	1679
2235	-6935	1662
2235	-6935	1753
2235	-8745	1711
2235	-5855	1688
2235	-5385	1827
2235	-6935	1715
2235	-8150	1783
2235	-7070	1887
2235	-8060	1764
2235	-5385	1582
2235	-6045	1723
2235	-5495	1683
2235	-6935	1570
2235	-6935	1806
2235	-7835	1661
2235	-5395	1752
2235	-5495	1860
2400	-5675	1909
2235	-5385	1911
2295	-5815	1804
2295	-2930	1948
2295	-6935	1845
2295	-6935	1535
2295	-6935	1568
2235	-5495	1829
2235	-3120	1919
2235	-6935	1842
2300	-6935	1803
2235	-7440	1788
2235	-5815	1683
2235	-5815	1799
2235	-6935	1985
2235	-5385	1936
2235	-5385	1984
2235	-6935	1911
2235	-6935	1757
2235	-6935	1683
2235	-6935	1788
2235	-6935	1736
2300	-6935	1570
2300	-7735	1666
2235	-5385	1831
2235	-7535	1629
2235	-6375	1731
2235	-6935	1956
2235	-5385	1845
2235	-6900	1782
2235	-5385	1855
2235	-5385	1798
2235	-7330	1861
2235	-6970	1930
2300	-6935	1931
2235	-7335	1595
2235	-6935	1587
2235	-5495	1632
2300	-7735	1778
2235	-6935	1709
2235	-5495	1760
2235	-6935	1714
2235	-6935	1700
2235	-5495	1938
2235	-6935	1957
2235	-5495	1865
2235	-3845	1813
2635	-6935	1744
2235	-6935	1718
2335	-6935	1768
2335	-7330	1840
2335	-6935	1874
2335	-6935	1700
2335	-6935	1799
2335	-6935	1777
2335	-6935	1821
2335	-6700	1812
2335	-5495	1798
2335	-8105	1465
2335	-6935	1635
2335	-5385	1813
2335	-7735	1820
2335	-6935	1624
2335	-5815	1917
2235	-6935	1795
2235	-6800	1809
2235	-5495	1820
2235	-5815	1702
2235	-8285	1731
2235	-8150	1726
2235	-7040	1915
2235	-5815	1769
2235	-6935	1900
2235	-7470	1736
2235	-7005	1822
2235	-3120	1969
2235	-6935	1621
2235	-5495	1571
2235	-6790	1706
2235	-7645	1576
2235	-6935	1822
2235	-6935	1685
2235	-5815	1770
2235	-7665	1701
2235	-6935	1871
2235	-6940	1708
2235	-5980	1662
2235	-6935	1748
2335	-6935	1720
2235	-7050	1862
2235	-6935	1868
2235	-3120	1815
2235	-7050	1849
2235	-7475	1886
2235	-6855	1958
2235	-5385	1712
2235	-5385	2009
2235	-6935	1634
2235	-6935	1760
2235	-5495	1951
2235	-7745	1686
2235	-6935	1564
2300	-8285	1464
2235	-3630	1892
2300	-7330	1629
2500	-6715	1786
2500	-6935	1693
2500	-6935	1579
2500	-7305	1732
2500	-6935	1870
2235	-3120	1954
2235	-6935	1450
2235	-6935	1513
2235	-6935	1768
2235	-7835	1917
2235	-6935	1814
2235	-6935	1624
2235	-6935	1585
2235	-8880	1578
2235	-7880	1606
2235	-5495	1880
2235	-6935	1801
2235	-6935	1714
2235	-5495	1561
2235	-8745	1890
2235	-5945	1939
2235	-6935	1528
2235	-8065	1460
2235	-6940	1517
2235	-7015	1603
2235	-6935	1881
2235	-7610	1612
2235	-6935	1780
2235	-6935	1622
2235	-8880	1720
2235	-6935	1712
2235	-6935	1586
2235	-5385	1806
2235	-5385	1937
2235	-6935	1653
2235	-5495	1762
2235	-6935	1832
2235	-5495	1784
2235	-6935	1838
2235	-6740	1777
2235	-5995	1891
2235	-5495	1650
2235	-4255	1976
2235	-6935	1772
2235	-5815	1701
2235	-5385	1813
2235	-6935	1779
2235	-5495	1820
2235	-6935	1863
2235	-3120	1912
2235	-5625	1885
2235	-6115	1759
2235	-6935	1903
2235	-6935	1923
2235	-5495	1873
2235	-7475	1910
2235	-6935	1856
2235	-5815	1850
2235	-5895	1887
2235	-6935	1636
2235	-6935	1790
2235	-6935	1851
2235	-5675	1724
2235	-8150	1880
2235	-6935	1803
2235	-6935	1715
2235	-6935	1667
2235	-7330	1739
2235	-5815	1761
2235	-5495	1908
2235	-6935	1753
2235	-7105	1829
2235	-7835	1694
2235	-6935	1853
2235	-4065	1823
2235	-3850	1786
2235	-6970	1617
2235	-6600	1718
2235	-6935	1702
2235	-5385	1848
2235	-6935	1750
2235	-6935	1796
2235	-5495	1856
2235	-5815	1713
2235	-5495	1889
2235	-6935	1682
2235	-6935	1738
2235	-7035	1678
2235	-2930	1864
2235	-5495	1783
2235	-6935	1842
2235	-5815	1865
2235	-6935	1833
2235	-6935	1719
2235	-6935	1773
2235	-8380	1681
2235	-6535	1720
2235	-6935	1905
2235	-6935	1764
2235	-6935	1900
2235	-6790	1797
2235	-6935	1743
2235	-6935	1796
2235	-6935	1727
2235	-6935	1836
2235	-5385	1820
2235	-7225	1740
2235	-6935	1575
2235	-6935	1802
2235	-7855	1668
2235	-7330	1788
2235	-5385	1778
2235	-6935	1796
2235	-6935	1898
2235	-5385	1941
2235	-6935	1874
2235	-6935	1721
2235	-6935	1630
2235	-5815	1728
2235	-6935	1803
2235	-7125	1620
2235	-5815	1571
2235	-6935	1776
2235	-7225	1835
2235	-7015	1767
2235	-3120	1970
2235	-6935	1623
2235	-6935	1801
2235	-3120	1877
2235	-5785	1858
2235	-1695	2196
2235	2235	2235
2235	2235	2235
2235	2235	2235
2235	2235	2235
2235	2235	2235
2235	2235	2235
2235	2235	2235
2235	2235	2235
2235	2235	2235
2235	2235	2235
2235	2235	2235
2235	2235	2235
2235	2235	2235
2235	2235	2235
2235	2235	2235
2235	2235	2235
2235	2235	2235
2235	2235	2235
2235	2235	2235
2235	2235	2235
2235	2235	2235
2235	2235	2235
2235	2235	2235
2235	2235	2235
2235	2235	2235
2235	2235	2235
2235	2235	2235
2235	2235	2235
2235	2235	2235
2235	2235	2235
2235	2235	2235
2235	2235	2235
2235	2235	2235
2235	2235	2235
2235	2235	2235
2235	2235	2235
2235	2235	2235
2235	2235	2235
2235	2235	2235
2235	2235	2235
2235	2235	2235
2235	2235	2235
2235	2235	2235
2235	2235	2235
2235	2235	2235
2235	2235	2235
2235	2235	2235
2235	2235	2235
2235	2235	2235
2235	2235	2235
2235	2235	2235
2235	2235	2235
2235	2235	2235
2235	2235	2235
2235	2235	2235
2235	2235	2235
2235	2235	2235
2235	2235	2235
2235	2235	2235
2235	2235	2235
2235	2235	2235
2235	2235	2235
2235	2235	2235
2235	2235	2235
2235	2235	2235
2235	2235	2235
2235	2235	2235
2235	2235	2235
2235	2235	2235
2235	2235	2235
2235	2235	2235
2235	2235	2235
2235	2235	2235
2235	2235	2235
2235	2235	2235
2235	2235	2235
2235	2235	2235
2235	2235	2235
2235	2235	2235
2235	2235	2235
2235	2235	2235
2235	2235	2235
2235	2235	2235
2235	2235	2235
2235	2235	2235
2235	2235	2235
2235	2235	2235
2235	2235	2235
2235	2235	2235
2235	2235	2235
2235	2235	2235
2235	2235	2235
2235	2235	2235
2235	2235	2235
2235	2235	2235
2235	2235	2235
2235	2235	2235
2235	2235	2235
2235	2235	2235
2235	2235	2235
2235	2235	2235
2235	2235	2235
2235	2235	2235
2235	2235	2235
2235	2235	2235
2235	2235	2235
2235	2235	2235
2235	2235	2235
2235	2235	2235
2235	2235	2235
2235	2235	2235
2235	2235	2235
2235	2235	2235
2235	2235	2235
2235	2235	2235
2235	2235	2235
2235	2235	2235
2235	2235	2235
2235	2235	2235
2235	2235	2235
2235	2235	2235
2235	2235	2235
2235	2235	2235
2235	2235	2235
2235	2235	2235
2235	2235	2235
2235	2235	2235
2235	2235	2235
2235	2235	2235
2235	2235	2235
2235	2235	2235
2235	2235	2235
2235	2235	2235
2235	2235	2235
2235	2235	2235
2235	2235	2235
2235	2235	2235
2235	2235	2235
2235	2235	2235
2235	2235	2235
2235	2235	2235
2235	2235	2235
2235	2235	2235
2235	2235	2235
2235	2235	2235
2235	2235	2235
2235	2235	2235
2235	2235	2235
2235	2235	2235
2235	2235	2235
2235	2235	2235
2235	2235	2235
2235	2235	2235
2235	2235	2235
2235	2235	2235
2235	2235	2235
2235	2235	2235
2235	2235	2235
2235	2235	2235
2235	2235	2235
2235	2235	2235
2235	2235	2235
2235	2235	2235
2235	2235	2235
2235	2235	2235
2235	2235	2235
2235	2235	2235
2235	2235	2235
2235	2235	2235
2235	2235	2235
2235	2235	2235
2235	2235	2235
2235	2235	2235
2235	2235	2235
2235	2235	2235
2235	2235	2235
2235	2235	2235
2235	2235	2235
2235	2235	2235
2235	2235	2235
2235	2235	2235
2235	2235	2235
2235	2235	2235
2235	2235	2235
2235	2235	2235
2235	2235	2235
2235	2235	2235
2235	2235	2235
2235	2235	2235
2235	2235	2235
2235	2235	2235
2235	2235	2235
2235	2235	2235
2235	2235	2235
2235	2235	2235
2235	2235	2235
2235	2235	2235
2235	2235	2235
2235	2235	2235
2235	2235	2235
2235	2235	2235
2235	2235	2235
2235	2235	2235
2235	2235	2235
2235	2235	2235
2235	2235	2235
2235	2235	2235
2235	2235	2235
2235	2235	2235
2235	2235	2235
2235	2235	2235
2235	2235	2235
2235	2235	2235
2235	2235	2235
2235	2235	2235
2235	2235	2235
2235	2235	2235
2235	2235	2235
2235	2235	2235
2235	2235	2235
2235	2235	2235
2235	2235	2235
2235	2235	2235
2235	2235	2235
2235	2235	2235
2235	2235	2235
2235	2235	2235
2235	2235	2235
2235	2235	2235
2235	2235	2235
2235	2235	2235
2235	2235	2235
2235	2235	2235
2235	2235	2235
2235	2235	2235
2235	2235	2235
2235	2235	2235
2235	2235	2235
2235	2235	2235
2235	2235	2235
2235	2235	2235
2235	2235	2235
2235	2235	2235
2235	2235	2235
2235	2235	2235
2235	2235	2235
2235	2235	2235
2235	2235	2235
2235	2235	2235
2235	2235	2235
2235	2235	2235
2235	2235	2235
2235	2235	2235
2235	2235	2235
2235	2235	2235
2235	2235	2235
2235	2235	2235
2235	2235	2235
2235	2235	2235
2235	2235	2235
2235	2235	2235
2235	2235	2235
2235	2235	2235
2235	2235	2235
2235	2235	2235
2235	2235	2235
2235	2235	2235
2235	2235	2235
2235	2235	2235
2235	2235	2235
2235	2235	2235
2235	2235	2235
2235	2235	2235
2235	2235	2235
2235	2235	2235
2235	2235	2235
2235	2235	2235
2235	2235	2235
2235	2235	2235
2235	2235	2235
2235	2235	2235
2235	2235	2235
2235	2235	2235
2235	2235	2235
2235	2235	2235
2235	2235	2235
2235	2235	2235
2235	2235	2235
2235	2235	2235
2235	2235	2235
2235	2235	2235
2235	2235	2235
2235	2235	2235
2235	2235	2235
2235	2235	2235
2235	2235	2235
2235	2235	2235
2235	2235	2235
2235	2235	2235
2235	2235	2235
2235	2235	2235
2235	2235	2235
2235	2235	2235
2235	2235	2235
2235	2235	2235
2235	2235	2235
2235	2235	2235
2235	2235	2235
2235	2235	2235
2235	2235	2235
2235	2235	2235
2235	2235	2235
2235	2235	2235
2235	2235	2235
2235	2235	2235
2235	2235	2235
2235	2235	2235
2235	2235	2235
2235	2235	2235
2235	2235	2235
2235	2235	2235
2235	2235	2235
2235	2235	2235
2235	2235	2235
2235	2235	2235
2235	2235	2235
2235	2235	2235
2235	2235	2235
2235	2235	2235
2235	2235	2235
2235	2235	2235
2235	2235	2235
2235	2235	2235
2235	2235	2235
2235	2235	2235
2235	2235	2235
2235	2235	2235
2235	2235	2235
2235	2235	2235
2235	2235	2235
2235	2235	2235
2235	2235	2235
2235	2235	2235
2235	2235	2235
2235	2235	2235
2235	2235	2235
2235	2235	2235
2235	2235	2235
2235	2235	2235
2235	2235	2235
2235	2235	2235
2235	2235	2235
2235	2235	2235
2235	2235	2235
2235	2235	2235
2235	2235	2235
2235	2235	2235
2235	2235	2235
2235	2235	2235
2235	2235	2235
2235	2235	2235
2235	2235	2235
2235	2235	2235
2235	2235	2235
2235	2235	2235
2235	2235	2235
2235	2235	2235
2235	2235	2235
2235	2235	2235
2235	2235	2235
2235	2235	2235
2235	2235	2235
2235	2235	2235
2235	2235	2235
2235	2235	2235
2235	2235	2235
2235	2235	2235
2235	2235	2235
2235	2235	2235
2235	2235	2235
2235	2235	2235
2235	2235	2235
2235	2235	2235
2235	2235	2235
2235	2235	2235
2235	2235	2235
2235	2235	2235
2235	2235	2235
2235	2235	2235
2235	2235	2235
2235	2235	2235
2235	2235	2235
2235	2235	2235
2235	2235	2235
2235	2235	2235
2235	2235	2235
2235	2235	2235
2235	2235	2235
2235	2235	2235
2235	2235	2235
2235	2235	2235
2235	2235	2235
2235	2235	2235
2235	2235	2235
2235	2235	2235
2235	2235	2235
2235	2235	2235
2235	2235	2235
2235	2235	2235
2235	2235	2235
2235	2235	2235
2235	2235	2235
2235	2235	2235
2235	2235	2235
2235	2235	2235
2235	2235	2235
2235	2235	2235
2235	2235	2235
2235	2235	2235
2235	2235	2235
2235	2235	2235
2235	2235	2235
2235	2235	2235
2235	2235	2235
2235	2235	2235
2235	2235	2235
2235	2235	2235
2235	2235	2235
2235	2235	2235
2235	2235	2235
2235	2235	2235
2235	2235	2235
2235	2235	2235
2235	2235	2235
2235	2235	2235
2235	2235	2235
2235	2235	2235
2235	2235	2235
2235	2235	2235
2235	2235	2235
2235	2235	2235
2235	2235	2235
2235	2235	2235
2235	2235	2235
2235	2235	2235
2235	2235	2235
2235	2235	2235
2235	2235	2235
2235	2235	2235
2235	2235	2235
2235	2235	2235
2235	2235	2235
2235	2235	2235
2235	2235	2235
2235	2235	2235
2235	2235	2235
2235	2235	2235
2235	2235	2235
2235	2235	2235
2235	2235	2235
2235	2235	2235
2235	2235	2235
2235	2235	2235
2235	2235	2235
2235	2235	2235
2235	2235	2235
2235	2235	2235
2235	2235	2235
2235	2235	2235
2235	2235	2235
2235	2235	2235
2235	2235	2235
2235	2235	2235
2235	2235	2235
2235	2235	2235
2235	2235	2235
2235	2235	2235
2235	2235	2235
2235	2235	2235
2235	2235	2235
2235	2235	2235
2235	2235	2235
2235	2235	2235
2235	2235	2235
2235	2235	2235
2235	2235	2235
2235	2235	2235
2235	2235	2235
2235	2235	2235
2235	2235	2235
2235	2235	2235
2235	2235	2235
2235	2235	2235
2235	2235	2235
2235	2235	2235
2235	2235	2235
2235	2235	2235
2235	2235	2235
2235	2235	2235
2235	2235	2235
2235	2235	2235
2235	2235	2235
2235	2235	2235
2235	2235	2235
2235	2235	2235
2235	2235	2235
2235	2235	2235
2235	2235	2235
2235	2235	2235
2235	2235	2235
2235	2235	2235
2235	2235	2235
2235	2235	2235
2235	2235	2235
2235	2235	2235
2235	2235	2235
2235	2235	2235
2235	2235	2235
2235	2235	2235
2235	2235	2235
2235	2235	2235
2235	2235	2235
2235	2235	2235
2235	2235	2235
2235	2235	2235
2235	2235	2235
2235	2235	2235
2235	2235	2235
2235	2235	2235
2235	2235	2235
2235	2235	2235
2235	2235	2235
2235	2235	2235
2235	2235	2235
2235	2235	2235
2235	2235	2235
2235	2235	2235
2235	2235	2235
2235	2235	2235
2235	2235	2235
2235	2235	2235
2235	2235	2235
2235	2235	2235
2235	2235	2235
2235	2235	2235
2235	2235	2235
2235	2235	2235
2235	2235	2235
2235	2235	2235
2235	2235	2235
2235	2235	2235
2235	2235	2235
2235	2235	2235
2235	2235	2235
2235	2235	2235
2235	2235	2235
2235	2235	2235
2235	2235	2235
2235	2235	2235
2235	2235	2235
2235	2235	2235
2235	2235	2235
2235	2235	2235
2235	2235	2235
2235	2235	2235
2235	2235	2235
2235	2235	2235
2235	2235	2235
2235	2235	2235
2235	2235	2235
2235	2235	2235
2235	2235	2235
2235	2235	2235
2235	2235	2235
2235	2235	2235
2235	2235	2235
2235	2235	2235
2235	2235	2235
2235	2235	2235
2235	2235	2235
2235	2235	2235
2235	2235	2235
2235	2235	2235
2235	2235	2235
2235	2235	2235
2235	2235	2235
2235	2235	2235
2235	2235	2235
2235	2235	2235
2235	2235	2235
2235	2235	2235
2235	2235	2235
2235	2235	2235
2235	2235	2235
2235	2235	2235
2235	2235	2235
2235	2235	2235
2235	2235	2235
2235	2235	2235
