-9505 -7780 -8995
-4845 -10230 -8877
-6485 -10230 -8735
-4065 -10230 -8718
-4420 -10230 -8764
-6950 -10230 -8789
-5800 -10230 -8741
-6555 -10230 -8782
-5985 -10230 -8658
-5290 -10230 -8644
-6530 -10230 -8618
-4715 -10230 -8499
-5345 -10230 -8603
-5280 -10030 -8611
-4820 -10130 -8631
-4645 -10130 -8505
-6665 -10230 -8593
-4990 -10100 -8486
-6105 -10130 -8424
-5610 -10130 -8409
-5245 -10130 -8542
-2880 -10095 -8483
-4975 -10130 -8494
-4845 -10130 -8446
-5165 -10130 -8431
-3575 -10030 -8372
-5460 -10230 -8514
-6325 -9930 -8472
-6365 -10130 -8520
-5620 -10230 -8574
-6100 -10130 -8525
-5390 -10130 -8631
-5985 -10230 -8611
-3530 -10230 -8598
-5470 -10130 -8573
-6425 -10130 -8498
-5540 -10130 -8517
-6245 -10130 -8609
-5855 -10130 -8545
-5435 -10100 -8530
-6045 -10230 -8474
-5410 -10130 -8535
-6690 -10230 -8612
-5430 -10095 -8542
-5935 -10130 -8537
-4020 -10130 -8543
-4485 -10030 -8471
-4935 -10230 -8566
-4890 -10130 -8485
-4930 -10230 -8498
-5225 -10130 -8595
-6370 -10230 -8514
-6190 -10130 -8557
-4380 -10130 -8567
-4260 -10230 -8528
-6425 -10130 -8537
-5700 -10130 -8512
-5945 -10100 -8491
-6245 -10130 -8538
-5725 -10130 -8490
-5605 -10130 -8431
-4705 -10230 -8473
-5500 -10230 -8566
-5975 -10130 -8569
-4235 -10130 -8404
-5060 -10030 -8470
-5440 -10030 -8461
-5470 -10230 -8546
-5250 -10130 -8551
-3490 -10130 -8528
-6015 -10230 -8566
-4970 -10130 -8545
-5835 -10230 -8631
-6190 -10130 -8600
-6120 -10130 -8520
-5850 -9930 -8476
-5505 -10130 -8573
-4615 -10095 -8464
-6345 -10230 -8426
-6195 -10000 -8585
-6175 -10030 -8514
-6380 -10130 -8587
-5900 -10130 -8529
-5025 -10000 -8529
-5950 -10130 -8564
-5280 -10130 -8488
-5745 -10130 -8568
-5715 -10230 -8501
-5500 -10130 -8452
-5880 -10095 -8499
-5740 -10100 -8409
-6915 -10130 -8588
-5750 -10070 -8522
-3785 -10230 -8512
-5965 -10030 -8534
-4775 -10130 -8449
-6210 -10230 -8547
-5925 -10230 -8595
-5495 -10230 -8542
-6470 -10095 -8531
-6370 -10130 -8426
-5460 -10130 -8448
-5430 -10095 -8490
-5250 -10000 -8440
-6040 -10130 -8444
-5645 -10100 -8452
-6210 -10130 -8589
-6010 -10130 -8643
-2640 -10095 -8515
-2450 -10030 -8560
-4405 -10130 -8540
-6720 -10130 -8527
-5715 -10130 -8653
-6330 -10230 -8603
-4060 -10095 -8550
-5760 -10030 -8544
-5500 -10030 -8511
-6470 -10230 -8625
-5595 -9995 -8557
-6250 -10030 -8457
-5840 -10130 -8513
-5550 -10130 -8498
-3700 -10100 -8535
-4030 -10065 -8513
-5190 -10230 -8551
-4970 -10030 -8520
-3820 -10130 -8444
-4725 -10230 -8537
-6195 -10100 -8497
-5400 -10095 -8393
-5025 -10130 -8493
-6610 -10030 -8569
-5815 -10130 -8539
-5440 -10230 -8533
-6485 -10230 -8546
-5285 -10130 -8548
-3925 -10130 -8485
-3305 -10030 -8438
-6710 -10230 -8593
-6290 -10230 -8536
-5470 -10230 -8515
-6125 -10130 -8547
-4050 -10130 -8557
-4015 -10230 -8505
-3230 -10130 -8520
-5070 -10030 -8548
-5570 -10230 -8398
-6200 -10230 -8512
-5030 -10095 -8521
-4205 -10130 -8449
-6400 -10100 -8616
-3250 -10030 -8489
-5860 -10230 -8592
-4710 -10095 -8474
-3360 -10130 -8570
-3955 -10130 -8518
-6295 -10230 -8671
-6000 -10130 -8511
-4315 -10130 -8564
-6535 -10230 -8631
-4920 -10130 -8508
-5555 -10130 -8448
-6390 -10230 -8579
-5030 -10100 -8496
-6365 -10130 -8491
-4360 -10130 -8499
-5860 -10130 -8389
-5510 -10230 -8397
-5505 -10130 -8557
-5235 -10230 -8547
-4615 -10100 -8555
-6030 -10230 -8574
-5260 -10100 -8531
-6015 -10130 -8493
-5385 -10230 -8404
-5285 -10230 -8468
-3795 -10130 -8568
-5690 -10130 -8468
-5045 -10230 -8462
-4200 -10130 -8467
-4845 -10130 -8582
-3255 -10230 -8451
-5325 -10030 -8504
-2630 -10130 -8533
-6325 -10230 -8527
-4405 -10230 -8508
-5930 -10130 -8559
-4535 -10130 -8520
-5040 -10230 -8509
-5850 -10130 -8484
-5870 -10130 -8522
-5665 -10100 -8572
-5770 -10130 -8457
-6445 -10230 -8505
-6010 -10230 -8516
-5865 -10230 -8553
-5900 -10230 -8596
-5280 -10230 -8470
-5600 -10130 -8495
-5720 -10230 -8461
-6015 -10100 -8467
-6115 -10230 -8472
-4840 -10095 -8537
-6175 -10230 -8458
-4485 -10130 -8445
-6005 -10130 -8544
-5830 -10130 -8612
-4090 -10130 -8487
-5425 -10230 -8496
-5195 -10230 -8488
-5635 -10130 -8599
-4610 -10230 -8452
-4190 -10130 -8421
-3530 -10100 -8458
-4510 -10130 -8431
-6210 -10130 -8546
-6300 -10230 -8494
-4805 -10130 -8408
-6130 -10130 -8420
-5440 -10095 -8499
-5390 -10230 -8434
-5780 -10130 -8571
-5845 -10230 -8442
-5910 -10230 -8536
-4720 -10130 -8399
-5555 -10100 -8470
-6425 -10130 -8502
-5705 -10230 -8508
-6020 -10030 -8459
-5905 -10230 -8499
-3975 -10130 -8440
-2245 -10130 -8436
-3605 -10230 -8365
-4600 -10095 -8480
-4020 -10100 -8437
-4155 -10130 -8479
-3680 -10230 -8435
-6250 -10100 -8416
-5115 -10130 -8389
-5115 -10130 -8415
-5770 -10130 -8511
-4270 -9995 -8494
-5400 -10230 -8520
-5945 -10130 -8474
-5450 -10130 -8549
-4955 -10130 -8422
-5650 -9965 -8401
-4545 -10130 -8506
-4255 -10230 -8466
-5520 -10100 -8395
-5545 -10130 -8457
-4465 -10230 -8493
-5305 -10000 -8494
-5600 -10130 -8588
-5360 -10230 -8605
-5020 -10230 -8555
-4785 -10230 -8556
-4420 -10100 -8553
-4415 -10230 -8580
-4975 -10100 -8505
-6365 -10230 -8642
-6555 -10130 -8595
-6570 -10230 -8644
-4985 -10130 -8506
-5790 -10230 -8496
-4870 -10130 -8470
-6070 -10130 -8489
-5765 -10130 -8450
-4890 -10130 -8425
-4045 -10000 -8447
-4740 -10100 -8428
-5165 -10230 -8485
-5390 -10100 -8422
-4755 -10130 -8519
-4955 -10230 -8486
-5495 -10230 -8441
-6130 -10230 -8580
-4050 -10230 -8558
-6055 -10095 -8496
-5355 -10130 -8471
-5665 -10230 -8547
-5020 -10030 -8499
-3085 -10095 -8438
-5435 -10230 -8479
-4405 -10230 -8467
-5845 -10130 -8448
-5105 -10130 -8410
-3930 -10100 -8483
-4455 -10130 -8488
-4720 -10230 -8558
-6310 -10130 -8486
-4095 -10130 -8492
-5920 -10230 -8661
-5830 -10130 -8418
-4120 -10230 -8467
-6135 -10230 -8481
-5570 -10130 -8422
-6150 -10130 -8355
-4050 -10065 -8402
-5925 -10030 -8477
-5540 -10100 -8533
-4460 -10030 -8471
-6570 -10000 -8511
-5540 -10130 -8449
-5420 -10130 -8461
-5750 -10130 -8506
-6015 -10065 -8457
-6110 -10130 -8486
-5990 -10230 -8552
-5400 -10030 -8512
-3905 -10230 -8458
-5615 -10130 -8409
-3785 -10095 -8421
-4050 -10130 -8363
-5155 -10130 -8405
-4560 -10130 -8474
-5305 -10130 -8436
-5770 -10130 -8523
-5205 -10230 -8465
-6400 -10230 -8528
-4925 -10230 -8527
-3595 -10230 -8515
-4540 -10000 -8438
-5035 -10130 -8425
-4860 -10230 -8501
-5630 -10100 -8521
-5170 -10130 -8477
-6290 -10130 -8581
-6395 -10230 -8490
-6675 -10230 -8534
-6005 -10230 -8503
-6525 -10130 -8532
-5280 -10030 -8527
-4470 -10130 -8491
-4955 -10130 -8426
-3270 -10130 -8328
-5420 -10130 -8454
-4780 -10230 -8367
-5885 -10130 -8375
-5320 -10130 -8291
-4185 -10030 -8420
-4525 -10130 -8477
-4925 -10230 -8409
-6005 -10230 -8539
-5105 -10230 -8485
-3660 -10095 -8437
-3540 -10130 -8460
-3725 -10230 -8582
-3305 -10230 -8531
-5180 -10130 -8483
-5320 -10130 -8395
-6195 -10130 -8477
-6065 -10230 -8468
-5745 -10130 -8588
-3930 -10230 -8492
-5660 -10130 -8474
-5905 -10230 -8546
-6195 -10130 -8580
-6510 -10230 -8612
-5665 -10130 -8464
-1935 -10130 -8443
-5080 -10230 -8597
-6360 -10230 -8555
-6315 -10230 -8574
-5315 -10230 -8546
-3700 -10230 -8473
-3730 -10100 -8443
-5010 -10130 -8598
-5870 -10230 -8487
-5590 -10230 -8553
-5490 -10100 -8521
-4545 -10230 -8504
-3235 -10130 -8402
-6060 -10130 -8443
-5650 -10130 -8537
-5280 -10095 -8490
-5315 -10095 -8514
-4580 -10130 -8533
-4885 -10130 -8475
-3980 -10130 -8426
-3805 -10030 -8532
-4520 -10230 -8538
-6110 -10230 -8459
-5665 -10130 -8436
-6035 -10230 -8464
-3355 -10230 -8444
-4300 -10000 -8437
-5655 -10230 -8539
-5390 -10130 -8521
-6140 -10095 -8455
-6350 -10130 -8509
-5505 -10130 -8419
-5490 -10230 -8510
-5725 -10030 -8512
-5760 -10130 -8569
-5155 -10230 -8447
-5060 -10230 -8472
-5080 -10095 -8446
-5950 -10030 -8496
-4545 -10230 -8456
-5720 -10230 -8529
-6180 -10130 -8505
-4015 -10095 -8454
-5545 -10130 -8554
-6085 -10030 -8505
-5205 -10230 -8460
-4595 -10030 -8523
-5440 -10230 -8435
-6395 -10230 -8558
-5585 -10230 -8442
-6525 -10230 -8610
-5315 -10070 -8446
-5635 -10230 -8366
-5360 -10230 -8439
-6310 -10130 -8444
-5770 -10230 -8416
-6265 -9960 -8361
-6465 -10230 -8512
-6215 -10070 -8488
-3965 -10230 -8451
-4985 -10130 -8508
-5735 -10100 -8571
-4915 -10130 -8564
-6070 -10230 -8539
-5645 -10230 -8514
-6115 -10130 -8514
-5540 -10100 -8460
-5850 -10130 -8517
-6040 -9900 -8391
-5485 -10130 -8404
-6420 -10130 -8543
-5950 -10100 -8373
-6285 -10230 -8499
-6055 -10130 -8631
-6480 -10230 -8519
-5435 -10230 -8510
-5685 -10230 -8505
-5620 -10130 -8471
-5425 -10230 -8409
-5200 -10230 -8364
-4770 -10230 -8382
-5925 -10230 -8512
-5305 -10130 -8420
-5915 -9970 -8347
-3095 -10130 -8396
-4360 -10230 -8451
-4610 -10230 -8436
-3905 -10095 -8470
-4730 -10230 -8517
-6495 -10100 -8462
-3730 -10230 -8439
-5860 -10000 -8434
-6210 -10130 -8516
-6550 -10130 -8453
-5925 -10130 -8489
-6530 -10230 -8457
-5785 -10130 -8452
-6105 -10130 -8463
-4705 -10130 -8384
-4815 -10130 -8401
-4790 -10230 -8497
-6000 -10095 -8481
-3530 -10100 -8384
-6370 -10130 -8483
-5700 -10230 -8412
-4615 -10030 -8446
-5455 -10130 -8412
-3715 -10100 -8414
-4615 -10230 -8362
-5675 -10130 -8335
-5465 -10130 -8402
-4445 -10130 -8375
-5755 -10230 -8372
-3185 -10030 -8372
-3665 -10130 -8410
-5510 -10030 -8411
-4185 -10100 -8486
-5660 -9995 -8364
-4665 -10230 -8379
-5655 -10230 -8459
-3425 -10130 -8372
-5225 -10230 -8290
-4525 -10130 -8364
-5830 -10095 -8489
-5860 -10130 -8517
-6455 -10230 -8500
-3230 -10130 -8530
-6175 -10230 -8466
-5005 -10100 -8428
-3965 -10230 -8455
-4620 -10130 -8378
-5300 -10230 -8470
-6105 -10230 -8468
-3705 -10030 -8460
-4525 -10130 -8540
-5265 -10100 -8454
-4475 -10095 -8502
-4475 -10230 -8477
-4955 -10230 -8457
-5995 -10100 -8372
-6215 -10130 -8497
-6125 -10230 -8377
-5255 -10230 -8444
-4350 -10130 -8375
-5910 -10230 -8530
-6150 -10030 -8371
-5910 -10230 -8357
-3745 -10130 -8499
-6145 -10130 -8521
-5765 -10030 -8397
-4515 -10230 -8421
-5195 -10100 -8393
-5255 -10230 -8387
-4220 -10130 -8430
-6725 -10230 -8557
-5410 -10130 -8404
-5165 -10230 -8369
-5065 -10230 -8388
-5415 -10230 -8439
-4560 -10230 -8443
-4500 -10130 -8507
-3220 -10230 -8549
-5225 -10095 -8498
-3335 -10230 -8464
-6160 -10100 -8471
-6165 -10230 -8576
-6065 -10230 -8452
-5045 -10230 -8405
-6080 -10230 -8367
-3555 -10095 -8388
-5650 -10130 -8401
-5535 -10230 -8338
-5060 -10230 -8381
-4685 -10030 -8355
-5675 -10130 -8479
-3845 -10095 -8407
-6385 -10230 -8486
-5155 -10230 -8463
-3850 -10130 -8409
-5355 -10095 -8375
-2900 -10030 -8395
-5915 -10030 -8429
-5830 -10130 -8399
-4020 -10230 -8493
-4090 -10230 -8557
-5695 -10095 -8411
-5125 -10130 -8345
-5025 -10130 -8319
-4530 -10230 -8268
-5245 -10130 -8390
-6095 -10100 -8449
-6275 -10230 -8419
-3360 -10130 -8349
-4325 -10030 -8415
-6060 -10130 -8431
-6115 -10230 -8380
-4475 -10130 -8423
-4215 -10130 -8411
-4475 -10095 -8471
-4605 -10130 -8430
-4805 -10130 -8448
-6235 -10100 -8451
-6155 -10230 -8462
-4800 -10030 -8409
-6295 -10230 -8518
-5500 -10230 -8598
-5630 -10230 -8514
-5545 -10230 -8485
-3930 -10230 -8445
-2960 -10230 -8422
-5975 -10230 -8436
-5415 -10230 -8343
-2920 -10030 -8271
-4240 -10230 -8346
-4305 -10130 -8352
-5195 -10230 -8442
-6120 -10230 -8376
-5790 -10230 -8404
-3205 -10230 -8369
-4875 -10230 -8478
-6700 -10230 -8436
-5335 -10230 -8477
-2970 -10100 -8400
-5890 -10230 -8396
-4335 -10230 -8457
-6020 -10230 -8474
-5930 -10230 -8452
-6550 -10130 -8490
-4920 -10230 -8509
-3575 -10130 -8412
-5910 -10230 -8472
-5910 -10130 -8485
-3930 -10230 -8453
-3815 -9995 -8432
-6345 -10230 -8390
-2470 -10230 -8264
-5820 -10030 -8225
-5880 -9995 -8403
-5640 -10130 -8390
-4745 -10230 -8271
-4185 -10230 -8271
-6670 -9995 -8462
-6055 -10130 -8443
-5295 -10030 -8396
-3460 -10230 -8410
-6435 -10130 -8486
-5930 -10230 -8460
-4980 -10230 -8375
-4810 -10130 -8405
-5645 -10130 -8386
-4340 -10230 -8402
-5310 -10130 -8436
-5970 -10130 -8527
-5810 -9995 -8359
-5685 -10230 -8398
-4005 -10230 -8395
-4635 -9900 -8318
-5390 -10230 -8374
-3665 -10230 -8381
-3925 -10230 -8285
-4925 -10130 -8381
-3225 -10230 -8334
-5935 -10230 -8320
-4530 -10030 -8401
-4225 -10230 -8377
-3455 -10230 -8369
-3710 -10095 -8305
-3050 -10070 -8314
-3865 -10230 -8417
-4065 -10030 -8294
-4865 -10230 -8454
-5505 -10095 -8425
-5255 -10230 -8377
-3615 -10230 -8295
-4400 -10095 -8277
-3955 -9895 -8282
-5640 -10230 -8393
-5590 -10230 -8388
-3985 -10230 -8450
-5095 -10095 -8359
-5905 -10230 -8357
-5775 -10100 -8291
-6665 -10230 -8397
-4860 -9895 -8387
-5600 -10100 -8391
-4110 -10230 -8427
-5260 -10230 -8362
-3185 -10130 -8228
-4620 -10130 -8319
-4995 -9965 -8315
-5160 -10230 -8492
-4045 -10230 -8331
-5605 -10040 -8444
-4090 -10095 -8296
-4090 -10230 -8299
-4330 -10130 -8356
-4355 -10130 -8344
-5445 -10230 -8502
-4825 -9995 -8382
-6250 -10095 -8419
-3630 -10230 -8497
-5855 -10095 -8347
-4395 -10230 -8373
-5700 -10000 -8392
-4265 -10230 -8410
-6635 -10230 -8422
-6150 -10230 -8456
-5645 -10100 -8344
-3845 -9960 -8389
-3460 -10230 -8406
-5035 -10230 -8380
-5745 -10095 -8478
-5050 -10230 -8382
-6240 -10095 -8468
-5525 -10230 -8423
-5160 -10230 -8476
-4220 -10230 -8402
-4455 -10230 -8380
-5730 -10130 -8360
-5955 -10130 -8414
-5895 -10230 -8364
-4200 -10095 -8314
-5225 -10230 -8373
-3450 -10230 -8359
-5545 -10230 -8419
-3885 -10230 -8333
-5510 -10230 -8344
-5585 -10230 -8405
-4950 -10030 -8242
-4845 -10100 -8236
-4235 -10130 -8163
-4405 -10230 -8184
-2595 -10095 -8100
-3650 -9900 -8212
-3905 -10230 -8196
-4710 -10130 -8332
-4920 -10230 -8307
-4720 -10230 -8402
-5105 -9995 -8367
-5315 -10130 -8420
-4530 -10230 -8330
-2980 -10100 -8344
-3840 -10100 -8350
-4705 -10130 -8544
-6090 -10230 -8416
-6075 -10100 -8374
-3315 -10100 -8313
-4965 -10095 -8383
-5835 -10130 -8288
-5250 -10000 -8311
-6035 -10130 -8436
-5945 -10230 -8412
-4940 -10130 -8343
-5920 -10130 -8319
-5915 -10095 -8286
-5815 -9960 -8386
-5825 -10230 -8407
-5360 -10230 -8396
-5045 -10100 -8280
-4710 -10000 -8315
-5110 -9995 -8288
-5365 -10230 -8407
-6390 -10230 -8317
-3440 -10100 -8280
-3440 -10230 -8154
-4065 -9895 -8239
-3020 -10230 -8333
-2535 -10230 -8302
-3255 -10130 -8466
-3255 -10230 -8475
-3015 -10230 -8332
-3255 -10230 -8386
-3255 -10230 -8314
-3255 -10230 -8322
-3250 -10230 -8370
-3255 -10230 -8282
-4065 -10230 -8271
-4755 -10230 -8282
-4385 -10230 -8343
-4495 -10230 -8335
-4875 -10230 -8356
-4655 -10230 -8353
-4750 -10230 -8262
-6555 -10230 -8319
-6360 -9965 -8263
-4575 -10100 -8343
-4140 -10230 -8298
-5220 -10095 -8311
-4780 -10230 -8334
-3830 -10000 -8303
-6690 -10230 -8471
-3440 -10230 -8379
-3930 -10230 -8394
-3930 -10230 -8457
-4065 -10230 -8399
-4065 -10230 -8468
-6440 -10230 -8409
-5780 -10230 -8504
-5940 -10230 -8488
-4780 -10130 -8373
-5910 -10230 -8340
-4010 -10070 -8297
-5855 -10230 -8390
-5810 -10030 -8410
-3040 -10230 -8360
-3850 -10130 -8343
-2845 -10130 -8285
-2320 -10095 -8243
-4740 -10230 -8322
-4175 -10230 -8367
-4465 -10230 -8465
-4195 -10230 -8383
-4075 -10230 -8343
-4480 -10230 -8342
-3390 -10095 -8233
-3965 -10095 -8313
-3020 -10230 -8244
-3020 -9930 -8138
-4065 -10095 -8201
-4660 -10100 -8191
-5435 -10230 -8225
-6325 -10230 -8258
-6050 -10230 -8315
-5815 -10230 -8256
-3520 -9995 -8272
-4890 -10230 -8390
-4650 -10000 -8302
-1070 -10230 -8305
-5225 -10070 -8295
-5795 -10230 -8209
-6495 -9960 -8294
-4070 -10230 -8313
-4060 -10230 -8444
-4240 -10230 -8370
-5840 -10230 -8430
-4650 -10230 -8496
-4095 -10130 -8421
-5870 -10130 -8393
-5515 -10230 -8364
-3480 -10095 -8242
-4875 -10230 -8378
-2110 -10230 -8330
-4300 -10230 -8298
-4240 -10230 -8250
-4910 -10130 -8404
-4250 -10230 -8333
-4270 -10230 -8405
-4580 -10230 -8458
-3165 -10030 -8367
-3995 -10130 -8338
-5125 -10230 -8266
-5280 -10230 -8380
-5155 -10230 -8326
-4565 -10095 -8367
-6365 -10230 -8398
-6915 -10230 -8562
-6300 -10230 -8408
-4265 -10095 -8432
-6355 -10230 -8432
-3025 -10230 -8361
-4415 -9865 -8294
-4395 -10230 -8338
-3755 -10230 -8398
-4395 -10230 -8372
-3760 -10230 -8364
-3775 -10230 -8380
-4455 -10230 -8306
-6400 -10230 -8428
-4065 -10095 -8237
-4065 -9935 -8255
-6015 -10230 -8280
-5440 -10230 -8300
-4125 -10230 -8355
-3855 -10230 -8292
-4740 -10230 -8355
-3730 -10230 -8150
-3255 -10230 -8137
-3255 -10230 -8206
-3255 -10230 -8229
-3255 -10130 -8308
-4730 -10230 -8227
-4730 -10095 -8201
-3955 -10095 -8103
-4050 -10095 -8087
-3560 -10130 -8104
-5230 -10030 -8259
-4660 -10230 -8362
-4045 -10230 -8238
-3595 -10230 -8234
-4060 -9965 -8183
-4060 -9690 -8263
-4060 -10230 -8301
-3165 -10130 -8193
-3915 -10230 -8209
-4045 -10095 -8363
-4730 -10230 -8315
-5540 -10230 -8362
-5405 -10230 -8310
-4875 -10230 -8335
-4725 -10130 -8326
-3150 -10095 -8076
-4875 -10230 -8145
-3850 -10230 -8155
-3250 -10230 -8142
-3250 -10230 -8109
-3250 -10230 -8066
-3930 -10230 -8159
-4065 -10230 -8152
-3255 -10230 -8060
-3015 -10130 -8083
-3015 -10230 -8155
-3250 -10230 -8182
-3250 -10230 -8105
-3250 -10230 -8155
-3250 -10230 -8088
-3250 -10230 -8012
-3250 -10230 -7952
-3250 -10230 -7931
-3250 -10230 -7839
-3255 -10230 -7924
-3255 -10230 -7861
-3250 -10230 -7874
-3255 -10230 -7965
-1565 -10230 -8165
-2005 -10230 -8244
-3250 -10230 -8098
-3255 -10230 -8097
-3250 -10230 -8181
-3255 -10230 -8175
-3255 -10230 -8270
-3255 -10230 -8054
-3715 -10230 -8102
-3830 -10230 -8175
-3020 -10230 -8206
-3730 -10230 -8210
-3930 -10230 -8135
-3255 -10095 -8105
-4065 -10230 -8138
-4065 -10230 -8038
-3235 -10230 -8006
-3830 -10230 -8073
-3255 -10230 -8084
-3020 -10230 -8170
-3020 -10230 -8074
-3020 -10230 -8020
-3245 -10230 -8126
-4065 -10230 -8026
-4065 -10230 -7901
-3250 -10230 -7994
-3930 -10230 -8060
-3250 -10230 -8063
-3250 -10230 -7973
-3250 -10230 -8027
-3255 -10230 -7957
-3255 -10230 -7877
-3250 -10230 -7862
-3250 -10230 -7764
-3660 -10230 -7870
-3250 -10230 -7831
1100 -10230 -7840
-3250 -9830 -7821
-3250 -10230 -7800
-3250 -10230 -8017
-2125 -10230 -7981
-2125 -10230 -7963
-3250 -10230 -7937
-2965 -10230 -7842
-3255 -10095 -7973
-3180 -10230 -7991
-2895 -10230 -8060
-3015 -10095 -8107
-4065 -10230 -8048
-4065 -10095 -8123
-3530 -10230 -8084
-3530 -10230 -8114
-4065 -10230 -8095
-3255 -10230 -8029
-2735 -10230 -8015
-2175 -10230 -7962
-3130 -10230 -7972
-3255 -10230 -8049
-3255 -10230 -8014
-3250 -10230 -7965
-2935 -10230 -8039
-2720 -10230 -8100
-3830 -10230 -7925
-3020 -10230 -7919
-3830 -10230 -7875
-2915 -10230 -7971
-3595 -10230 -7963
-3385 -10230 -7928
-3255 -10230 -7866
-3255 -10230 -7839
-3255 -10230 -7564
-3255 -10230 -7557
-3255 -10095 -7545
-3170 -10230 -7748
-3255 -10230 -7744
-3255 -10230 -7838
-3255 -10230 -7903
-3020 -10230 -7921
-3020 -10230 -7901
-3020 -10230 -7765
-3015 -10230 -7734
-2850 -10230 -7846
-2685 -10230 -7802
-2805 -10230 -7584
-3040 -10230 -7751
-3040 -10230 -7606
-3040 -10230 -7591
-3015 -10230 -7556
-2850 -10230 -7435
-2850 -10230 -7228
-3020 -10230 -7366
-3020 -10230 -7336
-3020 -10230 -7283
-2250 -10230 -7343
-3020 -10230 -7386
-3130 -10230 -7281
-3020 -10230 -7292
-2850 -10230 -7484
-2320 -10230 -7431
-3040 -10230 -7413
-3020 -10230 -7344
-2545 -10230 -7187
-2320 -10230 -7267
-2320 -10230 -7289
-2815 -10230 -7219
-3020 -10230 -7182
-1915 -10230 -7046
-1915 -10230 -7112
-2320 -10230 -7081
-2320 -10230 -7239
-2410 -10230 -7434
-2410 -10230 -7327
-2410 -10230 -7260
-2410 -10230 -7259
-2805 -10230 -7248
-2920 -10230 -7463
-2085 -10230 -7519
-1565 -10230 -7446
-2615 -10230 -7416
-2615 -10095 -7237
-2685 -10230 -7311
-2685 -10230 -7249
-2850 -10230 -7400
-3015 -10230 -7313
-3015 -10230 -7377
-2320 -10230 -7395
-2320 -10100 -7319
-2320 -10230 -7340
-2320 -10230 -7362
-2685 -10230 -7448
-3020 -10230 -7496
-3020 -10095 -7392
-3255 -10230 -7375
-3255 -10230 -7330
-3020 -10230 -7316
-3020 -10095 -7248
-2385 -10230 -7373
-2385 -10230 -7404
-2385 -10230 -7626
-2385 -10230 -7638
-2360 -10230 -7646
-3020 -10230 -7493
-3255 -10230 -7575
-2995 -10230 -7395
-2410 -10230 -7467
-2410 -10095 -7460
-2410 -10230 -7191
-2410 -10230 -7176
-3020 -10230 -7118
-3015 -10230 -7359
-3020 -10230 -7249
-3020 -10230 -7267
-3020 -10230 -7337
-1785 -10230 -7263
-2995 -10230 -7119
-2995 -10095 -7128
-3020 -10230 -7136
-3020 -10230 -7004
-3255 -10230 -7472
-3255 -10230 -7426
-3020 -10230 -7273
-2420 -10230 -7231
-2620 -10230 -7112
-2620 -10230 -7274
-2490 -10230 -7336
-2490 -10230 -7127
-2490 -10230 -7072
-3020 -10230 -7176
-3205 -10230 -6975
-3020 -10230 -6959
-3250 -10095 -6674
-2850 -10230 -6625
-3020 -10230 -6902
-2785 -10230 -6728
-2785 -10230 -6864
-2785 -10230 -6988
-2620 -10230 -6775
-2785 -10230 -6887
-3020 -10230 -6766
-2785 -10230 -6563
-2805 -10230 -6590
-2620 -10230 -6554
-2620 -10230 -6541
-2615 -10230 -6536
1100 -10230 -6705
1100 -10230 -6324
-2410 -10095 -6236
-2785 -10230 -6618
-2785 -10230 -6552
-2785 -10230 -6611
-2785 -10230 -6575
-2515 -10230 -6507
-2410 -10230 -6470
-2410 -10230 -6801
-2720 -10230 -6733
-2620 -10230 -6995
-2175 -10230 -6899
-2685 -10230 -7150
-2700 -10230 -6827
-2700 -10230 -6729
-2820 -10230 -6722
-2420 -10230 -6665
-2420 -10230 -6605
-2715 -10230 -6639
-2715 -10230 -6604
-2705 -10230 -6503
-2705 -10130 -6503
-2850 -10230 -6561
-3015 -10230 -6597
-2700 -10230 -6567
-2720 -10095 -6558
-2720 -10230 -6384
-2720 -10230 -6598
290 -10230 -6429
290 -10230 -6344
1100 -10230 -6376
-2720 -10230 -6555
-2720 -10230 -6390
-2715 -10230 -6366
-2385 -10230 -6317
-2385 -10230 -6289
-2405 -10230 -6321
-2405 -10230 -6120
-2405 -10230 -6069
-2685 -10230 -6078
-2105 -10230 -6471
290 -10230 -6338
-2315 -10230 -6330
-2115 -10230 -6439
-2685 -10230 -6272
-2685 -10095 -6305
-2685 -10230 -6414
-2130 -10230 -6493
-2685 -10095 -6532
-2395 -10230 -6512
-3015 -10095 -6338
-2820 -10095 -6123
-2820 -10095 -6085
-2820 -10230 -6054
-2920 -10230 -6028
-2075 -10095 -6003
-2785 -10230 -6095
-2685 -10230 -6291
-2685 -10095 -6033
-2685 -9960 -6262
-2000 -10230 -6235
-2660 -10230 -5903
-2615 -10230 -5788
-2615 -10095 -5949
-2615 -10230 -6079
-2785 -10095 -5859
-2785 -10230 -5918
-2785 -10230 -5953
-2785 -10230 -5880
-2785 -10095 -6042
-2785 -10230 -5887
-2785 -10230 -6056
-2700 -10230 -6170
-2410 -10095 -5859
-2410 -10095 -5888
-2410 -10230 -6082
-2320 -10230 -5937
-2085 -9960 -5902
-2315 -10230 -5988
-2315 -10095 -5831
-2315 -10230 -6012
-1985 -10230 -6147
-1985 -10230 -6435
-2105 -10230 -6342
-2105 -10230 -5965
-1985 -10230 -5961
-2105 -10230 -5929
-2105 -9960 -5457
-2105 -10095 -5552
-1985 -10230 -5676
-1985 -10095 -5705
-1985 -10230 -5768
-2410 -10230 -5572
-2410 -9440 -5724
-2410 -9420 -5615
-2410 -10095 -5768
-2320 -10230 -5707
-2085 -10095 -5933
1100 -10095 -6197
-2105 -10230 -6242
-2085 -10230 -6040
-2075 -9960 -5680
-2285 -10095 -5540
-2215 -10230 -5795
-1715 -10230 -5678
290 -10230 -5736
290 -10230 -5778
1100 -10230 -5854
1100 -10230 -6071
-2300 -10230 -5714
-2300 -10230 -5787
-2615 -10230 -5789
-2320 -10230 -5787
-2505 -10230 -5881
-2505 -10230 -5620
-2315 -10230 -5426
-2315 -10230 -5685
-2315 -10230 -5835
-2315 -10095 -5612
-2315 -10230 -5433
-2085 -9420 -5447
-2315 -10230 -5412
-1475 -9960 -5310
-1475 -10095 -5440
-1795 -9690 -5254
-2175 -9960 -5310
-2195 -9415 -5451
-2085 -10095 -5423
-2085 -9420 -5277
-2315 -9960 -5391
-2315 -9580 -5178
-2075 -10095 -5327
-2075 -10095 -5405
-2075 -9690 -5450
-2075 -10230 -5782
-2075 -9960 -5785
-2075 -9420 -5588
-2075 -9690 -5578
-2075 -10230 -5578
-2075 -10095 -5564
-2075 -10230 -5571
-2085 -10230 -5508
-2085 -9555 -5420
-2085 -10230 -5361
-2085 -10095 -5308
-1915 -10230 -5255
-2085 -9825 -5042
-2305 -10095 -5098
1335 -10095 -5139
-2320 -10230 -5471
-2320 -10230 -5365
-2320 -9420 -5479
-2085 -9825 -5431
-2320 -10230 -5339
-2205 -9960 -5350
-2320 -10095 -5095
-2085 -10095 -5015
-2085 -9420 -5304
-2085 -9690 -5249
-2085 -10095 -5275
-2085 -9960 -5442
-2085 -10095 -5051
-2085 -9415 -4836
-2085 -9415 -4831
-2085 -10095 -4868
425 -9960 -4969
-1985 -10095 -5039
-1985 -10095 -4828
-1485 -10095 -4858
-1485 -9420 -4658
1100 -9555 -4714
1100 -9960 -4853
1100 -10230 -5067
1100 -10230 -4868
1100 -9960 -4991
1100 -9415 -5011
1100 -9150 -5168
1100 -10230 -5263
1100 -10230 -5393
1100 -10230 -4943
1100 -10230 -4714
1100 -10230 -5037
1100 -10230 -4844
1100 -10230 -4541
-1475 -10230 -4815
-1475 -10095 -4750
-1475 -10095 -4729
-1475 -9415 -4829
-1475 -10230 -4714
1315 -9960 -4801
1335 -9420 -4571
1335 -9415 -4687
1335 -10095 -4644
1100 -10230 -4980
1100 -9960 -4837
1335 -10095 -4670
425 -9420 -4820
425 -9825 -4720
1335 -9690 -4847
1335 -9420 -4857
-2005 -9825 -4665
290 -10095 -4831
1335 -10230 -4492
1335 -10230 -4647
425 -9285 -4679
290 -10095 -5047
290 -10230 -4920
290 -10095 -4969
290 -10230 -4920
290 -10095 -4598
290 -10095 -4613
290 -9690 -4357
290 -10095 -4557
290 -10095 -4630
1100 -9415 -4370
1100 -9415 -4421
1100 -10095 -4492
1100 -9280 -4371
1100 -10230 -4329
1105 -9420 -4267
1335 -9285 -4347
1335 -10230 -4364
1335 -9285 -4301
1100 -9825 -3952
1335 -9960 -4063
1335 -9415 -4332
1335 -10230 -4399
1335 -9825 -4020
1100 -10095 -3998
1100 -10230 -3868
1100 -9285 -3919
1100 -10095 -3914
1100 -10230 -3493
1105 -9960 -3576
1100 -10095 -3859
1100 -9415 -3869
1100 -9825 -3748
1100 -10230 -3952
1100 -9825 -3864
1100 -9150 -3705
1100 -10095 -3629
1100 -10095 -3566
1100 -9825 -3386
1100 -10095 -3431
1100 -9420 -3610
1100 -9960 -3513
1335 -9690 -3554
1335 -9690 -3476
1335 -9285 -3280
1335 -9415 -3221
1505 -10230 -3147
1335 -9420 -3284
1335 -9825 -3601
1335 -10230 -3268
1335 -9960 -3464
1335 -9415 -3380
1335 -9960 -3494
1335 -10095 -3337
1505 -10230 -3126
1505 -9420 -3286
1505 -9285 -3172
1505 -9690 -2960
1505 -9420 -2799
1335 -9960 -3017
1335 -10095 -2649
1335 -9960 -3043
1435 -9960 -2899
1435 -10095 -2562
1435 -10230 -2459
1435 -9825 -2575
1435 -8880 -2485
1435 -10095 -2023
1435 -9420 -2301
2035 -9420 -2089
2035 -9825 -2140
2035 -9415 -2253
2035 -9420 -2464
2035 -9420 -2353
1435 -10095 -2607
2035 -9415 -2553
2035 -9070 -2346
2035 -9825 -2190
2035 -9185 -2349
2035 -10230 -2331
2035 -9960 -2299
2035 -10095 -2395
2035 -9150 -2155
2035 -9285 -2308
2035 -9825 -2283
2035 -9825 -1996
2035 -9825 -1991
2035 -9690 -1842
2035 -9420 -1683
2035 -10230 -1554
2035 -9185 -1445
2035 -8880 -1552
2035 -9825 -1330
2035 -10095 -1750
2035 -9085 -1218
2035 -9960 -1826
2035 -9085 -2021
2035 -9050 -1607
2035 -10095 -1018
2035 -8340 -723
2035 -8880 -657
2035 -8915 -519
2035 -8645 -384
2035 -8880 -755
2035 -8880 -866
2035 -8615 -680
2035 -7760 -657
2035 -8260 -856
2035 -8475 -719
2035 -8390 -959
2035 -9015 -1227
2035 -9960 -1175
2035 -8645 -1068
2035 -9555 -1215
2035 -7950 -1013
2035 -9015 -1353
2035 -8160 -1036
2035 -9070 -1240
2035 -8985 -1068
2035 -10230 -1122
2035 -9010 -1022
2035 -8880 -889
2035 -8485 -785
2035 -7840 -724
2035 -9690 -888
2035 -9690 -661
2035 -10095 -758
2035 -9960 -850
2035 -9050 -1129
2035 -9285 -1192
2035 -8465 -697
2035 -8410 -643
2035 -8070 -742
2035 -8340 -760
2035 -8745 -840
2035 -9420 -505
2035 -9960 -274
2035 -8745 -340
2035 -8880 -200
2035 -8715 -352
2035 -10095 -177
2035 -7330 48
2035 -8880 -74
2035 -9015 2
2035 -7135 89
2035 -9690 26
2035 -7340 -34
2035 -7440 -203
2035 -8350 -60
2035 -7835 297
2035 -8880 -92
2035 -8350 84
2035 -8350 -5
2035 -9420 -130
2035 -8880 -241
2035 -9205 -214
2035 -9285 -131
2035 -8080 -137
2035 -7330 36
2035 -10230 -113
2035 -9415 501
2035 -8350 575
2035 -7535 674
2035 -8100 723
2035 -7800 471
2035 -8745 471
2035 -8880 293
2035 -8215 600
2035 -8350 419
2035 -8350 495
2035 -8440 172
2035 -7835 496
2035 -7460 373
2035 -7675 573
2035 -8830 272
2035 -8350 455
2035 -8350 679
2035 -7625 606
2035 -7135 527
2035 -8060 544
2035 -7330 429
2035 -7885 623
2035 -7340 519
2035 -9555 373
2035 -8545 249
2035 -7760 621
2035 -7330 634
2035 -8745 438
2035 -8070 631
2035 -8350 490
2035 -7835 246
2035 -6015 887
2035 -9280 1187
2035 -8350 973
2035 -7135 1198
2035 -7135 1383
2035 -6710 974
2035 -7135 1102
2035 -8475 910
2035 -8880 878
2035 -5695 1261
2035 -7135 970
2035 -8065 1030
2035 -7460 1117
2035 -7135 1301
2035 -7135 1200
2035 -7675 1388
2035 -7945 1101
2035 -8350 1130
2035 -6515 1450
2035 -7135 1318
2035 -7135 1154
2035 -7270 1352
2035 -7855 1064
2035 -7250 899
2035 -6830 951
2035 -7670 1199
2035 -6115 1319
2035 -8450 1112
2035 -8780 1097
2035 -7670 1105
2035 -7135 987
2035 -5585 1429
2035 -3320 1585
2035 -6015 1613
2035 -7135 1503
2035 -3320 1715
2035 -7135 1493
2035 -8880 1488
2035 -6800 1457
2035 -7135 1514
2035 -5585 1884
2035 -5585 1564
2035 -7135 1703
2035 -7270 1373
2035 -3320 1862
2035 -5585 1811
2035 -6015 1695
2035 -5585 1653
3835 -8485 1774
3835 -7135 1543
3835 -5585 1839
3835 -5585 1863
3835 -5585 1859
3835 -8475 1854
3835 -5585 2076
3835 -7135 2357
3835 -4060 2629
5550 -5585 2873
5550 -4120 3213
5550 -3785 3212
5550 -5235 3313
5550 -8070 3258
5550 290 3897
5550 3835 4075
5550 3835 4315
5550 3835 4710
5550 3835 5173
5550 3835 5499
5550 5550 5550
5550 5550 5550
5550 5550 5550
5550 5550 5550
5550 5550 5550
5550 5550 5550
5550 5550 5550
5550 5550 5550
5550 5550 5550
5550 5550 5550
5550 5550 5550
5550 5550 5550
5550 5550 5550
5550 5550 5550
5550 5550 5550
5550 5550 5550
5550 5550 5550
5550 5550 5550
5550 5550 5550
5550 5550 5550
5550 5550 5550
5550 5550 5550
5550 5550 5550
5550 5550 5550
5550 5550 5550
5550 5550 5550
5550 5550 5550
5550 5550 5550
5550 5550 5550
5550 5550 5550
5550 5550 5550
5550 5550 5550
5550 5550 5550
5550 5550 5550
5550 5550 5550
5550 5550 5550
5550 5550 5550
5550 5550 5550
5550 5550 5550
5550 5550 5550
5550 5550 5550
5550 5550 5550
5550 5550 5550
5550 5550 5550
5550 5550 5550
5550 5550 5550
5550 5550 5550
5550 5550 5550
5550 5550 5550
5550 5550 5550
5550 5550 5550
5550 5550 5550
5550 5550 5550
5550 5550 5550
5550 5550 5550
5550 5550 5550
5550 5550 5550
5550 5550 5550
5550 5550 5550
5550 5550 5550
5550 5550 5550
5550 5550 5550
5550 5550 5550
5550 5550 5550
5550 5550 5550
5550 5550 5550
5550 5550 5550
5550 5550 5550
5550 5550 5550
5550 5550 5550
5550 5550 5550
5550 5550 5550
5550 5550 5550
5550 5550 5550
5550 5550 5550
5550 5550 5550
5550 5550 5550
5550 5550 5550
5550 5550 5550
5550 5550 5550
5550 5550 5550
5550 5550 5550
5550 5550 5550
5550 5550 5550
5550 5550 5550
5550 5550 5550
5550 5550 5550
5550 5550 5550
5550 5550 5550
5550 5550 5550
5550 5550 5550
5550 5550 5550
5550 5550 5550
5550 5550 5550
5550 5550 5550
5550 5550 5550
5550 5550 5550
5550 5550 5550
5550 5550 5550
5550 5550 5550
5550 5550 5550
5550 5550 5550
5550 5550 5550
5550 5550 5550
5550 5550 5550
5550 5550 5550
5550 5550 5550
5550 5550 5550
5550 5550 5550
5550 5550 5550
5550 5550 5550
5550 5550 5550
5550 5550 5550
5550 5550 5550
5550 5550 5550
5550 5550 5550
5550 5550 5550
5550 5550 5550
5550 5550 5550
5550 5550 5550
5550 5550 5550
5550 5550 5550
5550 5550 5550
5550 5550 5550
5550 5550 5550
5550 5550 5550
5550 5550 5550
5550 5550 5550
5550 5550 5550
5550 5550 5550
5550 5550 5550
5550 5550 5550
5550 5550 5550
5550 5550 5550
5550 5550 5550
5550 5550 5550
5550 5550 5550
5550 5550 5550
5550 5550 5550
5550 5550 5550
5550 5550 5550
5550 5550 5550
5550 5550 5550
5550 5550 5550
5550 5550 5550
5550 5550 5550
5550 5550 5550
5550 5550 5550
5550 5550 5550
5550 5550 5550
5550 5550 5550
5550 5550 5550
5550 5550 5550
5550 5550 5550
5550 5550 5550
5550 5550 5550
5550 5550 5550
5550 5550 5550
5550 5550 5550
5550 5550 5550
5550 5550 5550
5550 5550 5550
5550 5550 5550
5550 5550 5550
5550 5550 5550
5550 5550 5550
5550 5550 5550
5550 5550 5550
5550 5550 5550
5550 5550 5550
5550 5550 5550
5550 5550 5550
5550 5550 5550
5550 5550 5550
5550 5550 5550
5550 5550 5550
5550 5550 5550
5550 5550 5550
5550 5550 5550
5550 5550 5550
5550 5550 5550
5550 5550 5550
5550 5550 5550
5550 5550 5550
5550 5550 5550
5550 5550 5550
5550 5550 5550
5550 5550 5550
5550 5550 5550
5550 5550 5550
5550 5550 5550
5550 5550 5550
5550 5550 5550
5550 5550 5550
5550 5550 5550
5550 5550 5550
5550 5550 5550
5550 5550 5550
5550 5550 5550
5550 5550 5550
5550 5550 5550
5550 5550 5550
5550 5550 5550
5550 5550 5550
5550 5550 5550
5550 5550 5550
5550 5550 5550
5550 5550 5550
5550 5550 5550
5550 5550 5550
5550 5550 5550
5550 5550 5550
5550 5550 5550
5550 5550 5550
5550 5550 5550
5550 5550 5550
5550 5550 5550
5550 5550 5550
5550 5550 5550
5550 5550 5550
5550 5550 5550
5550 5550 5550
5550 5550 5550
5550 5550 5550
5550 5550 5550
5550 5550 5550
5550 5550 5550
5550 5550 5550
5550 5550 5550
5550 5550 5550
5550 5550 5550
5550 5550 5550
5550 5550 5550
5550 5550 5550
5550 5550 5550
5550 5550 5550
5550 5550 5550
5550 5550 5550
5550 5550 5550
5550 5550 5550
5550 5550 5550
5550 5550 5550
5550 5550 5550
5550 5550 5550
5550 5550 5550
5550 5550 5550
5550 5550 5550
5550 5550 5550
5550 5550 5550
5550 5550 5550
5550 5550 5550
5550 5550 5550
5550 5550 5550
5550 5550 5550
5550 5550 5550
5550 5550 5550
5550 5550 5550
5550 5550 5550
5550 5550 5550
5550 5550 5550
5550 5550 5550
5550 5550 5550
5550 5550 5550
5550 5550 5550
5550 5550 5550
5550 5550 5550
5550 5550 5550
5550 5550 5550
5550 5550 5550
5550 5550 5550
5550 5550 5550
5550 5550 5550
5550 5550 5550
5550 5550 5550
5550 5550 5550
5550 5550 5550
5550 5550 5550
5550 5550 5550
5550 5550 5550
5550 5550 5550
5550 5550 5550
5550 5550 5550
5550 5550 5550
5550 5550 5550
5550 5550 5550
5550 5550 5550
5550 5550 5550
5550 5550 5550
5550 5550 5550
5550 5550 5550
5550 5550 5550
5550 5550 5550
5550 5550 5550
5550 5550 5550
5550 5550 5550
5550 5550 5550
5550 5550 5550
5550 5550 5550
5550 5550 5550
5550 5550 5550
5550 5550 5550
5550 5550 5550
5550 5550 5550
5550 5550 5550
5550 5550 5550
5550 5550 5550
5550 5550 5550
5550 5550 5550
5550 5550 5550
5550 5550 5550
5550 5550 5550
5550 5550 5550
5550 5550 5550
5550 5550 5550
5550 5550 5550
5550 5550 5550
5550 5550 5550
5550 5550 5550
5550 5550 5550
5550 5550 5550
5550 5550 5550
5550 5550 5550
5550 5550 5550
5550 5550 5550
5550 5550 5550
5550 5550 5550
5550 5550 5550
5550 5550 5550
5550 5550 5550
5550 5550 5550
5550 5550 5550
5550 5550 5550
5550 5550 5550
5550 5550 5550
5550 5550 5550
5550 5550 5550
5550 5550 5550
5550 5550 5550
5550 5550 5550
5550 5550 5550
5550 5550 5550
5550 5550 5550
5550 5550 5550
5550 5550 5550
5550 5550 5550
5550 5550 5550
5550 5550 5550
5550 5550 5550
5550 5550 5550
5550 5550 5550
5550 5550 5550
5550 5550 5550
5550 5550 5550
5550 5550 5550
5550 5550 5550
5550 5550 5550
5550 5550 5550
5550 5550 5550
5550 5550 5550
5550 5550 5550
5550 5550 5550
5550 5550 5550
5550 5550 5550
5550 5550 5550
5550 5550 5550
5550 5550 5550
5550 5550 5550
5550 5550 5550
5550 5550 5550
5550 5550 5550
5550 5550 5550
5550 5550 5550
5550 5550 5550
5550 5550 5550
5550 5550 5550
5550 5550 5550
5550 5550 5550
5550 5550 5550
5550 5550 5550
5550 5550 5550
5550 5550 5550
5550 5550 5550
5550 5550 5550
5550 5550 5550
5550 5550 5550
5550 5550 5550
5550 5550 5550
5550 5550 5550
5550 5550 5550
5550 5550 5550
5550 5550 5550
5550 5550 5550
5550 5550 5550
5550 5550 5550
5550 5550 5550
5550 5550 5550
5550 5550 5550
5550 5550 5550
5550 5550 5550
5550 5550 5550
5550 5550 5550
5550 5550 5550
5550 5550 5550
5550 5550 5550
5550 5550 5550
5550 5550 5550
5550 5550 5550
5550 5550 5550
5550 5550 5550
5550 5550 5550
5550 5550 5550
5550 5550 5550
5550 5550 5550
5550 5550 5550
5550 5550 5550
5550 5550 5550
5550 5550 5550
5550 5550 5550
5550 5550 5550
5550 5550 5550
5550 5550 5550
5550 5550 5550
5550 5550 5550
5550 5550 5550
5550 5550 5550
5550 5550 5550
5550 5550 5550
5550 5550 5550
5550 5550 5550
5550 5550 5550
5550 5550 5550
5550 5550 5550
5550 5550 5550
5550 5550 5550
5550 5550 5550
5550 5550 5550
5550 5550 5550
5550 5550 5550
5550 5550 5550
5550 5550 5550
5550 5550 5550
5550 5550 5550
5550 5550 5550
5550 5550 5550
5550 5550 5550
5550 5550 5550
5550 5550 5550
5550 5550 5550
5550 5550 5550
5550 5550 5550
5550 5550 5550
5550 5550 5550
5550 5550 5550
5550 5550 5550
5550 5550 5550
5550 5550 5550
5550 5550 5550
5550 5550 5550
5550 5550 5550
5550 5550 5550
5550 5550 5550
5550 5550 5550
5550 5550 5550
5550 5550 5550
5550 5550 5550
5550 5550 5550
5550 5550 5550
5550 5550 5550
5550 5550 5550
5550 5550 5550
-9505 -7780 -8995
-4845 -10230 -8877
-6485 -10230 -8735
-4065 -10230 -8718
-4420 -10230 -8764
-6950 -10230 -8789
-5800 -10230 -8741
-6555 -10230 -8782
-5985 -10230 -8658
-5290 -10230 -8644
-6530 -10230 -8618
-4715 -10230 -8499
-5345 -10230 -8603
-5280 -10030 -8611
-4820 -10130 -8631
-4645 -10130 -8505
-6665 -10230 -8593
-4990 -10100 -8486
-6105 -10130 -8424
-5610 -10130 -8409
-5245 -10130 -8542
-2880 -10095 -8483
-4975 -10130 -8494
-4845 -10130 -8446
-5165 -10130 -8431
-3575 -10030 -8372
-5460 -10230 -8514
-6325 -9930 -8472
-6365 -10130 -8520
-5620 -10230 -8574
-6100 -10130 -8525
-5390 -10130 -8631
-5985 -10230 -8611
-3530 -10230 -8598
-5470 -10130 -8573
-6425 -10130 -8498
-5540 -10130 -8517
-6245 -10130 -8609
-5855 -10130 -8545
-5435 -10100 -8530
-6045 -10230 -8474
-5410 -10130 -8535
-6690 -10230 -8612
-5430 -10095 -8542
-5935 -10130 -8537
-4020 -10130 -8543
-4485 -10030 -8471
-4935 -10230 -8566
-4890 -10130 -8485
-4930 -10230 -8498
-5225 -10130 -8595
-6370 -10230 -8514
-6190 -10130 -8557
-4380 -10130 -8567
-4260 -10230 -8528
-6425 -10130 -8537
-5700 -10130 -8512
-5945 -10100 -8491
-6245 -10130 -8538
-5725 -10130 -8490
-5605 -10130 -8431
-4705 -10230 -8473
-5500 -10230 -8566
-5975 -10130 -8569
-4235 -10130 -8404
-5060 -10030 -8470
-5440 -10030 -8461
-5470 -10230 -8546
-5250 -10130 -8551
-3490 -10130 -8528
-6015 -10230 -8566
-4970 -10130 -8545
-5835 -10230 -8631
-6190 -10130 -8600
-6120 -10130 -8520
-5850 -9930 -8476
-5505 -10130 -8573
-4615 -10095 -8464
-6345 -10230 -8426
-6195 -10000 -8585
-6175 -10030 -8514
-6380 -10130 -8587
-5900 -10130 -8529
-5025 -10000 -8529
-5950 -10130 -8564
-5280 -10130 -8488
-5745 -10130 -8568
-5715 -10230 -8501
-5500 -10130 -8452
-5880 -10095 -8499
-5740 -10100 -8409
-6915 -10130 -8588
-5750 -10070 -8522
-3785 -10230 -8512
-5965 -10030 -8534
-4775 -10130 -8449
-6210 -10230 -8547
-5925 -10230 -8595
-5495 -10230 -8542
-6470 -10095 -8531
-6370 -10130 -8426
-5460 -10130 -8448
-5430 -10095 -8490
-5250 -10000 -8440
-6040 -10130 -8444
-5645 -10100 -8452
-6210 -10130 -8589
-6010 -10130 -8643
-2640 -10095 -8515
-2450 -10030 -8560
-4405 -10130 -8540
-6720 -10130 -8527
-5715 -10130 -8653
-6330 -10230 -8603
-4060 -10095 -8550
-5760 -10030 -8544
-5500 -10030 -8511
-6470 -10230 -8625
-5595 -9995 -8557
-6250 -10030 -8457
-5840 -10130 -8513
-5550 -10130 -8498
-3700 -10100 -8535
-4030 -10065 -8513
-5190 -10230 -8551
-4970 -10030 -8520
-3820 -10130 -8444
-4725 -10230 -8537
-6195 -10100 -8497
-5400 -10095 -8393
-5025 -10130 -8493
-6610 -10030 -8569
-5815 -10130 -8539
-5440 -10230 -8533
-6485 -10230 -8546
-5285 -10130 -8548
-3925 -10130 -8485
-3305 -10030 -8438
-6710 -10230 -8593
-6290 -10230 -8536
-5470 -10230 -8515
-6125 -10130 -8547
-4050 -10130 -8557
-4015 -10230 -8505
-3230 -10130 -8520
-5070 -10030 -8548
-5570 -10230 -8398
-6200 -10230 -8512
-5030 -10095 -8521
-4205 -10130 -8449
-6400 -10100 -8616
-3250 -10030 -8489
-5860 -10230 -8592
-4710 -10095 -8474
-3360 -10130 -8570
-3955 -10130 -8518
-6295 -10230 -8671
-6000 -10130 -8511
-4315 -10130 -8564
-6535 -10230 -8631
-4920 -10130 -8508
-5555 -10130 -8448
-6390 -10230 -8579
-5030 -10100 -8496
-6365 -10130 -8491
-4360 -10130 -8499
-5860 -10130 -8389
-5510 -10230 -8397
-5505 -10130 -8557
-5235 -10230 -8547
-4615 -10100 -8555
-6030 -10230 -8574
-5260 -10100 -8531
-6015 -10130 -8493
-5385 -10230 -8404
-5285 -10230 -8468
-3795 -10130 -8568
-5690 -10130 -8468
-5045 -10230 -8462
-4200 -10130 -8467
-4845 -10130 -8582
-3255 -10230 -8451
-5325 -10030 -8504
-2630 -10130 -8533
-6325 -10230 -8527
-4405 -10230 -8508
-5930 -10130 -8559
-4535 -10130 -8520
-5040 -10230 -8509
-5850 -10130 -8484
-5870 -10130 -8522
-5665 -10100 -8572
-5770 -10130 -8457
-6445 -10230 -8505
-6010 -10230 -8516
-5865 -10230 -8553
-5900 -10230 -8596
-5280 -10230 -8470
-5600 -10130 -8495
-5720 -10230 -8461
-6015 -10100 -8467
-6115 -10230 -8472
-4840 -10095 -8537
-6175 -10230 -8458
-4485 -10130 -8445
-6005 -10130 -8544
-5830 -10130 -8612
-4090 -10130 -8487
-5425 -10230 -8496
-5195 -10230 -8488
-5635 -10130 -8599
-4610 -10230 -8452
-4190 -10130 -8421
-3530 -10100 -8458
-4510 -10130 -8431
-6210 -10130 -8546
-6300 -10230 -8494
-4805 -10130 -8408
-6130 -10130 -8420
-5440 -10095 -8499
-5390 -10230 -8434
-5780 -10130 -8571
-5845 -10230 -8442
-5910 -10230 -8536
-4720 -10130 -8399
-5555 -10100 -8470
-6425 -10130 -8502
-5705 -10230 -8508
-6020 -10030 -8459
-5905 -10230 -8499
-3975 -10130 -8440
-2245 -10130 -8436
-3605 -10230 -8365
-4600 -10095 -8480
-4020 -10100 -8437
-4155 -10130 -8479
-3680 -10230 -8435
-6250 -10100 -8416
-5115 -10130 -8389
-5115 -10130 -8415
-5770 -10130 -8511
-4270 -9995 -8494
-5400 -10230 -8520
-5945 -10130 -8474
-5450 -10130 -8549
-4955 -10130 -8422
-5650 -9965 -8401
-4545 -10130 -8506
-4255 -10230 -8466
-5520 -10100 -8395
-5545 -10130 -8457
-4465 -10230 -8493
-5305 -10000 -8494
-5600 -10130 -8588
-5360 -10230 -8605
-5020 -10230 -8555
-4785 -10230 -8556
-4420 -10100 -8553
-4415 -10230 -8580
-4975 -10100 -8505
-6365 -10230 -8642
-6555 -10130 -8595
-6570 -10230 -8644
-4985 -10130 -8506
-5790 -10230 -8496
-4870 -10130 -8470
-6070 -10130 -8489
-5765 -10130 -8450
-4890 -10130 -8425
-4045 -10000 -8447
-4740 -10100 -8428
-5165 -10230 -8485
-5390 -10100 -8422
-4755 -10130 -8519
-4955 -10230 -8486
-5495 -10230 -8441
-6130 -10230 -8580
-4050 -10230 -8558
-6055 -10095 -8496
-5355 -10130 -8471
-5665 -10230 -8547
-5020 -10030 -8499
-3085 -10095 -8438
-5435 -10230 -8479
-4405 -10230 -8467
-5845 -10130 -8448
-5105 -10130 -8410
-3930 -10100 -8483
-4455 -10130 -8488
-4720 -10230 -8558
-6310 -10130 -8486
-4095 -10130 -8492
-5920 -10230 -8661
-5830 -10130 -8418
-4120 -10230 -8467
-6135 -10230 -8481
-5570 -10130 -8422
-6150 -10130 -8355
-4050 -10065 -8402
-5925 -10030 -8477
-5540 -10100 -8533
-4460 -10030 -8471
-6570 -10000 -8511
-5540 -10130 -8449
-5420 -10130 -8461
-5750 -10130 -8506
-6015 -10065 -8457
-6110 -10130 -8486
-5990 -10230 -8552
-5400 -10030 -8512
-3905 -10230 -8458
-5615 -10130 -8409
-3785 -10095 -8421
-4050 -10130 -8363
-5155 -10130 -8405
-4560 -10130 -8474
-5305 -10130 -8436
-5770 -10130 -8523
-5205 -10230 -8465
-6400 -10230 -8528
-4925 -10230 -8527
-3595 -10230 -8515
-4540 -10000 -8438
-5035 -10130 -8425
-4860 -10230 -8501
-5630 -10100 -8521
-5170 -10130 -8477
-6290 -10130 -8581
-6395 -10230 -8490
-6675 -10230 -8534
-6005 -10230 -8503
-6525 -10130 -8532
-5280 -10030 -8527
-4470 -10130 -8491
-4955 -10130 -8426
-3270 -10130 -8328
-5420 -10130 -8454
-4780 -10230 -8367
-5885 -10130 -8375
-5320 -10130 -8291
-4185 -10030 -8420
-4525 -10130 -8477
-4925 -10230 -8409
-6005 -10230 -8539
-5105 -10230 -8485
-3660 -10095 -8437
-3540 -10130 -8460
-3725 -10230 -8582
-3305 -10230 -8531
-5180 -10130 -8483
-5320 -10130 -8395
-6195 -10130 -8477
-6065 -10230 -8468
-5745 -10130 -8588
-3930 -10230 -8492
-5660 -10130 -8474
-5905 -10230 -8546
-6195 -10130 -8580
-6510 -10230 -8612
-5665 -10130 -8464
-1935 -10130 -8443
-5080 -10230 -8597
-6360 -10230 -8555
-6315 -10230 -8574
-5315 -10230 -8546
-3700 -10230 -8473
-3730 -10100 -8443
-5010 -10130 -8598
-5870 -10230 -8487
-5590 -10230 -8553
-5490 -10100 -8521
-4545 -10230 -8504
-3235 -10130 -8402
-6060 -10130 -8443
-5650 -10130 -8537
-5280 -10095 -8490
-5315 -10095 -8514
-4580 -10130 -8533
-4885 -10130 -8475
-3980 -10130 -8426
-3805 -10030 -8532
-4520 -10230 -8538
-6110 -10230 -8459
-5665 -10130 -8436
-6035 -10230 -8464
-3355 -10230 -8444
-4300 -10000 -8437
-5655 -10230 -8539
-5390 -10130 -8521
-6140 -10095 -8455
-6350 -10130 -8509
-5505 -10130 -8419
-5490 -10230 -8510
-5725 -10030 -8512
-5760 -10130 -8569
-5155 -10230 -8447
-5060 -10230 -8472
-5080 -10095 -8446
-5950 -10030 -8496
-4545 -10230 -8456
-5720 -10230 -8529
-6180 -10130 -8505
-4015 -10095 -8454
-5545 -10130 -8554
-6085 -10030 -8505
-5205 -10230 -8460
-4595 -10030 -8523
-5440 -10230 -8435
-6395 -10230 -8558
-5585 -10230 -8442
-6525 -10230 -8610
-5315 -10070 -8446
-5635 -10230 -8366
-5360 -10230 -8439
-6310 -10130 -8444
-5770 -10230 -8416
-6265 -9960 -8361
-6465 -10230 -8512
-6215 -10070 -8488
-3965 -10230 -8451
-4985 -10130 -8508
-5735 -10100 -8571
-4915 -10130 -8564
-6070 -10230 -8539
-5645 -10230 -8514
-6115 -10130 -8514
-5540 -10100 -8460
-5850 -10130 -8517
-6040 -9900 -8391
-5485 -10130 -8404
-6420 -10130 -8543
-5950 -10100 -8373
-6285 -10230 -8499
-6055 -10130 -8631
-6480 -10230 -8519
-5435 -10230 -8510
-5685 -10230 -8505
-5620 -10130 -8471
-5425 -10230 -8409
-5200 -10230 -8364
-4770 -10230 -8382
-5925 -10230 -8512
-5305 -10130 -8420
-5915 -9970 -8347
-3095 -10130 -8396
-4360 -10230 -8451
-4610 -10230 -8436
-3905 -10095 -8470
-4730 -10230 -8517
-6495 -10100 -8462
-3730 -10230 -8439
-5860 -10000 -8434
-6210 -10130 -8516
-6550 -10130 -8453
-5925 -10130 -8489
-6530 -10230 -8457
-5785 -10130 -8452
-6105 -10130 -8463
-4705 -10130 -8384
-4815 -10130 -8401
-4790 -10230 -8497
-6000 -10095 -8481
-3530 -10100 -8384
-6370 -10130 -8483
-5700 -10230 -8412
-4615 -10030 -8446
-5455 -10130 -8412
-3715 -10100 -8414
-4615 -10230 -8362
-5675 -10130 -8335
-5465 -10130 -8402
-4445 -10130 -8375
-5755 -10230 -8372
-3185 -10030 -8372
-3665 -10130 -8410
-5510 -10030 -8411
-4185 -10100 -8486
-5660 -9995 -8364
-4665 -10230 -8379
-5655 -10230 -8459
-3425 -10130 -8372
-5225 -10230 -8290
-4525 -10130 -8364
-5830 -10095 -8489
-5860 -10130 -8517
-6455 -10230 -8500
-3230 -10130 -8530
-6175 -10230 -8466
-5005 -10100 -8428
-3965 -10230 -8455
-4620 -10130 -8378
-5300 -10230 -8470
-6105 -10230 -8468
-3705 -10030 -8460
-4525 -10130 -8540
-5265 -10100 -8454
-4475 -10095 -8502
-4475 -10230 -8477
-4955 -10230 -8457
-5995 -10100 -8372
-6215 -10130 -8497
-6125 -10230 -8377
-5255 -10230 -8444
-4350 -10130 -8375
-5910 -10230 -8530
-6150 -10030 -8371
-5910 -10230 -8357
-3745 -10130 -8499
-6145 -10130 -8521
-5765 -10030 -8397
-4515 -10230 -8421
-5195 -10100 -8393
-5255 -10230 -8387
-4220 -10130 -8430
-6725 -10230 -8557
-5410 -10130 -8404
-5165 -10230 -8369
-5065 -10230 -8388
-5415 -10230 -8439
-4560 -10230 -8443
-4500 -10130 -8507
-3220 -10230 -8549
-5225 -10095 -8498
-3335 -10230 -8464
-6160 -10100 -8471
-6165 -10230 -8576
-6065 -10230 -8452
-5045 -10230 -8405
-6080 -10230 -8367
-3555 -10095 -8388
-5650 -10130 -8401
-5535 -10230 -8338
-5060 -10230 -8381
-4685 -10030 -8355
-5675 -10130 -8479
-3845 -10095 -8407
-6385 -10230 -8486
-5155 -10230 -8463
-3850 -10130 -8409
-5355 -10095 -8375
-2900 -10030 -8395
-5915 -10030 -8429
-5830 -10130 -8399
-4020 -10230 -8493
-4090 -10230 -8557
-5695 -10095 -8411
-5125 -10130 -8345
-5025 -10130 -8319
-4530 -10230 -8268
-5245 -10130 -8390
-6095 -10100 -8449
-6275 -10230 -8419
-3360 -10130 -8349
-4325 -10030 -8415
-6060 -10130 -8431
-6115 -10230 -8380
-4475 -10130 -8423
-4215 -10130 -8411
-4475 -10095 -8471
-4605 -10130 -8430
-4805 -10130 -8448
-6235 -10100 -8451
-6155 -10230 -8462
-4800 -10030 -8409
-6295 -10230 -8518
-5500 -10230 -8598
-5630 -10230 -8514
-5545 -10230 -8485
-3930 -10230 -8445
-2960 -10230 -8422
-5975 -10230 -8436
-5415 -10230 -8343
-2920 -10030 -8271
-4240 -10230 -8346
-4305 -10130 -8352
-5195 -10230 -8442
-6120 -10230 -8376
-5790 -10230 -8404
-3205 -10230 -8369
-4875 -10230 -8478
-6700 -10230 -8436
-5335 -10230 -8477
-2970 -10100 -8400
-5890 -10230 -8396
-4335 -10230 -8457
-6020 -10230 -8474
-5930 -10230 -8452
-6550 -10130 -8490
-4920 -10230 -8509
-3575 -10130 -8412
-5910 -10230 -8472
-5910 -10130 -8485
-3930 -10230 -8453
-3815 -9995 -8432
-6345 -10230 -8390
-2470 -10230 -8264
-5820 -10030 -8225
-5880 -9995 -8403
-5640 -10130 -8390
-4745 -10230 -8271
-4185 -10230 -8271
-6670 -9995 -8462
-6055 -10130 -8443
-5295 -10030 -8396
-3460 -10230 -8410
-6435 -10130 -8486
-5930 -10230 -8460
-4980 -10230 -8375
-4810 -10130 -8405
-5645 -10130 -8386
-4340 -10230 -8402
-5310 -10130 -8436
-5970 -10130 -8527
-5810 -9995 -8359
-5685 -10230 -8398
-4005 -10230 -8395
-4635 -9900 -8318
-5390 -10230 -8374
-3665 -10230 -8381
-3925 -10230 -8285
-4925 -10130 -8381
-3225 -10230 -8334
-5935 -10230 -8320
-4530 -10030 -8401
-4225 -10230 -8377
-3455 -10230 -8369
-3710 -10095 -8305
-3050 -10070 -8314
-3865 -10230 -8417
-4065 -10030 -8294
-4865 -10230 -8454
-5505 -10095 -8425
-5255 -10230 -8377
-3615 -10230 -8295
-4400 -10095 -8277
-3955 -9895 -8282
-5640 -10230 -8393
-5590 -10230 -8388
-3985 -10230 -8450
-5095 -10095 -8359
-5905 -10230 -8357
-5775 -10100 -8291
-6665 -10230 -8397
-4860 -9895 -8387
-5600 -10100 -8391
-4110 -10230 -8427
-5260 -10230 -8362
-3185 -10130 -8228
-4620 -10130 -8319
-4995 -9965 -8315
-5160 -10230 -8492
-4045 -10230 -8331
-5605 -10040 -8444
-4090 -10095 -8296
-4090 -10230 -8299
-4330 -10130 -8356
-4355 -10130 -8344
-5445 -10230 -8502
-4825 -9995 -8382
-6250 -10095 -8419
-3630 -10230 -8497
-5855 -10095 -8347
-4395 -10230 -8373
-5700 -10000 -8392
-4265 -10230 -8410
-6635 -10230 -8422
-6150 -10230 -8456
-5645 -10100 -8344
-3845 -9960 -8389
-3460 -10230 -8406
-5035 -10230 -8380
-5745 -10095 -8478
-5050 -10230 -8382
-6240 -10095 -8468
-5525 -10230 -8423
-5160 -10230 -8476
-4220 -10230 -8402
-4455 -10230 -8380
-5730 -10130 -8360
-5955 -10130 -8414
-5895 -10230 -8364
-4200 -10095 -8314
-5225 -10230 -8373
-3450 -10230 -8359
-5545 -10230 -8419
-3885 -10230 -8333
-5510 -10230 -8344
-5585 -10230 -8405
-4950 -10030 -8242
-4845 -10100 -8236
-4235 -10130 -8163
-4405 -10230 -8184
-2595 -10095 -8100
-3650 -9900 -8212
-3905 -10230 -8196
-4710 -10130 -8332
-4920 -10230 -8307
-4720 -10230 -8402
-5105 -9995 -8367
-5315 -10130 -8420
-4530 -10230 -8330
-2980 -10100 -8344
-3840 -10100 -8350
-4705 -10130 -8544
-6090 -10230 -8416
-6075 -10100 -8374
-3315 -10100 -8313
-4965 -10095 -8383
-5835 -10130 -8288
-5250 -10000 -8311
-6035 -10130 -8436
-5945 -10230 -8412
-4940 -10130 -8343
-5920 -10130 -8319
-5915 -10095 -8286
-5815 -9960 -8386
-5825 -10230 -8407
-5360 -10230 -8396
-5045 -10100 -8280
-4710 -10000 -8315
-5110 -9995 -8288
-5365 -10230 -8407
-6390 -10230 -8317
-3440 -10100 -8280
-3440 -10230 -8154
-4065 -9895 -8239
-3020 -10230 -8333
-2535 -10230 -8302
-3255 -10130 -8466
-3255 -10230 -8475
-3015 -10230 -8332
-3255 -10230 -8386
-3255 -10230 -8314
-3255 -10230 -8322
-3250 -10230 -8370
-3255 -10230 -8282
-4065 -10230 -8271
-4755 -10230 -8282
-4385 -10230 -8343
-4495 -10230 -8335
-4875 -10230 -8356
-4655 -10230 -8353
-4750 -10230 -8262
-6555 -10230 -8319
-6360 -9965 -8263
-4575 -10100 -8343
-4140 -10230 -8298
-5220 -10095 -8311
-4780 -10230 -8334
-3830 -10000 -8303
-6690 -10230 -8471
-3440 -10230 -8379
-3930 -10230 -8394
-3930 -10230 -8457
-4065 -10230 -8399
-4065 -10230 -8468
-6440 -10230 -8409
-5780 -10230 -8504
-5940 -10230 -8488
-4780 -10130 -8373
-5910 -10230 -8340
-4010 -10070 -8297
-5855 -10230 -8390
-5810 -10030 -8410
-3040 -10230 -8360
-3850 -10130 -8343
-2845 -10130 -8285
-2320 -10095 -8243
-4740 -10230 -8322
-4175 -10230 -8367
-4465 -10230 -8465
-4195 -10230 -8383
-4075 -10230 -8343
-4480 -10230 -8342
-3390 -10095 -8233
-3965 -10095 -8313
-3020 -10230 -8244
-3020 -9930 -8138
-4065 -10095 -8201
-4660 -10100 -8191
-5435 -10230 -8225
-6325 -10230 -8258
-6050 -10230 -8315
-5815 -10230 -8256
-3520 -9995 -8272
-4890 -10230 -8390
-4650 -10000 -8302
-1070 -10230 -8305
-5225 -10070 -8295
-5795 -10230 -8209
-6495 -9960 -8294
-4070 -10230 -8313
-4060 -10230 -8444
-4240 -10230 -8370
-5840 -10230 -8430
-4650 -10230 -8496
-4095 -10130 -8421
-5870 -10130 -8393
-5515 -10230 -8364
-3480 -10095 -8242
-4875 -10230 -8378
-2110 -10230 -8330
-4300 -10230 -8298
-4240 -10230 -8250
-4910 -10130 -8404
-4250 -10230 -8333
-4270 -10230 -8405
-4580 -10230 -8458
-3165 -10030 -8367
-3995 -10130 -8338
-5125 -10230 -8266
-5280 -10230 -8380
-5155 -10230 -8326
-4565 -10095 -8367
-6365 -10230 -8398
-6915 -10230 -8562
-6300 -10230 -8408
-4265 -10095 -8432
-6355 -10230 -8432
-3025 -10230 -8361
-4415 -9865 -8294
-4395 -10230 -8338
-3755 -10230 -8398
-4395 -10230 -8372
-3760 -10230 -8364
-3775 -10230 -8380
-4455 -10230 -8306
-6400 -10230 -8428
-4065 -10095 -8237
-4065 -9935 -8255
-6015 -10230 -8280
-5440 -10230 -8300
-4125 -10230 -8355
-3855 -10230 -8292
-4740 -10230 -8355
-3730 -10230 -8150
-3255 -10230 -8137
-3255 -10230 -8206
-3255 -10230 -8229
-3255 -10130 -8308
-4730 -10230 -8227
-4730 -10095 -8201
-3955 -10095 -8103
-4050 -10095 -8087
-3560 -10130 -8104
-5230 -10030 -8259
-4660 -10230 -8362
-4045 -10230 -8238
-3595 -10230 -8234
-4060 -9965 -8183
-4060 -9690 -8263
-4060 -10230 -8301
-3165 -10130 -8193
-3915 -10230 -8209
-4045 -10095 -8363
-4730 -10230 -8315
-5540 -10230 -8362
-5405 -10230 -8310
-4875 -10230 -8335
-4725 -10130 -8326
-3150 -10095 -8076
-4875 -10230 -8145
-3850 -10230 -8155
-3250 -10230 -8142
-3250 -10230 -8109
-3250 -10230 -8066
-3930 -10230 -8159
-4065 -10230 -8152
-3255 -10230 -8060
-3015 -10130 -8083
-3015 -10230 -8155
-3250 -10230 -8182
-3250 -10230 -8105
-3250 -10230 -8155
-3250 -10230 -8088
-3250 -10230 -8012
-3250 -10230 -7952
-3250 -10230 -7931
-3250 -10230 -7839
-3255 -10230 -7924
-3255 -10230 -7861
-3250 -10230 -7874
-3255 -10230 -7965
-1565 -10230 -8165
-2005 -10230 -8244
-3250 -10230 -8098
-3255 -10230 -8097
-3250 -10230 -8181
-3255 -10230 -8175
-3255 -10230 -8270
-3255 -10230 -8054
-3715 -10230 -8102
-3830 -10230 -8175
-3020 -10230 -8206
-3730 -10230 -8210
-3930 -10230 -8135
-3255 -10095 -8105
-4065 -10230 -8138
-4065 -10230 -8038
-3235 -10230 -8006
-3830 -10230 -8073
-3255 -10230 -8084
-3020 -10230 -8170
-3020 -10230 -8074
-3020 -10230 -8020
-3245 -10230 -8126
-4065 -10230 -8026
-4065 -10230 -7901
-3250 -10230 -7994
-3930 -10230 -8060
-3250 -10230 -8063
-3250 -10230 -7973
-3250 -10230 -8027
-3255 -10230 -7957
-3255 -10230 -7877
-3250 -10230 -7862
-3250 -10230 -7764
-3660 -10230 -7870
-3250 -10230 -7831
1100 -10230 -7840
-3250 -9830 -7821
-3250 -10230 -7800
-3250 -10230 -8017
-2125 -10230 -7981
-2125 -10230 -7963
-3250 -10230 -7937
-2965 -10230 -7842
-3255 -10095 -7973
-3180 -10230 -7991
-2895 -10230 -8060
-3015 -10095 -8107
-4065 -10230 -8048
-4065 -10095 -8123
-3530 -10230 -8084
-3530 -10230 -8114
-4065 -10230 -8095
-3255 -10230 -8029
-2735 -10230 -8015
-2175 -10230 -7962
-3130 -10230 -7972
-3255 -10230 -8049
-3255 -10230 -8014
-3250 -10230 -7965
-2935 -10230 -8039
-2720 -10230 -8100
-3830 -10230 -7925
-3020 -10230 -7919
-3830 -10230 -7875
-2915 -10230 -7971
-3595 -10230 -7963
-3385 -10230 -7928
-3255 -10230 -7866
-3255 -10230 -7839
-3255 -10230 -7564
-3255 -10230 -7557
-3255 -10095 -7545
-3170 -10230 -7748
-3255 -10230 -7744
-3255 -10230 -7838
-3255 -10230 -7903
-3020 -10230 -7921
-3020 -10230 -7901
-3020 -10230 -7765
-3015 -10230 -7734
-2850 -10230 -7846
-2685 -10230 -7802
-2805 -10230 -7584
-3040 -10230 -7751
-3040 -10230 -7606
-3040 -10230 -7591
-3015 -10230 -7556
-2850 -10230 -7435
-2850 -10230 -7228
-3020 -10230 -7366
-3020 -10230 -7336
-3020 -10230 -7283
-2250 -10230 -7343
-3020 -10230 -7386
-3130 -10230 -7281
-3020 -10230 -7292
-2850 -10230 -7484
-2320 -10230 -7431
-3040 -10230 -7413
-3020 -10230 -7344
-2545 -10230 -7187
-2320 -10230 -7267
-2320 -10230 -7289
-2815 -10230 -7219
-3020 -10230 -7182
-1915 -10230 -7046
-1915 -10230 -7112
-2320 -10230 -7081
-2320 -10230 -7239
-2410 -10230 -7434
-2410 -10230 -7327
-2410 -10230 -7260
-2410 -10230 -7259
-2805 -10230 -7248
-2920 -10230 -7463
-2085 -10230 -7519
-1565 -10230 -7446
-2615 -10230 -7416
-2615 -10095 -7237
-2685 -10230 -7311
-2685 -10230 -7249
-2850 -10230 -7400
-3015 -10230 -7313
-3015 -10230 -7377
-2320 -10230 -7395
-2320 -10100 -7319
-2320 -10230 -7340
-2320 -10230 -7362
-2685 -10230 -7448
-3020 -10230 -7496
-3020 -10095 -7392
-3255 -10230 -7375
-3255 -10230 -7330
-3020 -10230 -7316
-3020 -10095 -7248
-2385 -10230 -7373
-2385 -10230 -7404
-2385 -10230 -7626
-2385 -10230 -7638
-2360 -10230 -7646
-3020 -10230 -7493
-3255 -10230 -7575
-2995 -10230 -7395
-2410 -10230 -7467
-2410 -10095 -7460
-2410 -10230 -7191
-2410 -10230 -7176
-3020 -10230 -7118
-3015 -10230 -7359
-3020 -10230 -7249
-3020 -10230 -7267
-3020 -10230 -7337
-1785 -10230 -7263
-2995 -10230 -7119
-2995 -10095 -7128
-3020 -10230 -7136
-3020 -10230 -7004
-3255 -10230 -7472
-3255 -10230 -7426
-3020 -10230 -7273
-2420 -10230 -7231
-2620 -10230 -7112
-2620 -10230 -7274
-2490 -10230 -7336
-2490 -10230 -7127
-2490 -10230 -7072
-3020 -10230 -7176
-3205 -10230 -6975
-3020 -10230 -6959
-3250 -10095 -6674
-2850 -10230 -6625
-3020 -10230 -6902
-2785 -10230 -6728
-2785 -10230 -6864
-2785 -10230 -6988
-2620 -10230 -6775
-2785 -10230 -6887
-3020 -10230 -6766
-2785 -10230 -6563
-2805 -10230 -6590
-2620 -10230 -6554
-2620 -10230 -6541
-2615 -10230 -6536
1100 -10230 -6705
1100 -10230 -6324
-2410 -10095 -6236
-2785 -10230 -6618
-2785 -10230 -6552
-2785 -10230 -6611
-2785 -10230 -6575
-2515 -10230 -6507
-2410 -10230 -6470
-2410 -10230 -6801
-2720 -10230 -6733
-2620 -10230 -6995
-2175 -10230 -6899
-2685 -10230 -7150
-2700 -10230 -6827
-2700 -10230 -6729
-2820 -10230 -6722
-2420 -10230 -6665
-2420 -10230 -6605
-2715 -10230 -6639
-2715 -10230 -6604
-2705 -10230 -6503
-2705 -10130 -6503
-2850 -10230 -6561
-3015 -10230 -6597
-2700 -10230 -6567
-2720 -10095 -6558
-2720 -10230 -6384
-2720 -10230 -6598
290 -10230 -6429
290 -10230 -6344
1100 -10230 -6376
-2720 -10230 -6555
-2720 -10230 -6390
-2715 -10230 -6366
-2385 -10230 -6317
-2385 -10230 -6289
-2405 -10230 -6321
-2405 -10230 -6120
-2405 -10230 -6069
-2685 -10230 -6078
-2105 -10230 -6471
290 -10230 -6338
-2315 -10230 -6330
-2115 -10230 -6439
-2685 -10230 -6272
-2685 -10095 -6305
-2685 -10230 -6414
-2130 -10230 -6493
-2685 -10095 -6532
-2395 -10230 -6512
-3015 -10095 -6338
-2820 -10095 -6123
-2820 -10095 -6085
-2820 -10230 -6054
-2920 -10230 -6028
-2075 -10095 -6003
-2785 -10230 -6095
-2685 -10230 -6291
-2685 -10095 -6033
-2685 -9960 -6262
-2000 -10230 -6235
-2660 -10230 -5903
-2615 -10230 -5788
-2615 -10095 -5949
-2615 -10230 -6079
-2785 -10095 -5859
-2785 -10230 -5918
-2785 -10230 -5953
-2785 -10230 -5880
-2785 -10095 -6042
-2785 -10230 -5887
-2785 -10230 -6056
-2700 -10230 -6170
-2410 -10095 -5859
-2410 -10095 -5888
-2410 -10230 -6082
-2320 -10230 -5937
-2085 -9960 -5902
-2315 -10230 -5988
-2315 -10095 -5831
-2315 -10230 -6012
-1985 -10230 -6147
-1985 -10230 -6435
-2105 -10230 -6342
-2105 -10230 -5965
-1985 -10230 -5961
-2105 -10230 -5929
-2105 -9960 -5457
-2105 -10095 -5552
-1985 -10230 -5676
-1985 -10095 -5705
-1985 -10230 -5768
-2410 -10230 -5572
-2410 -9440 -5724
-2410 -9420 -5615
-2410 -10095 -5768
-2320 -10230 -5707
-2085 -10095 -5933
1100 -10095 -6197
-2105 -10230 -6242
-2085 -10230 -6040
-2075 -9960 -5680
-2285 -10095 -5540
-2215 -10230 -5795
-1715 -10230 -5678
290 -10230 -5736
290 -10230 -5778
1100 -10230 -5854
1100 -10230 -6071
-2300 -10230 -5714
-2300 -10230 -5787
-2615 -10230 -5789
-2320 -10230 -5787
-2505 -10230 -5881
-2505 -10230 -5620
-2315 -10230 -5426
-2315 -10230 -5685
-2315 -10230 -5835
-2315 -10095 -5612
-2315 -10230 -5433
-2085 -9420 -5447
-2315 -10230 -5412
-1475 -9960 -5310
-1475 -10095 -5440
-1795 -9690 -5254
-2175 -9960 -5310
-2195 -9415 -5451
-2085 -10095 -5423
-2085 -9420 -5277
-2315 -9960 -5391
-2315 -9580 -5178
-2075 -10095 -5327
-2075 -10095 -5405
-2075 -9690 -5450
-2075 -10230 -5782
-2075 -9960 -5785
-2075 -9420 -5588
-2075 -9690 -5578
-2075 -10230 -5578
-2075 -10095 -5564
-2075 -10230 -5571
-2085 -10230 -5508
-2085 -9555 -5420
-2085 -10230 -5361
-2085 -10095 -5308
-1915 -10230 -5255
-2085 -9825 -5042
-2305 -10095 -5098
1335 -10095 -5139
-2320 -10230 -5471
-2320 -10230 -5365
-2320 -9420 -5479
-2085 -9825 -5431
-2320 -10230 -5339
-2205 -9960 -5350
-2320 -10095 -5095
-2085 -10095 -5015
-2085 -9420 -5304
-2085 -9690 -5249
-2085 -10095 -5275
-2085 -9960 -5442
-2085 -10095 -5051
-2085 -9415 -4836
-2085 -9415 -4831
-2085 -10095 -4868
425 -9960 -4969
-1985 -10095 -5039
-1985 -10095 -4828
-1485 -10095 -4858
-1485 -9420 -4658
1100 -9555 -4714
1100 -9960 -4853
1100 -10230 -5067
1100 -10230 -4868
1100 -9960 -4991
1100 -9415 -5011
1100 -9150 -5168
1100 -10230 -5263
1100 -10230 -5393
1100 -10230 -4943
1100 -10230 -4714
1100 -10230 -5037
1100 -10230 -4844
1100 -10230 -4541
-1475 -10230 -4815
-1475 -10095 -4750
-1475 -10095 -4729
-1475 -9415 -4829
-1475 -10230 -4714
1315 -9960 -4801
1335 -9420 -4571
1335 -9415 -4687
1335 -10095 -4644
1100 -10230 -4980
1100 -9960 -4837
1335 -10095 -4670
425 -9420 -4820
425 -9825 -4720
1335 -9690 -4847
1335 -9420 -4857
-2005 -9825 -4665
290 -10095 -4831
1335 -10230 -4492
1335 -10230 -4647
425 -9285 -4679
290 -10095 -5047
290 -10230 -4920
290 -10095 -4969
290 -10230 -4920
290 -10095 -4598
290 -10095 -4613
290 -9690 -4357
290 -10095 -4557
290 -10095 -4630
1100 -9415 -4370
1100 -9415 -4421
1100 -10095 -4492
1100 -9280 -4371
1100 -10230 -4329
1105 -9420 -4267
1335 -9285 -4347
1335 -10230 -4364
1335 -9285 -4301
1100 -9825 -3952
1335 -9960 -4063
1335 -9415 -4332
1335 -10230 -4399
1335 -9825 -4020
1100 -10095 -3998
1100 -10230 -3868
1100 -9285 -3919
1100 -10095 -3914
1100 -10230 -3493
1105 -9960 -3576
1100 -10095 -3859
1100 -9415 -3869
1100 -9825 -3748
1100 -10230 -3952
1100 -9825 -3864
1100 -9150 -3705
1100 -10095 -3629
1100 -10095 -3566
1100 -9825 -3386
1100 -10095 -3431
1100 -9420 -3610
1100 -9960 -3513
1335 -9690 -3554
1335 -9690 -3476
1335 -9285 -3280
1335 -9415 -3221
1505 -10230 -3147
1335 -9420 -3284
1335 -9825 -3601
1335 -10230 -3268
1335 -9960 -3464
1335 -9415 -3380
1335 -9960 -3494
1335 -10095 -3337
1505 -10230 -3126
1505 -9420 -3286
1505 -9285 -3172
1505 -9690 -2960
1505 -9420 -2799
1335 -9960 -3017
1335 -10095 -2649
1335 -9960 -3043
1435 -9960 -2899
1435 -10095 -2562
1435 -10230 -2459
1435 -9825 -2575
1435 -8880 -2485
1435 -10095 -2023
1435 -9420 -2301
2035 -9420 -2089
2035 -9825 -2140
2035 -9415 -2253
2035 -9420 -2464
2035 -9420 -2353
1435 -10095 -2607
2035 -9415 -2553
2035 -9070 -2346
2035 -9825 -2190
2035 -9185 -2349
2035 -10230 -2331
2035 -9960 -2299
2035 -10095 -2395
2035 -9150 -2155
2035 -9285 -2308
2035 -9825 -2283
2035 -9825 -1996
2035 -9825 -1991
2035 -9690 -1842
2035 -9420 -1683
2035 -10230 -1554
2035 -9185 -1445
2035 -8880 -1552
2035 -9825 -1330
2035 -10095 -1750
2035 -9085 -1218
2035 -9960 -1826
2035 -9085 -2021
2035 -9050 -1607
2035 -10095 -1018
2035 -8340 -723
2035 -8880 -657
2035 -8915 -519
2035 -8645 -384
2035 -8880 -755
2035 -8880 -866
2035 -8615 -680
2035 -7760 -657
2035 -8260 -856
2035 -8475 -719
2035 -8390 -959
2035 -9015 -1227
2035 -9960 -1175
2035 -8645 -1068
2035 -9555 -1215
2035 -7950 -1013
2035 -9015 -1353
2035 -8160 -1036
2035 -9070 -1240
2035 -8985 -1068
2035 -10230 -1122
2035 -9010 -1022
2035 -8880 -889
2035 -8485 -785
2035 -7840 -724
2035 -9690 -888
2035 -9690 -661
2035 -10095 -758
2035 -9960 -850
2035 -9050 -1129
2035 -9285 -1192
2035 -8465 -697
2035 -8410 -643
2035 -8070 -742
2035 -8340 -760
2035 -8745 -840
2035 -9420 -505
2035 -9960 -274
2035 -8745 -340
2035 -8880 -200
2035 -8715 -352
2035 -10095 -177
2035 -7330 48
2035 -8880 -74
2035 -9015 2
2035 -7135 89
2035 -9690 26
2035 -7340 -34
2035 -7440 -203
2035 -8350 -60
2035 -7835 297
2035 -8880 -92
2035 -8350 84
2035 -8350 -5
2035 -9420 -130
2035 -8880 -241
2035 -9205 -214
2035 -9285 -131
2035 -8080 -137
2035 -7330 36
2035 -10230 -113
2035 -9415 501
2035 -8350 575
2035 -7535 674
2035 -8100 723
2035 -7800 471
2035 -8745 471
2035 -8880 293
2035 -8215 600
2035 -8350 419
2035 -8350 495
2035 -8440 172
2035 -7835 496
2035 -7460 373
2035 -7675 573
2035 -8830 272
2035 -8350 455
2035 -8350 679
2035 -7625 606
2035 -7135 527
2035 -8060 544
2035 -7330 429
2035 -7885 623
2035 -7340 519
2035 -9555 373
2035 -8545 249
2035 -7760 621
2035 -7330 634
2035 -8745 438
2035 -8070 631
2035 -8350 490
2035 -7835 246
2035 -6015 887
2035 -9280 1187
2035 -8350 973
2035 -7135 1198
2035 -7135 1383
2035 -6710 974
2035 -7135 1102
2035 -8475 910
2035 -8880 878
2035 -5695 1261
2035 -7135 970
2035 -8065 1030
2035 -7460 1117
2035 -7135 1301
2035 -7135 1200
2035 -7675 1388
2035 -7945 1101
2035 -8350 1130
2035 -6515 1450
2035 -7135 1318
2035 -7135 1154
2035 -7270 1352
2035 -7855 1064
2035 -7250 899
2035 -6830 951
2035 -7670 1199
2035 -6115 1319
2035 -8450 1112
2035 -8780 1097
2035 -7670 1105
2035 -7135 987
2035 -5585 1429
2035 -3320 1585
2035 -6015 1613
2035 -7135 1503
2035 -3320 1715
2035 -7135 1493
2035 -8880 1488
2035 -6800 1457
2035 -7135 1514
2035 -5585 1884
2035 -5585 1564
2035 -7135 1703
2035 -7270 1373
2035 -3320 1862
2035 -5585 1811
2035 -6015 1695
2035 -5585 1653
3835 -8485 1774
3835 -7135 1543
3835 -5585 1839
3835 -5585 1863
3835 -5585 1859
3835 -8475 1854
3835 -5585 2076
3835 -7135 2357
3835 -4060 2629
5550 -5585 2873
5550 -4120 3213
5550 -3785 3212
5550 -5235 3313
5550 -8070 3258
5550 290 3897
5550 3835 4075
5550 3835 4315
5550 3835 4710
5550 3835 5173
5550 3835 5499
5550 5550 5550
5550 5550 5550
5550 5550 5550
5550 5550 5550
5550 5550 5550
5550 5550 5550
5550 5550 5550
5550 5550 5550
5550 5550 5550
5550 5550 5550
5550 5550 5550
5550 5550 5550
5550 5550 5550
5550 5550 5550
5550 5550 5550
5550 5550 5550
5550 5550 5550
5550 5550 5550
5550 5550 5550
5550 5550 5550
5550 5550 5550
5550 5550 5550
5550 5550 5550
5550 5550 5550
5550 5550 5550
5550 5550 5550
5550 5550 5550
5550 5550 5550
5550 5550 5550
5550 5550 5550
5550 5550 5550
5550 5550 5550
5550 5550 5550
5550 5550 5550
5550 5550 5550
5550 5550 5550
5550 5550 5550
5550 5550 5550
5550 5550 5550
5550 5550 5550
5550 5550 5550
5550 5550 5550
5550 5550 5550
5550 5550 5550
5550 5550 5550
5550 5550 5550
5550 5550 5550
5550 5550 5550
5550 5550 5550
5550 5550 5550
5550 5550 5550
5550 5550 5550
5550 5550 5550
5550 5550 5550
5550 5550 5550
5550 5550 5550
5550 5550 5550
5550 5550 5550
5550 5550 5550
5550 5550 5550
5550 5550 5550
5550 5550 5550
5550 5550 5550
5550 5550 5550
5550 5550 5550
5550 5550 5550
5550 5550 5550
5550 5550 5550
5550 5550 5550
5550 5550 5550
5550 5550 5550
5550 5550 5550
5550 5550 5550
5550 5550 5550
5550 5550 5550
5550 5550 5550
5550 5550 5550
5550 5550 5550
5550 5550 5550
5550 5550 5550
5550 5550 5550
5550 5550 5550
5550 5550 5550
5550 5550 5550
5550 5550 5550
5550 5550 5550
5550 5550 5550
5550 5550 5550
5550 5550 5550
5550 5550 5550
5550 5550 5550
5550 5550 5550
5550 5550 5550
5550 5550 5550
5550 5550 5550
5550 5550 5550
5550 5550 5550
5550 5550 5550
5550 5550 5550
5550 5550 5550
5550 5550 5550
5550 5550 5550
5550 5550 5550
5550 5550 5550
5550 5550 5550
5550 5550 5550
5550 5550 5550
5550 5550 5550
5550 5550 5550
5550 5550 5550
5550 5550 5550
5550 5550 5550
5550 5550 5550
5550 5550 5550
5550 5550 5550
5550 5550 5550
5550 5550 5550
5550 5550 5550
5550 5550 5550
5550 5550 5550
5550 5550 5550
5550 5550 5550
5550 5550 5550
5550 5550 5550
5550 5550 5550
5550 5550 5550
5550 5550 5550
5550 5550 5550
5550 5550 5550
5550 5550 5550
5550 5550 5550
5550 5550 5550
5550 5550 5550
5550 5550 5550
5550 5550 5550
5550 5550 5550
5550 5550 5550
5550 5550 5550
5550 5550 5550
5550 5550 5550
5550 5550 5550
5550 5550 5550
5550 5550 5550
5550 5550 5550
5550 5550 5550
5550 5550 5550
5550 5550 5550
5550 5550 5550
5550 5550 5550
5550 5550 5550
5550 5550 5550
5550 5550 5550
5550 5550 5550
5550 5550 5550
5550 5550 5550
5550 5550 5550
5550 5550 5550
5550 5550 5550
5550 5550 5550
5550 5550 5550
5550 5550 5550
5550 5550 5550
5550 5550 5550
5550 5550 5550
5550 5550 5550
5550 5550 5550
5550 5550 5550
5550 5550 5550
5550 5550 5550
5550 5550 5550
5550 5550 5550
5550 5550 5550
5550 5550 5550
5550 5550 5550
5550 5550 5550
5550 5550 5550
5550 5550 5550
5550 5550 5550
5550 5550 5550
5550 5550 5550
5550 5550 5550
5550 5550 5550
5550 5550 5550
5550 5550 5550
5550 5550 5550
5550 5550 5550
5550 5550 5550
5550 5550 5550
5550 5550 5550
5550 5550 5550
5550 5550 5550
5550 5550 5550
5550 5550 5550
5550 5550 5550
5550 5550 5550
5550 5550 5550
5550 5550 5550
5550 5550 5550
5550 5550 5550
5550 5550 5550
5550 5550 5550
5550 5550 5550
5550 5550 5550
5550 5550 5550
5550 5550 5550
5550 5550 5550
5550 5550 5550
5550 5550 5550
5550 5550 5550
5550 5550 5550
5550 5550 5550
5550 5550 5550
5550 5550 5550
5550 5550 5550
5550 5550 5550
5550 5550 5550
5550 5550 5550
5550 5550 5550
5550 5550 5550
5550 5550 5550
5550 5550 5550
5550 5550 5550
5550 5550 5550
5550 5550 5550
5550 5550 5550
5550 5550 5550
5550 5550 5550
5550 5550 5550
5550 5550 5550
5550 5550 5550
5550 5550 5550
5550 5550 5550
5550 5550 5550
5550 5550 5550
5550 5550 5550
5550 5550 5550
5550 5550 5550
5550 5550 5550
5550 5550 5550
5550 5550 5550
5550 5550 5550
5550 5550 5550
5550 5550 5550
5550 5550 5550
5550 5550 5550
5550 5550 5550
5550 5550 5550
5550 5550 5550
5550 5550 5550
5550 5550 5550
5550 5550 5550
5550 5550 5550
5550 5550 5550
5550 5550 5550
5550 5550 5550
5550 5550 5550
5550 5550 5550
5550 5550 5550
5550 5550 5550
5550 5550 5550
5550 5550 5550
5550 5550 5550
5550 5550 5550
5550 5550 5550
5550 5550 5550
5550 5550 5550
5550 5550 5550
5550 5550 5550
5550 5550 5550
5550 5550 5550
5550 5550 5550
5550 5550 5550
5550 5550 5550
5550 5550 5550
5550 5550 5550
5550 5550 5550
5550 5550 5550
5550 5550 5550
5550 5550 5550
5550 5550 5550
5550 5550 5550
5550 5550 5550
5550 5550 5550
5550 5550 5550
5550 5550 5550
5550 5550 5550
5550 5550 5550
5550 5550 5550
5550 5550 5550
5550 5550 5550
5550 5550 5550
5550 5550 5550
5550 5550 5550
5550 5550 5550
5550 5550 5550
5550 5550 5550
5550 5550 5550
5550 5550 5550
5550 5550 5550
5550 5550 5550
5550 5550 5550
5550 5550 5550
5550 5550 5550
5550 5550 5550
5550 5550 5550
5550 5550 5550
5550 5550 5550
5550 5550 5550
5550 5550 5550
5550 5550 5550
5550 5550 5550
5550 5550 5550
5550 5550 5550
5550 5550 5550
5550 5550 5550
5550 5550 5550
5550 5550 5550
5550 5550 5550
5550 5550 5550
5550 5550 5550
5550 5550 5550
5550 5550 5550
5550 5550 5550
5550 5550 5550
5550 5550 5550
5550 5550 5550
5550 5550 5550
5550 5550 5550
5550 5550 5550
5550 5550 5550
5550 5550 5550
5550 5550 5550
5550 5550 5550
5550 5550 5550
5550 5550 5550
5550 5550 5550
5550 5550 5550
5550 5550 5550
5550 5550 5550
5550 5550 5550
5550 5550 5550
5550 5550 5550
5550 5550 5550
5550 5550 5550
5550 5550 5550
5550 5550 5550
5550 5550 5550
5550 5550 5550
5550 5550 5550
5550 5550 5550
5550 5550 5550
5550 5550 5550
5550 5550 5550
5550 5550 5550
5550 5550 5550
5550 5550 5550
5550 5550 5550
5550 5550 5550
5550 5550 5550
5550 5550 5550
5550 5550 5550
5550 5550 5550
5550 5550 5550
5550 5550 5550
5550 5550 5550
5550 5550 5550
5550 5550 5550
5550 5550 5550
5550 5550 5550
5550 5550 5550
5550 5550 5550
5550 5550 5550
5550 5550 5550
5550 5550 5550
5550 5550 5550
5550 5550 5550
5550 5550 5550
5550 5550 5550
5550 5550 5550
5550 5550 5550
5550 5550 5550
5550 5550 5550
5550 5550 5550
5550 5550 5550
5550 5550 5550
5550 5550 5550
5550 5550 5550
5550 5550 5550
5550 5550 5550
5550 5550 5550
5550 5550 5550
5550 5550 5550
5550 5550 5550
5550 5550 5550
5550 5550 5550
5550 5550 5550
5550 5550 5550
5550 5550 5550
5550 5550 5550
5550 5550 5550
5550 5550 5550
5550 5550 5550
5550 5550 5550
5550 5550 5550
5550 5550 5550
5550 5550 5550
5550 5550 5550
5550 5550 5550
5550 5550 5550
5550 5550 5550
5550 5550 5550
5550 5550 5550
5550 5550 5550
5550 5550 5550
5550 5550 5550
5550 5550 5550
5550 5550 5550
5550 5550 5550
5550 5550 5550
5550 5550 5550
5550 5550 5550
5550 5550 5550
5550 5550 5550
5550 5550 5550
5550 5550 5550
5550 5550 5550
5550 5550 5550
5550 5550 5550
5550 5550 5550
5550 5550 5550
5550 5550 5550
5550 5550 5550
5550 5550 5550
5550 5550 5550
5550 5550 5550
5550 5550 5550
5550 5550 5550
5550 5550 5550
5550 5550 5550
5550 5550 5550
5550 5550 5550
5550 5550 5550
5550 5550 5550
5550 5550 5550
5550 5550 5550
5550 5550 5550
5550 5550 5550
5550 5550 5550
5550 5550 5550
5550 5550 5550
5550 5550 5550
5550 5550 5550
5550 5550 5550
5550 5550 5550
5550 5550 5550
5550 5550 5550
5550 5550 5550
5550 5550 5550
5550 5550 5550
5550 5550 5550
5550 5550 5550
5550 5550 5550
5550 5550 5550
5550 5550 5550
5550 5550 5550
5550 5550 5550
5550 5550 5550
5550 5550 5550
5550 5550 5550
5550 5550 5550
