-9505 -7780 -8995
-5200 -10230 -8706
-4795 -10230 -8570
-3965 -10230 -8546
-5780 -10130 -8522
-4040 -10230 -8403
-5995 -10095 -8518
-5760 -10030 -8452
-4740 -10230 -8455
-4665 -10230 -8331
-4895 -10095 -8416
-4940 -10230 -8363
-3765 -9995 -8348
-4290 -10130 -8307
-4905 -10230 -8424
-3840 -10130 -8291
-5245 -10130 -8479
-6245 -10130 -8414
-4270 -10130 -8489
-2490 -10030 -8329
-4350 -9960 -8419
-5185 -10130 -8381
-5860 -10230 -8508
-4985 -10130 -8461
-5295 -10230 -8478
-3020 -10130 -8323
-4195 -9870 -8345
-3920 -10130 -8346
-4555 -10030 -8267
-3440 -10230 -8372
-3970 -10130 -8386
-4425 -10130 -8261
-4795 -10130 -8370
-3715 -9930 -8210
-3290 -10000 -8225
-4380 -10130 -8290
-4080 -10130 -8320
-4750 -10230 -8401
-4905 -10230 -8386
-6270 -10130 -8445
-3885 -10030 -8267
-5045 -10230 -8424
-5330 -9965 -8228
-3890 -10230 -8214
-4520 -10130 -8398
-5025 -10130 -8271
-4800 -10095 -8325
-4240 -9895 -8270
-3115 -10230 -8344
-3970 -10030 -8237
-3525 -10230 -8312
-5750 -10000 -8338
-5410 -10130 -8284
-5760 -10030 -8346
-6450 -10000 -8342
-5435 -10030 -8303
-4395 -10100 -8458
-4610 -10130 -8487
-4360 -10230 -8405
-4400 -10130 -8392
-4940 -10130 -8300
-2990 -10100 -8177
-3515 -10130 -8118
-4450 -10130 -8224
-4390 -10130 -8393
-3720 -9965 -8242
-5685 -10130 -8296
-4135 -10230 -8352
-5800 -10030 -8270
-5490 -10130 -8252
-4580 -10230 -8262
-5855 -10230 -8348
-4845 -10230 -8324
-4460 -10100 -8242
-5365 -10130 -8275
-4580 -10130 -8264
-4400 -10130 -8318
-5435 -10230 -8268
-4360 -9995 -8235
-5940 -10130 -8264
-4610 -10095 -8200
-5665 -10130 -8289
-5410 -10230 -8317
-3995 -10030 -8209
-2555 -10230 -8306
-5140 -10230 -8310
-5135 -10230 -8254
-5170 -10230 -8283
-5075 -10230 -8219
-4540 -10030 -8243
-5140 -10030 -8354
-4900 -10000 -8241
-5005 -10000 -8146
-3425 -10230 -8326
-3760 -10230 -8272
-3800 -10030 -8224
-5365 -10000 -8302
-4780 -10030 -8314
-60 -9770 -8219
-3365 -10130 -8290
-4665 -9965 -8176
-4620 -10030 -8132
-5760 -9995 -8281
-5780 -10130 -8352
-2945 -10130 -8344
-3775 -10030 -8239
-5375 -10230 -8210
-4575 -10130 -8182
-5725 -10100 -8241
-5060 -10040 -8177
-4935 -10130 -8319
-3700 -9795 -8133
-5760 -10130 -8154
-5805 -10230 -8216
-5655 -10130 -8189
-5945 -10130 -8272
-4915 -10230 -8225
-5075 -10095 -8307
-3470 -10100 -8260
-4005 -10130 -8156
-5635 -10000 -8242
-4125 -10100 -8321
-4245 -10130 -8246
-3930 -9995 -8168
-4650 -10030 -8309
-4865 -10130 -8354
-2450 -10030 -8274
-5380 -9895 -8252
-6355 -10230 -8348
-5080 -10095 -8265
-5425 -10130 -8254
-5090 -9965 -8365
-5100 -10230 -8394
-3615 -10130 -8423
-5205 -10130 -8282
-5090 -9995 -8316
-3350 -10130 -8233
-3875 -10130 -8252
-4155 -10230 -8237
-5070 -10130 -8316
-4120 -10030 -8168
-4720 -10230 -8284
-4225 -10130 -8333
-4040 -10230 -8332
-3350 -10130 -8282
-3605 -10130 -8326
-3515 -9930 -8160
-2905 -10030 -8182
-3560 -10230 -8259
-4225 -10030 -8160
-4035 -10030 -8212
-5805 -10130 -8262
-5530 -10100 -8297
-5080 -10030 -8230
-4645 -10030 -8311
-5650 -10230 -8307
-4905 -10130 -8223
-5015 -10130 -8339
-5625 -9865 -8218
-5885 -10230 -8291
-4870 -9800 -8209
-4770 -10095 -8269
-4415 -10030 -8277
-5015 -10030 -8195
-3950 -10130 -8292
-2970 -10230 -8296
-5295 -10030 -8227
-4500 -10230 -8203
-4695 -10130 -8280
-5530 -9995 -8246
-3065 -10230 -8136
-3105 -10230 -8129
-3170 -10130 -8141
-3135 -10030 -8215
-3665 -10230 -8292
-2935 -10230 -8350
-5065 -10095 -8294
-3405 -10230 -8322
-4605 -10230 -8335
-3715 -10230 -8361
-4190 -10000 -8336
-4380 -10130 -8241
-3915 -10230 -8308
-5390 -10230 -8247
-4170 -10130 -8243
-4925 -10030 -8270
-4625 -10230 -8195
-3615 -10130 -8267
-5125 -10030 -8303
-5650 -10030 -8281
-4715 -10230 -8218
-4935 -10000 -8266
-3250 -10130 -8201
-4255 -10230 -8241
-3845 -10130 -8099
-3110 -10230 -8142
-5260 -10230 -8205
-2095 -10130 -8213
-4510 -10130 -8261
-4495 -10230 -8244
-4330 -10130 -8160
-4120 -10130 -8184
-3385 -10130 -8108
-3915 -10230 -8227
-5480 -10095 -8336
-4450 -10130 -8326
-4650 -10130 -8303
-3985 -10095 -8311
-4860 -10230 -8374
-3975 -10230 -8215
-2920 -10230 -8091
-3370 -10100 -8296
-3930 -10095 -8181
-3250 -10230 -8215
-3830 -10230 -8280
-4065 -10230 -8179
-3250 -10230 -8371
-3930 -10230 -8384
-3255 -10230 -8296
-3000 -10230 -8178
-3255 -10230 -8327
-3830 -10230 -8401
-3250 -10230 -8081
-3250 -10230 -8113
-3020 -10230 -8224
-2945 -10230 -8103
-3250 -10230 -8223
-3020 -10230 -7879
-3250 -10230 -8289
-3255 -10230 -8104
-2915 -10230 -8351
-3250 -10230 -8101
-3020 -10230 -8232
-2935 -10230 -8004
-3020 -10230 -8005
-3020 -10230 -8034
-3255 -10230 -8318
-3255 -10230 -8185
-3250 -10230 -8296
-2730 -10230 -8015
-3255 -10230 -8337
-2550 -10230 -8216
-3020 -10230 -8150
-3020 -10230 -8245
-3020 -10230 -8409
-3020 -10230 -8240
-3020 -10230 -8130
-2410 -10230 -8311
-2320 -10230 -8153
-2850 -10230 -8065
-3895 -10230 -8299
-3250 -10230 -8335
-3040 -10230 -8463
-3250 -10230 -8009
-2920 -10230 -8236
-3020 -10230 -8292
-3020 -10230 -8242
-3255 -10230 -8142
-2995 -10230 -8154
-2315 -10230 -7957
-2315 -10230 -8150
-2920 -10230 -8209
-3220 -10230 -8109
-3660 -10230 -8307
-2830 -10230 -8201
-2830 -10230 -8150
-2785 -10230 -8010
-2970 -10230 -8155
-3195 -10230 -8194
-2415 -10230 -8167
-2365 -10230 -8141
-970 -10230 -7936
-2850 -10230 -7926
-2850 -10230 -7958
795 -10230 -8101
-3200 -10230 -8077
-3250 -10230 -8119
-3175 -10230 -8239
-2915 -10230 -8239
-3245 -10230 -8171
-3020 -10230 -8082
-3250 -10230 -7747
-2785 -10230 -8122
-3000 -10230 -7808
-2830 -10230 -8166
-3020 -10230 -8082
-3130 -10230 -7915
-2795 -10230 -8039
-2915 -10230 -8069
-3040 -10230 -7917
-3020 -10230 -8211
-2915 -10230 -8061
-3015 -10230 -8082
-3015 -10230 -7908
-2025 -10230 -8079
-3020 -10230 -7962
-3155 -10230 -7989
-3250 -10230 -7986
-2920 -10230 -8152
-2670 -10230 -7976
-2920 -10230 -8048
-2820 -10230 -8173
-2920 -10230 -8132
-2920 -10230 -8338
-3255 -10230 -8446
-3255 -10230 -8176
-3255 -10230 -8276
-3020 -10230 -8061
-2410 -10230 -7922
-2410 -10230 -7965
-2320 -10230 -8013
-3250 -10230 -7984
-3040 -10230 -8360
-3040 -10230 -8320
-3290 -10230 -8230
-3040 -10230 -8440
-3040 -10230 -8364
-3040 -10230 -8174
-3255 -10230 -8115
-3015 -10230 -8032
-2850 -10230 -7975
-2320 -10230 -8012
-2850 -10230 -7894
-2780 -10230 -8100
-2820 -10230 -8133
-2785 -10230 -7942
-2785 -10230 -7613
1435 -10230 -7962
1100 -10230 -8069
-2420 -10230 -7977
-2785 -10230 -7969
-3230 -10230 -8047
-2830 -10230 -8266
-3020 -10230 -8246
-3015 -10230 -7994
-2785 -10230 -7907
-2785 -10230 -7918
-2785 -10230 -7898
-2615 -10230 -7932
-2685 -10230 -7856
-2850 -10230 -7825
-2410 -10230 -8001
-2630 -10230 -7688
-3040 -10230 -7721
-2930 -10230 -7830
-2125 -10230 -7708
-2940 -10230 -7902
-2920 -10230 -8177
-2820 -10230 -7869
-2620 -10230 -8073
-2320 -10230 -8044
-2915 -10230 -8013
-2515 -10230 -7851
-3020 -10230 -7592
-2320 -10230 -7929
-2680 -10230 -8144
-3020 -10230 -8341
-3020 -10230 -7839
-2780 -10230 -7827
-2850 -10230 -7935
-2920 -10230 -7871
-2920 -10230 -7735
-2920 -10230 -7980
-2945 -10230 -7712
-2850 -10230 -7934
-2830 -10230 -7651
-3220 -10230 -7537
-2850 -10230 -7875
-3040 -10230 -8175
-3255 -10230 -7838
-2950 -10230 -7812
-2320 -10230 -7653
-2805 -10230 -7971
-2720 -10230 -7923
-2850 -10230 -7746
-2920 -10230 -7980
-2920 -10230 -7477
-2785 -10230 -7760
-2785 -10230 -7914
-3250 -10230 -7774
-3020 -10230 -7904
-2785 -10230 -7724
-2105 -10230 -7827
-2615 -10230 -7987
-1915 -10230 -7783
-2005 -10230 -7883
-2920 -10230 -7800
-3020 -10230 -8117
-3020 -10230 -8009
-2850 -10230 -7955
-2410 -10230 -7791
-3095 -10230 -7967
-2685 -10230 -7715
-2585 -10230 -7728
-3020 -10230 -7865
-2320 -10230 -7794
-2320 -10230 -7780
-2920 -10230 -7956
-2485 -10230 -7605
-2625 -10230 -7471
-3020 -10230 -7798
-3020 -10230 -7946
-2920 -10230 -7987
-3020 -10230 -7973
-2920 -10230 -7896
-2785 -10230 -7527
-2850 -10230 -7491
-2920 -10230 -7490
-2920 -10230 -7847
-2920 -10230 -7986
-2720 -10230 -7516
-2320 -10230 -7449
-2320 -10230 -7743
-2320 -10230 -7668
-2850 -10230 -7598
-3250 -10230 -7841
-3020 -10230 -8061
-3020 -10230 -8155
-1195 -10230 -7884
-2410 -10230 -7914
-2410 -10230 -7945
-3020 -10230 -8182
-3020 -10230 -8078
-3255 -10230 -8105
-2915 -10230 -7880
-2685 -10230 -7652
-2915 -10230 -7826
-3020 -10230 -7630
-2200 -10230 -7731
-2425 -10230 -8056
-2745 -10230 -7548
-2745 -10230 -7666
-2720 -10230 -7839
-2720 -10230 -7723
-2920 -10230 -7941
-2920 -10230 -7913
-2920 -10230 -7980
-2820 -10230 -7650
-2820 -10230 -7825
-2815 -10230 -7676
-2075 -10230 -7607
-2005 -10230 -7703
-2700 -10230 -7676
-3020 -10230 -7666
-3020 -10230 -7600
-2820 -10230 -7728
-2820 -10230 -7698
-3015 -10230 -7625
-2915 -10230 -7792
-2685 -10230 -7924
-2915 -10230 -7782
1100 -10230 -7474
-2915 -10230 -7880
-3020 -10230 -7871
-3020 -10230 -7644
-3015 -10230 -7681
-3015 -10230 -7762
-2815 -10230 -7507
-2850 -10230 -7782
290 -10230 -7988
-3020 -10230 -7828
-3020 -10230 -7568
-2850 -10230 -7874
-2850 -10230 -7961
-2720 -10230 -7891
-2920 -10230 -7867
-2920 -10230 -7966
-2085 -10230 -7746
-3250 -10230 -7703
-2580 -10230 -7627
-2820 -10230 -7587
-2920 -10230 -7760
-2915 -10230 -7706
-2920 -10230 -7603
-2920 -10230 -7674
-3020 -10230 -7766
-2320 -10230 -7526
-3020 -10230 -7681
-2995 -10230 -7564
-3020 -10230 -7814
-2320 -10230 -7301
-2320 -10230 -7497
-2850 -10230 -7588
-2850 -10230 -7577
-2845 -10230 -7560
-2845 -10230 -7598
-2620 -10230 -7516
-3250 -10230 -7493
-3250 -10230 -7675
-3250 -10230 -7843
-3040 -10230 -7827
-2720 -10230 -7554
-2585 -10230 -7700
-2320 -10230 -7461
-3180 -10230 -7588
-3250 -10230 -7772
-3250 -10230 -7797
-3180 -10230 -7755
-2920 -10230 -7574
-2485 -10230 -7477
-2635 -10230 -7458
-2405 -10230 -7489
-2405 -10230 -7422
-2685 -10230 -7462
-3015 -10230 -7541
290 -10230 -7672
-3020 -10230 -7628
290 -10230 -7673
-130 -10230 -7418
-3015 -10230 -7699
-3015 -10230 -7664
-3015 -10230 -7417
-3015 -10230 -7642
-2785 -10230 -7714
-2915 -10230 -7690
-2585 -10230 -7380
-2685 -10230 -7704
-2405 -10230 -7335
-2635 -10230 -7635
-3020 -10230 -7262
-2785 -10230 -7533
-2785 -10230 -7547
-3020 -10230 -7634
-2320 -10230 -7451
-2585 -10230 -7399
-2685 -10230 -7158
-2915 -10230 -7339
-3015 -10230 -7540
-2520 -10230 -7626
-2410 -10230 -7648
-2410 -10230 -7167
-2410 -10230 -7300
-2410 -10230 -7200
-3015 -10230 -7627
-2320 -10095 -7454
1100 -10230 -7577
1100 -10230 -7496
-2860 -10230 -7226
-2175 -10230 -7401
-2175 -10230 -7590
-2175 -10230 -7416
-2195 -10230 -7844
-2105 -10230 -7598
-2705 -10230 -7668
-2850 -10230 -7739
-2820 -10230 -7481
-2320 -10230 -7429
-2515 -10230 -7462
-2175 -10230 -7282
-2175 -10230 -7233
-2615 -10230 -7706
-2320 -10230 -7724
-2320 -10230 -7422
-2580 -10230 -7466
-2050 -10230 -7231
-2850 -10230 -7383
-2920 -10230 -7675
-2930 -10230 -7847
-2930 -10230 -7791
-3255 -10230 -7700
-2820 -10230 -7732
-2805 -10230 -7346
-2905 -10230 -7341
-2805 -10230 -7914
-2615 -10230 -7542
-3015 -10230 -7442
-2105 -10230 -7657
-3250 -10230 -7595
-3015 -10230 -7482
-2265 -10230 -7626
-3015 -10230 -7211
-3040 -10230 -7522
-2805 -10230 -7292
-2785 -10230 -7225
-2785 -10230 -7249
-2825 -10230 -7285
-2685 -10230 -7368
-2685 -10230 -7487
-2085 -10230 -7316
-2920 -10230 -7506
-2580 -10230 -7215
-2620 -10230 -7293
-2850 -10230 -7008
-2350 -10230 -7313
-3020 -10230 -7308
-2770 -10230 -7458
-2785 -10230 -7396
-3015 -10230 -7426
-2410 -10230 -7407
-3020 -10230 -7440
-3040 -10230 -7527
-3250 -10230 -7696
-3250 -10230 -7257
-3255 -10230 -7498
-2920 -10230 -7422
-2785 -10230 -7467
-2820 -10230 -7514
-3020 -10230 -7341
-3040 -10230 -7546
-2845 -10230 -7284
-2850 -10230 -7385
-2850 -10230 -7517
-3020 -10230 -7281
-3020 -10230 -6953
-2850 -10230 -7009
-2320 -10230 -7114
290 -10230 -7040
-2720 -10230 -7194
-2850 -10230 -7342
-2785 -10230 -7373
-2785 -10230 -7363
-2920 -10230 -7227
-2410 -10230 -7174
-2720 -10230 -7142
-2720 -10230 -7066
-2920 -10230 -7368
-2920 -10230 -7369
-2720 -10230 -7401
1100 -10230 -7222
1100 -10230 -7222
1100 -10230 -7203
-2685 -10230 -7409
-2720 -10230 -7587
-2320 -10230 -7357
-2850 -10230 -7532
-2630 -10230 -7291
-3145 -10230 -7507
-3020 -10230 -7022
1100 -10230 -7150
-2130 -10230 -7033
1100 -10230 -7010
1100 -10230 -6939
-2805 -10230 -7235
-2805 -10230 -7256
-2805 -10230 -7614
-3255 -10230 -7472
-3250 -10230 -7529
-3020 -10230 -7286
-2850 -10230 -7398
-2865 -10230 -7225
-2920 -10230 -7604
-3015 -10230 -7428
-2785 -10230 -7449
-2585 -10230 -7196
-2615 -10230 -7392
-2785 -10230 -7261
-2785 -10230 -7265
-2785 -10230 -7157
-2320 -10230 -7161
-2320 -10230 -7336
-2320 -10230 -7514
-3015 -10230 -7432
-3015 -10230 -7441
-3015 -10230 -7196
-3015 -10230 -7239
-3015 -10230 -7285
-3015 -10230 -7185
-2925 -10230 -7240
-2285 -10230 -7462
-2405 -10230 -7280
-2405 -10230 -7389
-2405 -10230 -7283
-1565 -10230 -7067
-1565 -10230 -6893
-1565 -10230 -6987
-2320 -10230 -6804
-2405 -10230 -6946
-2405 -10230 -7052
-2815 -10230 -7269
-2315 -10230 -6962
-2410 -10230 -7034
-2615 -10230 -6975
1105 -10230 -6875
-2405 -10230 -7090
290 -10230 -6621
-2920 -10230 -7362
-3015 -10230 -7094
1105 -10230 -6972
1105 -10230 -7139
425 -10230 -7333
290 -10230 -7313
-2685 -10230 -7349
-2315 -10230 -6895
-2915 -10230 -7086
-2620 -10230 -7050
-2410 -10230 -6910
-2410 -10230 -7074
290 -10230 -7055
-2410 -10230 -7059
290 -10230 -7088
-2320 -10230 -7209
-2320 -10230 -7135
-3015 -10230 -7216
-2850 -10230 -7044
-2850 -10230 -7059
-2615 -10230 -7015
-2850 -10230 -6851
-2850 -10230 -7065
-2850 -10230 -6915
-2525 -10230 -6922
-2830 -10230 -7019
-2850 -10230 -6895
-2600 -10230 -7084
-2320 -10230 -7107
-2320 -10230 -6862
-2320 -10230 -6830
-2320 -10230 -7007
-2320 -10230 -6943
290 -10230 -6820
290 -10230 -6844
290 -10230 -6962
-3020 -10230 -7402
-2615 -10230 -7048
-2615 -10230 -7298
-2615 -10230 -7161
-2085 -10230 -6803
950 -10230 -6756
-2320 -10230 -6505
-2320 -10230 -7009
-2320 -10230 -6853
-2410 -10230 -6750
-2195 -10230 -6580
-2315 -10230 -6903
-2315 -10230 -6466
-2515 -10230 -6787
-2515 -10230 -6824
-2620 -10230 -6729
-2005 -10230 -6821
-2920 -10230 -7365
-2410 -10230 -6657
-2585 -10230 -6620
-2585 -10230 -7064
-2585 -10230 -6997
-2585 -10230 -6669
-2585 -10230 -6901
-2580 -10230 -7002
-3020 -10230 -6773
-2630 -10230 -7067
-2285 -10230 -6769
-2035 -10230 -7162
-2780 -10230 -7011
-2820 -10230 -7146
-2695 -10230 -6699
-2725 -10230 -6766
-2820 -10230 -6762
-2500 -10230 -6835
-2920 -10230 -6891
-2615 -10230 -6832
-2290 -10230 -7064
-2405 -10230 -6900
-2755 -10230 -6973
-2315 -10230 -6799
-2595 -10230 -7167
-2850 -10230 -6699
-2845 -10230 -6821
-2320 -10230 -6865
-2320 -10230 -6940
-2320 -10230 -7202
-2320 -10230 -6595
-2175 -10230 -6941
-2615 -10230 -6802
-2490 -10230 -6709
-1775 -10230 -6828
-2785 -10230 -6555
-2785 -10230 -6610
-2850 -10230 -7144
-2585 -10230 -7060
-2120 -10230 -6681
-2410 -10230 -6502
-2105 -10230 -6327
-2105 -10230 -6834
-2175 -10230 -6861
-2175 -10230 -6853
-2485 -10230 -6803
-2385 -10230 -6848
-2720 -10230 -6794
-1885 -10230 -6870
-2590 -10230 -6759
-2785 -10230 -6898
-2315 -10230 -6722
-2315 -10230 -6908
-2315 -10230 -6903
-2315 -10230 -6754
-2085 -10230 -6652
-1915 -10230 -6440
-1885 -10230 -6672
-2685 -10230 -6853
-1915 -10230 -6534
-2005 -10230 -6364
-2005 -10230 -6854
-2415 -10230 -6845
-2920 -10230 -6653
-2850 -10230 -6837
-2320 -10230 -7016
-2085 -10230 -7106
-2085 -10230 -6630
-2085 -10230 -6914
-2085 -10230 -6815
-1385 -10230 -6576
-2085 -10230 -7096
-2995 -10230 -7044
-3020 -10230 -6841
-3015 -10230 -6804
-2685 -10230 -6936
-2130 -10230 -7030
-2130 -10230 -6987
540 -10230 -6666
-2850 -10230 -7063
-2850 -10230 -7118
-2320 -10230 -6543
-2320 -10095 -6670
-2175 -10230 -6488
-2685 -10230 -6522
-2685 -10230 -6834
-2685 -10230 -6372
-2515 -10230 -6557
-2515 -10230 -6451
-1985 -10230 -6484
-2425 -10230 -6881
-2455 -10230 -6640
-2320 -10230 -6741
-2315 -10230 -6804
-2845 -10230 -6762
-2320 -10230 -6496
-2850 -10230 -6724
-2685 -10230 -6415
-2750 -10230 -6479
-2850 -10230 -6738
-3020 -10230 -6756
-3020 -10230 -6885
-2785 -10230 -6365
-2685 -10230 -6878
-2385 -10230 -6536
-2685 -10230 -6708
-2685 -10230 -6527
-2685 -10230 -6660
1100 -10230 -6705
-2725 -10230 -6762
-2590 -10230 -6799
-1985 -10230 -6375
-1985 -10230 -6475
-2105 -10230 -6448
-2075 -10230 -6191
-2320 -10230 -6321
-2085 -10230 -6336
-2085 -10230 -6327
-2085 -10230 -6713
-2315 -10230 -6332
-2315 -10230 -6380
-2315 -10230 -6297
-2320 -10230 -6089
-2320 -10230 -6072
-2320 -9960 -6099
-2320 -10230 -6487
-2320 -10230 -6245
-2320 -10230 -6387
-2320 -10230 -6590
-2320 -10230 -6709
-2320 -10095 -6150
-2495 -10230 -6336
-2515 -10230 -6362
1100 -10230 -6057
1100 -10230 -6041
1100 -10230 -6065
290 -10230 -6326
1105 -10230 -6076
1105 -10230 -5655
1105 -10095 -5878
1105 -10230 -6151
1335 -10230 -6195
1100 -10095 -6096
425 -10230 -6281
1105 -10230 -6126
1105 -10230 -6306
1105 -10230 -6123
2155 -10230 -6074
1105 -10230 -6000
1105 -9825 -5586
1105 -10230 -5427
1105 -10095 -5295
1435 -10095 -5636
1435 -10230 -5783
1435 -10230 -5504
1435 -10230 -5569
1435 -10095 -5604
1635 -10230 -5825
1635 -10230 -5798
1335 -10095 -5922
1335 -10230 -5818
1335 -10230 -5814
1335 -10230 -5655
1505 -10230 -5280
1945 -10230 -5403
1945 -10230 -5831
1945 -10230 -5696
1535 -10230 -5453
1535 -10230 -5536
1535 -10230 -5740
1335 -10095 -5399
1335 -10095 -5730
1505 -10230 -5814
1435 -10230 -5490
1435 -10230 -5528
1435 -10230 -5542
1435 -9960 -5436
1435 -10230 -5415
1505 -10230 -5373
1945 -10230 -4905
1945 -10230 -4614
1945 -10230 -4994
2035 -10230 -5038
2035 -10230 -5068
1505 -10095 -4737
1505 -10095 -4894
1945 -10230 -4919
1945 -10095 -4863
1945 -10230 -5128
1945 -10230 -5342
2035 -10230 -5216
2035 -10095 -5102
1945 -10230 -4778
1945 -10230 -4760
1945 -10230 -4527
1435 -10230 -4620
1435 -10230 -5227
1335 -10230 -5285
1335 -10230 -5500
1335 -9960 -5529
1335 -10230 -5045
1335 -10095 -5095
1505 -10230 -4920
1535 -10230 -4798
1945 -10095 -4412
1945 -10230 -4878
1945 -10230 -4883
1945 -10230 -4419
1945 -10230 -4783
1945 -10095 -4649
1945 -9960 -4431
1945 -9960 -4443
1945 -9825 -4597
1335 -10095 -4907
1945 -10095 -5056
1945 -9960 -4803
1335 -10130 -4682
1435 -10230 -5078
1435 -10230 -5119
1435 -10230 -5178
1435 -10230 -5299
1435 -10230 -5102
1105 -10230 -5005
1105 -10230 -4852
1105 -10095 -4570
1315 -10230 -4660
1435 -10095 -4322
1435 -10230 -4241
1335 -10095 -4516
1335 -10230 -4432
1335 -10095 -5090
1335 -10230 -5053
1505 -10230 -4898
1335 -10230 -4810
1335 -10095 -4355
1505 -10095 -4714
1335 -10230 -4948
1505 -10230 -4756
1505 -10095 -4334
1315 -9690 -4493
1315 -10230 -4626
2035 -10095 -4914
2035 -10095 -4953
2035 -10095 -4883
2035 -10230 -4999
2035 -10230 -5059
1945 -10230 -4626
1945 -9690 -4260
2035 -10095 -4568
1945 -10230 -4438
1945 -10230 -5013
1945 -10230 -4589
2035 -10095 -4491
2035 -10095 -4232
2035 -10230 -4561
2035 -10095 -4447
2035 -10095 -4808
1105 -10095 -4728
1105 -10230 -4550
1335 -10095 -4648
1335 -10095 -4202
1335 -10230 -4504
1505 -10095 -4803
1505 -10230 -4577
1505 -10230 -4195
2035 -10230 -4431
2035 -10230 -4323
1420 -10095 -4400
1335 -10095 -4685
1435 -10230 -4393
1435 -10230 -4674
1435 -10095 -4850
1435 -10230 -4402
1435 -10230 -4422
1435 -10230 -4312
1435 -10230 -4426
1435 -10230 -4636
1505 -10230 -4602
1635 -10095 -4296
2035 -10230 -4056
2035 -9285 -4270
2035 -10230 -4375
1635 -10230 -4447
1635 -9690 -3927
2035 -10230 -4002
1905 -10230 -4662
1905 -10230 -4667
2035 -10230 -4508
2035 -10230 -4274
2035 -10095 -4220
2035 -10230 -3888
2035 -10095 -4667
2035 -10230 -4466
2035 -10095 -4085
2035 -9420 -4610
2035 -10230 -4665
1505 -10230 -4613
1505 -10230 -3946
1505 -10230 -4284
2035 -10230 -3583
2035 -9420 -4101
2035 -9825 -3449
2035 -10230 -3889
2035 -9825 -4492
2035 -10230 -3407
2035 -10095 -3566
2035 -10230 -3979
2035 -10095 -3871
2035 -10095 -3737
1525 -10230 -3927
1525 -10230 -3316
2035 -10230 -4066
2035 -10230 -4072
2035 -10230 -3904
2035 -10095 -3700
2035 -9960 -3842
1535 -10095 -4032
1435 -9690 -3875
1435 -10095 -3908
1435 -10095 -3889
1435 -10095 -4143
1335 -10095 -3896
1335 -10230 -3951
1335 -10095 -4165
1335 -10230 -4044
1535 -9690 -4250
1535 -10095 -3772
1635 -9960 -4009
1635 -10230 -4088
1945 -10230 -3935
1535 -10230 -3672
1535 -10230 -2988
1535 -10230 -3690
1535 -9960 -3586
1535 -10230 -3516
1945 -10095 -3421
1945 -10230 -3923
1945 -10230 -3216
1945 -9825 -3209
2035 -10095 -3534
1945 -10230 -3286
2035 -10230 -3543
2035 -10230 -3515
2035 -9825 -3746
2035 -9960 -3178
2035 -10230 -3326
2035 -10230 -3503
2035 -10230 -3385
2035 -9690 -4031
2035 -9825 -3159
2035 -10230 -3603
2035 -9960 -4070
2035 -10230 -3830
2035 -10230 -3576
2035 -10230 -3561
2035 -10230 -3834
2035 -10095 -3607
2035 -10230 -3658
2035 -10095 -3579
2035 -10095 -3598
2035 -10230 -3644
2035 -10095 -3645
2035 -10230 -3207
2035 -9960 -3444
2035 -9825 -3528
2035 -10230 -3383
2035 -10095 -3397
2035 -10230 -3062
2035 -9010 -3139
2035 -10095 -3168
2035 -9960 -2586
2035 -10230 -2678
2035 -10230 -3186
1505 -9420 -3295
1505 -10230 -3230
2035 -10230 -3018
2035 -9960 -3481
2035 -10230 -3566
2035 -9420 -3451
2035 -10095 -3283
2035 -10230 -3346
2035 -10230 -3565
2035 -9420 -3533
2035 -9690 -2950
2035 -10095 -2957
2035 -10095 -3372
2035 -9420 -3271
2035 -9825 -3160
2035 -9415 -3619
2035 -9555 -3228
2035 -9690 -3270
2035 -9415 -3037
2035 -10230 -2688
2035 -10095 -2790
2035 -9420 -2711
2035 -9960 -3407
2035 -10230 -3207
2035 -9960 -3073
2035 -10230 -3095
2035 -9960 -3288
2035 -9960 -2558
2035 -10095 -3366
2035 -9285 -2848
2035 -10095 -2814
2035 -10095 -3066
2035 -10230 -2818
2035 -9285 -2571
2035 -10230 -2871
2035 -10230 -2966
2035 -10095 -2631
2035 -9690 -2865
2035 -10095 -3189
2035 -9690 -2830
2035 -10230 -2999
2035 -10095 -3380
2035 -10130 -3021
2035 -9420 -2951
2035 -10095 -2930
2035 -9285 -2869
2035 -10095 -3111
5740 -9960 -3090
5740 -10230 -2425
5740 -9660 -2834
5740 -10230 -2717
5740 -9285 -2405
5740 -9825 -2456
5740 -9150 -2076
5740 -10230 -2415
5740 -9285 -2453
5740 -9420 -2061
5740 -10065 -2497
5740 -9960 -2550
5740 -9825 -2464
5740 -9690 -2293
5740 -10230 -2155
5740 -9960 -1991
5740 -10095 -2546
5740 -9415 -2035
5740 -9420 -2250
5740 -9960 -2460
5740 -10230 -2190
5740 -9420 -1710
5740 -9285 -2260
5740 -10095 -2221
5740 -10095 -1599
5740 -9555 -1527
5740 -10230 -1832
5740 -9085 -2229
5740 -10230 -1718
5740 -9960 -2000
5740 -9960 -2354
5740 -10095 -2211
5740 -10095 -2337
5740 -10095 -2053
5740 -9555 -1548
5740 -9960 -1636
5740 -9825 -1062
5740 -8745 -771
5740 -9280 -494
5740 -9100 -478
5740 -9145 -455
5740 -9960 -130
5740 -9150 -244
5740 -9825 -523
5740 -9690 -609
5740 -9960 -815
5740 -10095 -535
5740 -9690 -285
5740 -9100 -447
5740 -9825 -336
5740 -9690 -608
5740 -8880 -746
5740 -9280 -838
5740 -9420 -695
5740 -10230 -489
5740 -9010 -247
5740 -9420 -118
5740 -8605 -92
5740 -9285 -647
5740 -9050 -721
5740 -8470 -89
5740 -9420 -229
5740 -10230 -495
5740 -9415 -656
5740 -9205 -341
5740 -9420 -233
5740 -9085 104
5740 -8610 671
5740 -9070 972
5740 -8850 596
5740 -9280 343
5740 -9555 -245
5740 -9555 136
5740 -10095 976
5740 -8830 575
5740 -9420 563
5740 -9085 687
5740 -9285 674
5740 -8880 748
5740 -9015 598
5740 -10095 520
5740 -8880 591
5740 -9015 724
5740 -9420 493
5740 -10095 76
5740 -9070 -292
5740 -9015 270
5740 -9285 185
5740 -9420 171
5740 -9085 214
5740 -9285 757
5740 -8665 1136
5740 -9285 6
5740 -8485 -78
5740 -9280 -116
5740 -10230 -309
5740 -9825 -26
5740 -8850 812
5740 -8880 581
5740 -9960 1446
5740 -8740 470
5740 -9285 548
5740 -9010 1225
5740 -9555 1258
5740 -8880 987
5740 -9285 570
5740 -9960 1305
5740 -8880 1097
5740 -9205 818
5740 -8745 298
5740 -9555 526
5740 -8665 793
5740 -8915 1230
5740 -9690 459
5740 -10095 1157
5740 -8665 1013
5740 -9690 780
5740 -8880 1056
5740 -8880 775
5740 -9555 714
5740 -8880 1484
5740 -9015 1179
5740 -8745 972
5740 -8880 1102
5740 -9205 1249
5740 -8745 551
5740 -8995 751
5740 -9285 816
5740 -9420 1280
5740 -10230 1155
5740 -9085 1498
5740 -8880 1531
5740 -8880 1052
5740 -9085 1213
5740 -9420 1615
5740 -9280 1078
5740 -8915 1395
5740 -9420 1614
5740 -8745 1219
5740 -8815 649
5740 -8995 1531
5740 -8880 1196
5740 -9555 1534
5740 -9015 1212
5740 -8745 1430
5740 -9150 1498
5740 -8745 1225
5740 -8965 972
5740 -9085 1066
5740 -9420 1192
5740 -9825 1497
5740 -9015 1385
5740 -8240 1343
5740 -8880 976
5740 -9185 1351
5740 -9555 1369
5740 -7950 1555
5740 -9555 1681
5740 -9555 1395
5740 -8880 2167
5740 -8510 1914
5740 -7665 2088
5740 -8880 2229
5740 -8875 2480
5740 -8915 2173
5740 -8240 2200
5740 -8210 1683
5740 -7355 1803
5740 -8275 2479
5740 -7700 1998
5740 -9825 1726
5740 -7760 1854
5740 -9285 1343
5740 -8475 1603
5740 -8665 1608
5740 -9285 1990
5740 -9205 2421
5740 -7800 2268
5740 -8025 2022
5740 -7700 1800
5740 -9960 1931
5740 -8880 2365
5740 -8965 1996
5740 -9825 2152
5740 -7970 2085
5740 -8965 1798
5740 -8880 1856
5740 -9085 1742
5740 -7435 1820
5740 -7645 2274
5740 -9415 2341
5740 -7535 2703
5740 -8475 2489
5740 -9555 2011
5740 -8290 2258
5740 -10230 2416
5740 -6515 2745
5740 -7485 2544
5740 -8335 2566
5740 -8455 2492
5740 -9420 2440
5740 -8475 2129
5740 -8045 2220
5740 -8725 3000
5740 -8205 2600
5740 -7625 2286
5740 -8510 2520
5740 -8205 2409
5740 -8935 2186
5740 -9015 2655
5740 -10095 2553
5740 -9070 2114
5740 -7135 2434
5740 -7735 2073
5740 -8580 2826
5740 -8375 3117
5740 -7735 2749
5740 -6945 2224
5740 -6630 2777
5740 -8070 1986
5740 -8880 2836
5740 -8645 3085
5740 -8860 2976
5740 -8175 2710
5740 -9285 2653
5740 -7535 3187
5740 -8260 3061
5740 -7635 2974
5740 -7875 2855
5740 -7970 2846
5740 -8585 2918
5740 -8605 3013
5740 -8880 2754
5740 -8070 2967
5740 -7540 3020
5740 -8800 2988
5740 -7435 2480
5740 -9285 3026
5740 -8205 3147
5740 -9185 2910
5740 -8880 2885
5740 -8645 3088
5740 -8070 3384
5740 -8065 3306
5740 -8605 2681
5740 -9420 2606
5740 -8745 3106
5740 -8140 2889
5740 -8745 2566
5740 -8600 2768
5740 -8375 2972
5740 -8560 3015
5740 -9280 2981
5740 -6495 3207
5740 -7760 3532
5740 -8985 3593
5740 -7330 3348
5740 -7625 3473
5740 -7330 3658
5740 -8745 3762
5740 -6765 3497
5740 -6630 3585
5740 -7035 3187
5740 -7835 3660
5740 -8745 3437
5740 -7040 3346
5740 -9280 3158
5740 -8645 3479
5740 -4930 3471
5740 -7625 3248
5740 -7745 3448
5740 -7975 3349
5740 -5065 3619
5740 -8780 3100
5740 -6295 3489
5740 -8445 3333
5740 -7665 3685
5740 -8915 3063
5740 -9690 3271
5740 -7515 3444
5740 -4605 3552
5740 -8575 3530
5740 -5985 3570
5740 -8070 3173
5740 -8610 4001
5740 -4200 4208
5740 -6205 4393
5740 -8510 4038
5740 -4780 4363
5740 -7440 3702
5740 -7215 3898
5740 -6655 4059
5740 -5065 3829
5740 -8070 4107
5740 -6580 4337
5740 -3885 4308
5740 -6525 4175
5740 -6945 4288
5740 -8745 4237
5740 -6950 3972
5740 -6630 3944
5740 -6845 3903
5740 -8880 3539
5740 -8875 4168
5740 -7240 4263
5740 -8070 4664
5740 -8745 4116
5740 -6085 3743
5740 -6260 3798
5740 -6580 4042
5740 -5990 3766
5740 -4375 4009
5740 -8065 3786
5740 -7535 3890
5740 -7700 3881
5740 -8065 4656
5740 -4780 4314
5740 -4065 4644
5740 -3820 4590
5740 -4510 4656
5740 -6260 4485
5740 -7645 4747
5740 -7195 4600
5740 -3130 4720
5740 -3465 4663
5740 -4065 4535
5740 -4740 4243
5740 -3930 4596
5740 -6625 4517
5740 -4875 4473
5740 -4255 4750
5740 -3430 4515
5740 -6520 4518
5740 -2595 4665
5740 -3250 4599
5740 -3885 4707
5740 -4120 4527
5740 -4240 4436
5740 -3430 4751
5740 -4930 4514
5740 -7855 4515
5740 -6950 4567
5740 -8105 4606
5740 -5585 4584
5740 -5065 4543
5740 -3430 4645
5740 -3430 5092
5740 -3430 5206
5740 -3430 5133
5740 -3430 5128
5740 -3835 5085
5740 -3430 5116
5740 -2310 5144
5740 -4255 5104
5740 -4060 5005
5740 -3430 5201
5740 -3430 4998
5740 -3430 5117
5740 -4930 5082
5740 -3430 5068
5740 -1880 5235
5740 -6520 5087
5740 -3970 5301
5740 -3430 5059
5740 -7305 4947
5740 -3430 5074
5740 -3430 5223
5740 -3430 5075
5740 -3430 5184
5740 -3905 5075
5740 -3635 5035
5740 -6580 4875
5740 -3435 5121
5740 -3430 5099
5740 -3565 5075
5740 -2505 5265
5740 290 5313
5740 5740 5740
5740 5740 5740
5740 5740 5740
5740 5740 5740
5740 5740 5740
5740 5740 5740
5740 5740 5740
5740 5740 5740
5740 5740 5740
5740 5740 5740
5740 5740 5740
5740 5740 5740
5740 5740 5740
5740 5740 5740
5740 5740 5740
5740 5740 5740
5740 5740 5740
5740 5740 5740
5740 5740 5740
5740 5740 5740
5740 5740 5740
5740 5740 5740
5740 5740 5740
5740 5740 5740
5740 5740 5740
5740 5740 5740
5740 5740 5740
5740 5740 5740
5740 5740 5740
5740 5740 5740
5740 5740 5740
5740 5740 5740
5740 5740 5740
5740 5740 5740
5740 5740 5740
5740 5740 5740
5740 5740 5740
5740 5740 5740
5740 5740 5740
5740 5740 5740
5740 5740 5740
5740 5740 5740
5740 5740 5740
5740 5740 5740
5740 5740 5740
5740 5740 5740
5740 5740 5740
5740 5740 5740
5740 5740 5740
5740 5740 5740
5740 5740 5740
5740 5740 5740
5740 5740 5740
5740 5740 5740
5740 5740 5740
5740 5740 5740
5740 5740 5740
5740 5740 5740
5740 5740 5740
5740 5740 5740
5740 5740 5740
5740 5740 5740
5740 5740 5740
5740 5740 5740
5740 5740 5740
5740 5740 5740
5740 5740 5740
5740 5740 5740
5740 5740 5740
5740 5740 5740
5740 5740 5740
5740 5740 5740
5740 5740 5740
5740 5740 5740
5740 5740 5740
5740 5740 5740
5740 5740 5740
5740 5740 5740
5740 5740 5740
5740 5740 5740
5740 5740 5740
5740 5740 5740
5740 5740 5740
5740 5740 5740
5740 5740 5740
5740 5740 5740
5740 5740 5740
5740 5740 5740
5740 5740 5740
5740 5740 5740
5740 5740 5740
5740 5740 5740
5740 5740 5740
5740 5740 5740
5740 5740 5740
5740 5740 5740
5740 5740 5740
5740 5740 5740
5740 5740 5740
5740 5740 5740
5740 5740 5740
5740 5740 5740
5740 5740 5740
5740 5740 5740
5740 5740 5740
5740 5740 5740
5740 5740 5740
5740 5740 5740
5740 5740 5740
5740 5740 5740
5740 5740 5740
5740 5740 5740
5740 5740 5740
5740 5740 5740
5740 5740 5740
5740 5740 5740
5740 5740 5740
5740 5740 5740
5740 5740 5740
5740 5740 5740
5740 5740 5740
5740 5740 5740
5740 5740 5740
5740 5740 5740
5740 5740 5740
5740 5740 5740
5740 5740 5740
5740 5740 5740
5740 5740 5740
5740 5740 5740
5740 5740 5740
5740 5740 5740
5740 5740 5740
5740 5740 5740
5740 5740 5740
5740 5740 5740
5740 5740 5740
5740 5740 5740
5740 5740 5740
5740 5740 5740
5740 5740 5740
5740 5740 5740
5740 5740 5740
5740 5740 5740
5740 5740 5740
5740 5740 5740
5740 5740 5740
5740 5740 5740
5740 5740 5740
5740 5740 5740
5740 5740 5740
5740 5740 5740
5740 5740 5740
5740 5740 5740
5740 5740 5740
5740 5740 5740
5740 5740 5740
5740 5740 5740
5740 5740 5740
5740 5740 5740
5740 5740 5740
5740 5740 5740
5740 5740 5740
5740 5740 5740
5740 5740 5740
5740 5740 5740
5740 5740 5740
5740 5740 5740
5740 5740 5740
5740 5740 5740
5740 5740 5740
5740 5740 5740
5740 5740 5740
5740 5740 5740
5740 5740 5740
5740 5740 5740
5740 5740 5740
5740 5740 5740
5740 5740 5740
5740 5740 5740
5740 5740 5740
5740 5740 5740
5740 5740 5740
5740 5740 5740
5740 5740 5740
5740 5740 5740
5740 5740 5740
5740 5740 5740
5740 5740 5740
5740 5740 5740
5740 5740 5740
5740 5740 5740
5740 5740 5740
5740 5740 5740
5740 5740 5740
5740 5740 5740
5740 5740 5740
5740 5740 5740
5740 5740 5740
5740 5740 5740
5740 5740 5740
5740 5740 5740
5740 5740 5740
5740 5740 5740
5740 5740 5740
5740 5740 5740
5740 5740 5740
5740 5740 5740
5740 5740 5740
5740 5740 5740
5740 5740 5740
5740 5740 5740
5740 5740 5740
5740 5740 5740
5740 5740 5740
5740 5740 5740
5740 5740 5740
5740 5740 5740
5740 5740 5740
5740 5740 5740
5740 5740 5740
5740 5740 5740
5740 5740 5740
5740 5740 5740
5740 5740 5740
5740 5740 5740
5740 5740 5740
5740 5740 5740
5740 5740 5740
5740 5740 5740
5740 5740 5740
5740 5740 5740
5740 5740 5740
5740 5740 5740
5740 5740 5740
5740 5740 5740
5740 5740 5740
5740 5740 5740
5740 5740 5740
5740 5740 5740
5740 5740 5740
5740 5740 5740
5740 5740 5740
5740 5740 5740
5740 5740 5740
5740 5740 5740
5740 5740 5740
5740 5740 5740
5740 5740 5740
5740 5740 5740
5740 5740 5740
5740 5740 5740
5740 5740 5740
5740 5740 5740
5740 5740 5740
5740 5740 5740
5740 5740 5740
5740 5740 5740
5740 5740 5740
5740 5740 5740
5740 5740 5740
5740 5740 5740
5740 5740 5740
5740 5740 5740
5740 5740 5740
5740 5740 5740
5740 5740 5740
5740 5740 5740
5740 5740 5740
5740 5740 5740
5740 5740 5740
5740 5740 5740
5740 5740 5740
5740 5740 5740
5740 5740 5740
5740 5740 5740
5740 5740 5740
5740 5740 5740
5740 5740 5740
5740 5740 5740
5740 5740 5740
5740 5740 5740
5740 5740 5740
5740 5740 5740
5740 5740 5740
5740 5740 5740
5740 5740 5740
5740 5740 5740
5740 5740 5740
5740 5740 5740
5740 5740 5740
5740 5740 5740
5740 5740 5740
5740 5740 5740
5740 5740 5740
5740 5740 5740
5740 5740 5740
5740 5740 5740
5740 5740 5740
5740 5740 5740
5740 5740 5740
5740 5740 5740
5740 5740 5740
5740 5740 5740
5740 5740 5740
5740 5740 5740
5740 5740 5740
5740 5740 5740
5740 5740 5740
5740 5740 5740
5740 5740 5740
5740 5740 5740
5740 5740 5740
5740 5740 5740
5740 5740 5740
5740 5740 5740
5740 5740 5740
5740 5740 5740
5740 5740 5740
5740 5740 5740
5740 5740 5740
5740 5740 5740
5740 5740 5740
5740 5740 5740
5740 5740 5740
5740 5740 5740
5740 5740 5740
5740 5740 5740
5740 5740 5740
5740 5740 5740
5740 5740 5740
5740 5740 5740
5740 5740 5740
5740 5740 5740
5740 5740 5740
5740 5740 5740
5740 5740 5740
5740 5740 5740
5740 5740 5740
5740 5740 5740
5740 5740 5740
5740 5740 5740
5740 5740 5740
5740 5740 5740
5740 5740 5740
5740 5740 5740
5740 5740 5740
5740 5740 5740
5740 5740 5740
5740 5740 5740
5740 5740 5740
5740 5740 5740
5740 5740 5740
5740 5740 5740
5740 5740 5740
5740 5740 5740
5740 5740 5740
5740 5740 5740
5740 5740 5740
5740 5740 5740
5740 5740 5740
5740 5740 5740
5740 5740 5740
5740 5740 5740
5740 5740 5740
5740 5740 5740
5740 5740 5740
5740 5740 5740
5740 5740 5740
5740 5740 5740
5740 5740 5740
5740 5740 5740
5740 5740 5740
5740 5740 5740
5740 5740 5740
5740 5740 5740
5740 5740 5740
5740 5740 5740
5740 5740 5740
5740 5740 5740
5740 5740 5740
5740 5740 5740
5740 5740 5740
5740 5740 5740
5740 5740 5740
5740 5740 5740
5740 5740 5740
5740 5740 5740
5740 5740 5740
5740 5740 5740
5740 5740 5740
5740 5740 5740
5740 5740 5740
5740 5740 5740
5740 5740 5740
5740 5740 5740
5740 5740 5740
5740 5740 5740
5740 5740 5740
5740 5740 5740
5740 5740 5740
5740 5740 5740
5740 5740 5740
5740 5740 5740
5740 5740 5740
5740 5740 5740
5740 5740 5740
5740 5740 5740
5740 5740 5740
5740 5740 5740
5740 5740 5740
5740 5740 5740
5740 5740 5740
5740 5740 5740
5740 5740 5740
5740 5740 5740
5740 5740 5740
5740 5740 5740
5740 5740 5740
5740 5740 5740
5740 5740 5740
5740 5740 5740
5740 5740 5740
5740 5740 5740
5740 5740 5740
5740 5740 5740
5740 5740 5740
5740 5740 5740
5740 5740 5740
5740 5740 5740
5740 5740 5740
5740 5740 5740
5740 5740 5740
5740 5740 5740
5740 5740 5740
5740 5740 5740
5740 5740 5740
5740 5740 5740
5740 5740 5740
5740 5740 5740
5740 5740 5740
5740 5740 5740
5740 5740 5740
5740 5740 5740
5740 5740 5740
5740 5740 5740
5740 5740 5740
5740 5740 5740
5740 5740 5740
5740 5740 5740
5740 5740 5740
5740 5740 5740
5740 5740 5740
5740 5740 5740
5740 5740 5740
5740 5740 5740
5740 5740 5740
5740 5740 5740
5740 5740 5740
5740 5740 5740
5740 5740 5740
5740 5740 5740
5740 5740 5740
5740 5740 5740
5740 5740 5740
5740 5740 5740
5740 5740 5740
5740 5740 5740
5740 5740 5740
5740 5740 5740
5740 5740 5740
5740 5740 5740
5740 5740 5740
5740 5740 5740
5740 5740 5740
5740 5740 5740
-9505 -7780 -8995
-5200 -10230 -8706
-4795 -10230 -8570
-3965 -10230 -8546
-5780 -10130 -8522
-4040 -10230 -8403
-5995 -10095 -8518
-5760 -10030 -8452
-4740 -10230 -8455
-4665 -10230 -8331
-4895 -10095 -8416
-4940 -10230 -8363
-3765 -9995 -8348
-4290 -10130 -8307
-4905 -10230 -8424
-3840 -10130 -8291
-5245 -10130 -8479
-6245 -10130 -8414
-4270 -10130 -8489
-2490 -10030 -8329
-4350 -9960 -8419
-5185 -10130 -8381
-5860 -10230 -8508
-4985 -10130 -8461
-5295 -10230 -8478
-3020 -10130 -8323
-4195 -9870 -8345
-3920 -10130 -8346
-4555 -10030 -8267
-3440 -10230 -8372
-3970 -10130 -8386
-4425 -10130 -8261
-4795 -10130 -8370
-3715 -9930 -8210
-3290 -10000 -8225
-4380 -10130 -8290
-4080 -10130 -8320
-4750 -10230 -8401
-4905 -10230 -8386
-6270 -10130 -8445
-3885 -10030 -8267
-5045 -10230 -8424
-5330 -9965 -8228
-3890 -10230 -8214
-4520 -10130 -8398
-5025 -10130 -8271
-4800 -10095 -8325
-4240 -9895 -8270
-3115 -10230 -8344
-3970 -10030 -8237
-3525 -10230 -8312
-5750 -10000 -8338
-5410 -10130 -8284
-5760 -10030 -8346
-6450 -10000 -8342
-5435 -10030 -8303
-4395 -10100 -8458
-4610 -10130 -8487
-4360 -10230 -8405
-4400 -10130 -8392
-4940 -10130 -8300
-2990 -10100 -8177
-3515 -10130 -8118
-4450 -10130 -8224
-4390 -10130 -8393
-3720 -9965 -8242
-5685 -10130 -8296
-4135 -10230 -8352
-5800 -10030 -8270
-5490 -10130 -8252
-4580 -10230 -8262
-5855 -10230 -8348
-4845 -10230 -8324
-4460 -10100 -8242
-5365 -10130 -8275
-4580 -10130 -8264
-4400 -10130 -8318
-5435 -10230 -8268
-4360 -9995 -8235
-5940 -10130 -8264
-4610 -10095 -8200
-5665 -10130 -8289
-5410 -10230 -8317
-3995 -10030 -8209
-2555 -10230 -8306
-5140 -10230 -8310
-5135 -10230 -8254
-5170 -10230 -8283
-5075 -10230 -8219
-4540 -10030 -8243
-5140 -10030 -8354
-4900 -10000 -8241
-5005 -10000 -8146
-3425 -10230 -8326
-3760 -10230 -8272
-3800 -10030 -8224
-5365 -10000 -8302
-4780 -10030 -8314
-60 -9770 -8219
-3365 -10130 -8290
-4665 -9965 -8176
-4620 -10030 -8132
-5760 -9995 -8281
-5780 -10130 -8352
-2945 -10130 -8344
-3775 -10030 -8239
-5375 -10230 -8210
-4575 -10130 -8182
-5725 -10100 -8241
-5060 -10040 -8177
-4935 -10130 -8319
-3700 -9795 -8133
-5760 -10130 -8154
-5805 -10230 -8216
-5655 -10130 -8189
-5945 -10130 -8272
-4915 -10230 -8225
-5075 -10095 -8307
-3470 -10100 -8260
-4005 -10130 -8156
-5635 -10000 -8242
-4125 -10100 -8321
-4245 -10130 -8246
-3930 -9995 -8168
-4650 -10030 -8309
-4865 -10130 -8354
-2450 -10030 -8274
-5380 -9895 -8252
-6355 -10230 -8348
-5080 -10095 -8265
-5425 -10130 -8254
-5090 -9965 -8365
-5100 -10230 -8394
-3615 -10130 -8423
-5205 -10130 -8282
-5090 -9995 -8316
-3350 -10130 -8233
-3875 -10130 -8252
-4155 -10230 -8237
-5070 -10130 -8316
-4120 -10030 -8168
-4720 -10230 -8284
-4225 -10130 -8333
-4040 -10230 -8332
-3350 -10130 -8282
-3605 -10130 -8326
-3515 -9930 -8160
-2905 -10030 -8182
-3560 -10230 -8259
-4225 -10030 -8160
-4035 -10030 -8212
-5805 -10130 -8262
-5530 -10100 -8297
-5080 -10030 -8230
-4645 -10030 -8311
-5650 -10230 -8307
-4905 -10130 -8223
-5015 -10130 -8339
-5625 -9865 -8218
-5885 -10230 -8291
-4870 -9800 -8209
-4770 -10095 -8269
-4415 -10030 -8277
-5015 -10030 -8195
-3950 -10130 -8292
-2970 -10230 -8296
-5295 -10030 -8227
-4500 -10230 -8203
-4695 -10130 -8280
-5530 -9995 -8246
-3065 -10230 -8136
-3105 -10230 -8129
-3170 -10130 -8141
-3135 -10030 -8215
-3665 -10230 -8292
-2935 -10230 -8350
-5065 -10095 -8294
-3405 -10230 -8322
-4605 -10230 -8335
-3715 -10230 -8361
-4190 -10000 -8336
-4380 -10130 -8241
-3915 -10230 -8308
-5390 -10230 -8247
-4170 -10130 -8243
-4925 -10030 -8270
-4625 -10230 -8195
-3615 -10130 -8267
-5125 -10030 -8303
-5650 -10030 -8281
-4715 -10230 -8218
-4935 -10000 -8266
-3250 -10130 -8201
-4255 -10230 -8241
-3845 -10130 -8099
-3110 -10230 -8142
-5260 -10230 -8205
-2095 -10130 -8213
-4510 -10130 -8261
-4495 -10230 -8244
-4330 -10130 -8160
-4120 -10130 -8184
-3385 -10130 -8108
-3915 -10230 -8227
-5480 -10095 -8336
-4450 -10130 -8326
-4650 -10130 -8303
-3985 -10095 -8311
-4860 -10230 -8374
-3975 -10230 -8215
-2920 -10230 -8091
-3370 -10100 -8296
-3930 -10095 -8181
-3250 -10230 -8215
-3830 -10230 -8280
-4065 -10230 -8179
-3250 -10230 -8371
-3930 -10230 -8384
-3255 -10230 -8296
-3000 -10230 -8178
-3255 -10230 -8327
-3830 -10230 -8401
-3250 -10230 -8081
-3250 -10230 -8113
-3020 -10230 -8224
-2945 -10230 -8103
-3250 -10230 -8223
-3020 -10230 -7879
-3250 -10230 -8289
-3255 -10230 -8104
-2915 -10230 -8351
-3250 -10230 -8101
-3020 -10230 -8232
-2935 -10230 -8004
-3020 -10230 -8005
-3020 -10230 -8034
-3255 -10230 -8318
-3255 -10230 -8185
-3250 -10230 -8296
-2730 -10230 -8015
-3255 -10230 -8337
-2550 -10230 -8216
-3020 -10230 -8150
-3020 -10230 -8245
-3020 -10230 -8409
-3020 -10230 -8240
-3020 -10230 -8130
-2410 -10230 -8311
-2320 -10230 -8153
-2850 -10230 -8065
-3895 -10230 -8299
-3250 -10230 -8335
-3040 -10230 -8463
-3250 -10230 -8009
-2920 -10230 -8236
-3020 -10230 -8292
-3020 -10230 -8242
-3255 -10230 -8142
-2995 -10230 -8154
-2315 -10230 -7957
-2315 -10230 -8150
-2920 -10230 -8209
-3220 -10230 -8109
-3660 -10230 -8307
-2830 -10230 -8201
-2830 -10230 -8150
-2785 -10230 -8010
-2970 -10230 -8155
-3195 -10230 -8194
-2415 -10230 -8167
-2365 -10230 -8141
-970 -10230 -7936
-2850 -10230 -7926
-2850 -10230 -7958
795 -10230 -8101
-3200 -10230 -8077
-3250 -10230 -8119
-3175 -10230 -8239
-2915 -10230 -8239
-3245 -10230 -8171
-3020 -10230 -8082
-3250 -10230 -7747
-2785 -10230 -8122
-3000 -10230 -7808
-2830 -10230 -8166
-3020 -10230 -8082
-3130 -10230 -7915
-2795 -10230 -8039
-2915 -10230 -8069
-3040 -10230 -7917
-3020 -10230 -8211
-2915 -10230 -8061
-3015 -10230 -8082
-3015 -10230 -7908
-2025 -10230 -8079
-3020 -10230 -7962
-3155 -10230 -7989
-3250 -10230 -7986
-2920 -10230 -8152
-2670 -10230 -7976
-2920 -10230 -8048
-2820 -10230 -8173
-2920 -10230 -8132
-2920 -10230 -8338
-3255 -10230 -8446
-3255 -10230 -8176
-3255 -10230 -8276
-3020 -10230 -8061
-2410 -10230 -7922
-2410 -10230 -7965
-2320 -10230 -8013
-3250 -10230 -7984
-3040 -10230 -8360
-3040 -10230 -8320
-3290 -10230 -8230
-3040 -10230 -8440
-3040 -10230 -8364
-3040 -10230 -8174
-3255 -10230 -8115
-3015 -10230 -8032
-2850 -10230 -7975
-2320 -10230 -8012
-2850 -10230 -7894
-2780 -10230 -8100
-2820 -10230 -8133
-2785 -10230 -7942
-2785 -10230 -7613
1435 -10230 -7962
1100 -10230 -8069
-2420 -10230 -7977
-2785 -10230 -7969
-3230 -10230 -8047
-2830 -10230 -8266
-3020 -10230 -8246
-3015 -10230 -7994
-2785 -10230 -7907
-2785 -10230 -7918
-2785 -10230 -7898
-2615 -10230 -7932
-2685 -10230 -7856
-2850 -10230 -7825
-2410 -10230 -8001
-2630 -10230 -7688
-3040 -10230 -7721
-2930 -10230 -7830
-2125 -10230 -7708
-2940 -10230 -7902
-2920 -10230 -8177
-2820 -10230 -7869
-2620 -10230 -8073
-2320 -10230 -8044
-2915 -10230 -8013
-2515 -10230 -7851
-3020 -10230 -7592
-2320 -10230 -7929
-2680 -10230 -8144
-3020 -10230 -8341
-3020 -10230 -7839
-2780 -10230 -7827
-2850 -10230 -7935
-2920 -10230 -7871
-2920 -10230 -7735
-2920 -10230 -7980
-2945 -10230 -7712
-2850 -10230 -7934
-2830 -10230 -7651
-3220 -10230 -7537
-2850 -10230 -7875
-3040 -10230 -8175
-3255 -10230 -7838
-2950 -10230 -7812
-2320 -10230 -7653
-2805 -10230 -7971
-2720 -10230 -7923
-2850 -10230 -7746
-2920 -10230 -7980
-2920 -10230 -7477
-2785 -10230 -7760
-2785 -10230 -7914
-3250 -10230 -7774
-3020 -10230 -7904
-2785 -10230 -7724
-2105 -10230 -7827
-2615 -10230 -7987
-1915 -10230 -7783
-2005 -10230 -7883
-2920 -10230 -7800
-3020 -10230 -8117
-3020 -10230 -8009
-2850 -10230 -7955
-2410 -10230 -7791
-3095 -10230 -7967
-2685 -10230 -7715
-2585 -10230 -7728
-3020 -10230 -7865
-2320 -10230 -7794
-2320 -10230 -7780
-2920 -10230 -7956
-2485 -10230 -7605
-2625 -10230 -7471
-3020 -10230 -7798
-3020 -10230 -7946
-2920 -10230 -7987
-3020 -10230 -7973
-2920 -10230 -7896
-2785 -10230 -7527
-2850 -10230 -7491
-2920 -10230 -7490
-2920 -10230 -7847
-2920 -10230 -7986
-2720 -10230 -7516
-2320 -10230 -7449
-2320 -10230 -7743
-2320 -10230 -7668
-2850 -10230 -7598
-3250 -10230 -7841
-3020 -10230 -8061
-3020 -10230 -8155
-1195 -10230 -7884
-2410 -10230 -7914
-2410 -10230 -7945
-3020 -10230 -8182
-3020 -10230 -8078
-3255 -10230 -8105
-2915 -10230 -7880
-2685 -10230 -7652
-2915 -10230 -7826
-3020 -10230 -7630
-2200 -10230 -7731
-2425 -10230 -8056
-2745 -10230 -7548
-2745 -10230 -7666
-2720 -10230 -7839
-2720 -10230 -7723
-2920 -10230 -7941
-2920 -10230 -7913
-2920 -10230 -7980
-2820 -10230 -7650
-2820 -10230 -7825
-2815 -10230 -7676
-2075 -10230 -7607
-2005 -10230 -7703
-2700 -10230 -7676
-3020 -10230 -7666
-3020 -10230 -7600
-2820 -10230 -7728
-2820 -10230 -7698
-3015 -10230 -7625
-2915 -10230 -7792
-2685 -10230 -7924
-2915 -10230 -7782
1100 -10230 -7474
-2915 -10230 -7880
-3020 -10230 -7871
-3020 -10230 -7644
-3015 -10230 -7681
-3015 -10230 -7762
-2815 -10230 -7507
-2850 -10230 -7782
290 -10230 -7988
-3020 -10230 -7828
-3020 -10230 -7568
-2850 -10230 -7874
-2850 -10230 -7961
-2720 -10230 -7891
-2920 -10230 -7867
-2920 -10230 -7966
-2085 -10230 -7746
-3250 -10230 -7703
-2580 -10230 -7627
-2820 -10230 -7587
-2920 -10230 -7760
-2915 -10230 -7706
-2920 -10230 -7603
-2920 -10230 -7674
-3020 -10230 -7766
-2320 -10230 -7526
-3020 -10230 -7681
-2995 -10230 -7564
-3020 -10230 -7814
-2320 -10230 -7301
-2320 -10230 -7497
-2850 -10230 -7588
-2850 -10230 -7577
-2845 -10230 -7560
-2845 -10230 -7598
-2620 -10230 -7516
-3250 -10230 -7493
-3250 -10230 -7675
-3250 -10230 -7843
-3040 -10230 -7827
-2720 -10230 -7554
-2585 -10230 -7700
-2320 -10230 -7461
-3180 -10230 -7588
-3250 -10230 -7772
-3250 -10230 -7797
-3180 -10230 -7755
-2920 -10230 -7574
-2485 -10230 -7477
-2635 -10230 -7458
-2405 -10230 -7489
-2405 -10230 -7422
-2685 -10230 -7462
-3015 -10230 -7541
290 -10230 -7672
-3020 -10230 -7628
290 -10230 -7673
-130 -10230 -7418
-3015 -10230 -7699
-3015 -10230 -7664
-3015 -10230 -7417
-3015 -10230 -7642
-2785 -10230 -7714
-2915 -10230 -7690
-2585 -10230 -7380
-2685 -10230 -7704
-2405 -10230 -7335
-2635 -10230 -7635
-3020 -10230 -7262
-2785 -10230 -7533
-2785 -10230 -7547
-3020 -10230 -7634
-2320 -10230 -7451
-2585 -10230 -7399
-2685 -10230 -7158
-2915 -10230 -7339
-3015 -10230 -7540
-2520 -10230 -7626
-2410 -10230 -7648
-2410 -10230 -7167
-2410 -10230 -7300
-2410 -10230 -7200
-3015 -10230 -7627
-2320 -10095 -7454
1100 -10230 -7577
1100 -10230 -7496
-2860 -10230 -7226
-2175 -10230 -7401
-2175 -10230 -7590
-2175 -10230 -7416
-2195 -10230 -7844
-2105 -10230 -7598
-2705 -10230 -7668
-2850 -10230 -7739
-2820 -10230 -7481
-2320 -10230 -7429
-2515 -10230 -7462
-2175 -10230 -7282
-2175 -10230 -7233
-2615 -10230 -7706
-2320 -10230 -7724
-2320 -10230 -7422
-2580 -10230 -7466
-2050 -10230 -7231
-2850 -10230 -7383
-2920 -10230 -7675
-2930 -10230 -7847
-2930 -10230 -7791
-3255 -10230 -7700
-2820 -10230 -7732
-2805 -10230 -7346
-2905 -10230 -7341
-2805 -10230 -7914
-2615 -10230 -7542
-3015 -10230 -7442
-2105 -10230 -7657
-3250 -10230 -7595
-3015 -10230 -7482
-2265 -10230 -7626
-3015 -10230 -7211
-3040 -10230 -7522
-2805 -10230 -7292
-2785 -10230 -7225
-2785 -10230 -7249
-2825 -10230 -7285
-2685 -10230 -7368
-2685 -10230 -7487
-2085 -10230 -7316
-2920 -10230 -7506
-2580 -10230 -7215
-2620 -10230 -7293
-2850 -10230 -7008
-2350 -10230 -7313
-3020 -10230 -7308
-2770 -10230 -7458
-2785 -10230 -7396
-3015 -10230 -7426
-2410 -10230 -7407
-3020 -10230 -7440
-3040 -10230 -7527
-3250 -10230 -7696
-3250 -10230 -7257
-3255 -10230 -7498
-2920 -10230 -7422
-2785 -10230 -7467
-2820 -10230 -7514
-3020 -10230 -7341
-3040 -10230 -7546
-2845 -10230 -7284
-2850 -10230 -7385
-2850 -10230 -7517
-3020 -10230 -7281
-3020 -10230 -6953
-2850 -10230 -7009
-2320 -10230 -7114
290 -10230 -7040
-2720 -10230 -7194
-2850 -10230 -7342
-2785 -10230 -7373
-2785 -10230 -7363
-2920 -10230 -7227
-2410 -10230 -7174
-2720 -10230 -7142
-2720 -10230 -7066
-2920 -10230 -7368
-2920 -10230 -7369
-2720 -10230 -7401
1100 -10230 -7222
1100 -10230 -7222
1100 -10230 -7203
-2685 -10230 -7409
-2720 -10230 -7587
-2320 -10230 -7357
-2850 -10230 -7532
-2630 -10230 -7291
-3145 -10230 -7507
-3020 -10230 -7022
1100 -10230 -7150
-2130 -10230 -7033
1100 -10230 -7010
1100 -10230 -6939
-2805 -10230 -7235
-2805 -10230 -7256
-2805 -10230 -7614
-3255 -10230 -7472
-3250 -10230 -7529
-3020 -10230 -7286
-2850 -10230 -7398
-2865 -10230 -7225
-2920 -10230 -7604
-3015 -10230 -7428
-2785 -10230 -7449
-2585 -10230 -7196
-2615 -10230 -7392
-2785 -10230 -7261
-2785 -10230 -7265
-2785 -10230 -7157
-2320 -10230 -7161
-2320 -10230 -7336
-2320 -10230 -7514
-3015 -10230 -7432
-3015 -10230 -7441
-3015 -10230 -7196
-3015 -10230 -7239
-3015 -10230 -7285
-3015 -10230 -7185
-2925 -10230 -7240
-2285 -10230 -7462
-2405 -10230 -7280
-2405 -10230 -7389
-2405 -10230 -7283
-1565 -10230 -7067
-1565 -10230 -6893
-1565 -10230 -6987
-2320 -10230 -6804
-2405 -10230 -6946
-2405 -10230 -7052
-2815 -10230 -7269
-2315 -10230 -6962
-2410 -10230 -7034
-2615 -10230 -6975
1105 -10230 -6875
-2405 -10230 -7090
290 -10230 -6621
-2920 -10230 -7362
-3015 -10230 -7094
1105 -10230 -6972
1105 -10230 -7139
425 -10230 -7333
290 -10230 -7313
-2685 -10230 -7349
-2315 -10230 -6895
-2915 -10230 -7086
-2620 -10230 -7050
-2410 -10230 -6910
-2410 -10230 -7074
290 -10230 -7055
-2410 -10230 -7059
290 -10230 -7088
-2320 -10230 -7209
-2320 -10230 -7135
-3015 -10230 -7216
-2850 -10230 -7044
-2850 -10230 -7059
-2615 -10230 -7015
-2850 -10230 -6851
-2850 -10230 -7065
-2850 -10230 -6915
-2525 -10230 -6922
-2830 -10230 -7019
-2850 -10230 -6895
-2600 -10230 -7084
-2320 -10230 -7107
-2320 -10230 -6862
-2320 -10230 -6830
-2320 -10230 -7007
-2320 -10230 -6943
290 -10230 -6820
290 -10230 -6844
290 -10230 -6962
-3020 -10230 -7402
-2615 -10230 -7048
-2615 -10230 -7298
-2615 -10230 -7161
-2085 -10230 -6803
950 -10230 -6756
-2320 -10230 -6505
-2320 -10230 -7009
-2320 -10230 -6853
-2410 -10230 -6750
-2195 -10230 -6580
-2315 -10230 -6903
-2315 -10230 -6466
-2515 -10230 -6787
-2515 -10230 -6824
-2620 -10230 -6729
-2005 -10230 -6821
-2920 -10230 -7365
-2410 -10230 -6657
-2585 -10230 -6620
-2585 -10230 -7064
-2585 -10230 -6997
-2585 -10230 -6669
-2585 -10230 -6901
-2580 -10230 -7002
-3020 -10230 -6773
-2630 -10230 -7067
-2285 -10230 -6769
-2035 -10230 -7162
-2780 -10230 -7011
-2820 -10230 -7146
-2695 -10230 -6699
-2725 -10230 -6766
-2820 -10230 -6762
-2500 -10230 -6835
-2920 -10230 -6891
-2615 -10230 -6832
-2290 -10230 -7064
-2405 -10230 -6900
-2755 -10230 -6973
-2315 -10230 -6799
-2595 -10230 -7167
-2850 -10230 -6699
-2845 -10230 -6821
-2320 -10230 -6865
-2320 -10230 -6940
-2320 -10230 -7202
-2320 -10230 -6595
-2175 -10230 -6941
-2615 -10230 -6802
-2490 -10230 -6709
-1775 -10230 -6828
-2785 -10230 -6555
-2785 -10230 -6610
-2850 -10230 -7144
-2585 -10230 -7060
-2120 -10230 -6681
-2410 -10230 -6502
-2105 -10230 -6327
-2105 -10230 -6834
-2175 -10230 -6861
-2175 -10230 -6853
-2485 -10230 -6803
-2385 -10230 -6848
-2720 -10230 -6794
-1885 -10230 -6870
-2590 -10230 -6759
-2785 -10230 -6898
-2315 -10230 -6722
-2315 -10230 -6908
-2315 -10230 -6903
-2315 -10230 -6754
-2085 -10230 -6652
-1915 -10230 -6440
-1885 -10230 -6672
-2685 -10230 -6853
-1915 -10230 -6534
-2005 -10230 -6364
-2005 -10230 -6854
-2415 -10230 -6845
-2920 -10230 -6653
-2850 -10230 -6837
-2320 -10230 -7016
-2085 -10230 -7106
-2085 -10230 -6630
-2085 -10230 -6914
-2085 -10230 -6815
-1385 -10230 -6576
-2085 -10230 -7096
-2995 -10230 -7044
-3020 -10230 -6841
-3015 -10230 -6804
-2685 -10230 -6936
-2130 -10230 -7030
-2130 -10230 -6987
540 -10230 -6666
-2850 -10230 -7063
-2850 -10230 -7118
-2320 -10230 -6543
-2320 -10095 -6670
-2175 -10230 -6488
-2685 -10230 -6522
-2685 -10230 -6834
-2685 -10230 -6372
-2515 -10230 -6557
-2515 -10230 -6451
-1985 -10230 -6484
-2425 -10230 -6881
-2455 -10230 -6640
-2320 -10230 -6741
-2315 -10230 -6804
-2845 -10230 -6762
-2320 -10230 -6496
-2850 -10230 -6724
-2685 -10230 -6415
-2750 -10230 -6479
-2850 -10230 -6738
-3020 -10230 -6756
-3020 -10230 -6885
-2785 -10230 -6365
-2685 -10230 -6878
-2385 -10230 -6536
-2685 -10230 -6708
-2685 -10230 -6527
-2685 -10230 -6660
1100 -10230 -6705
-2725 -10230 -6762
-2590 -10230 -6799
-1985 -10230 -6375
-1985 -10230 -6475
-2105 -10230 -6448
-2075 -10230 -6191
-2320 -10230 -6321
-2085 -10230 -6336
-2085 -10230 -6327
-2085 -10230 -6713
-2315 -10230 -6332
-2315 -10230 -6380
-2315 -10230 -6297
-2320 -10230 -6089
-2320 -10230 -6072
-2320 -9960 -6099
-2320 -10230 -6487
-2320 -10230 -6245
-2320 -10230 -6387
-2320 -10230 -6590
-2320 -10230 -6709
-2320 -10095 -6150
-2495 -10230 -6336
-2515 -10230 -6362
1100 -10230 -6057
1100 -10230 -6041
1100 -10230 -6065
290 -10230 -6326
1105 -10230 -6076
1105 -10230 -5655
1105 -10095 -5878
1105 -10230 -6151
1335 -10230 -6195
1100 -10095 -6096
425 -10230 -6281
1105 -10230 -6126
1105 -10230 -6306
1105 -10230 -6123
2155 -10230 -6074
1105 -10230 -6000
1105 -9825 -5586
1105 -10230 -5427
1105 -10095 -5295
1435 -10095 -5636
1435 -10230 -5783
1435 -10230 -5504
1435 -10230 -5569
1435 -10095 -5604
1635 -10230 -5825
1635 -10230 -5798
1335 -10095 -5922
1335 -10230 -5818
1335 -10230 -5814
1335 -10230 -5655
1505 -10230 -5280
1945 -10230 -5403
1945 -10230 -5831
1945 -10230 -5696
1535 -10230 -5453
1535 -10230 -5536
1535 -10230 -5740
1335 -10095 -5399
1335 -10095 -5730
1505 -10230 -5814
1435 -10230 -5490
1435 -10230 -5528
1435 -10230 -5542
1435 -9960 -5436
1435 -10230 -5415
1505 -10230 -5373
1945 -10230 -4905
1945 -10230 -4614
1945 -10230 -4994
2035 -10230 -5038
2035 -10230 -5068
1505 -10095 -4737
1505 -10095 -4894
1945 -10230 -4919
1945 -10095 -4863
1945 -10230 -5128
1945 -10230 -5342
2035 -10230 -5216
2035 -10095 -5102
1945 -10230 -4778
1945 -10230 -4760
1945 -10230 -4527
1435 -10230 -4620
1435 -10230 -5227
1335 -10230 -5285
1335 -10230 -5500
1335 -9960 -5529
1335 -10230 -5045
1335 -10095 -5095
1505 -10230 -4920
1535 -10230 -4798
1945 -10095 -4412
1945 -10230 -4878
1945 -10230 -4883
1945 -10230 -4419
1945 -10230 -4783
1945 -10095 -4649
1945 -9960 -4431
1945 -9960 -4443
1945 -9825 -4597
1335 -10095 -4907
1945 -10095 -5056
1945 -9960 -4803
1335 -10130 -4682
1435 -10230 -5078
1435 -10230 -5119
1435 -10230 -5178
1435 -10230 -5299
1435 -10230 -5102
1105 -10230 -5005
1105 -10230 -4852
1105 -10095 -4570
1315 -10230 -4660
1435 -10095 -4322
1435 -10230 -4241
1335 -10095 -4516
1335 -10230 -4432
1335 -10095 -5090
1335 -10230 -5053
1505 -10230 -4898
1335 -10230 -4810
1335 -10095 -4355
1505 -10095 -4714
1335 -10230 -4948
1505 -10230 -4756
1505 -10095 -4334
1315 -9690 -4493
1315 -10230 -4626
2035 -10095 -4914
2035 -10095 -4953
2035 -10095 -4883
2035 -10230 -4999
2035 -10230 -5059
1945 -10230 -4626
1945 -9690 -4260
2035 -10095 -4568
1945 -10230 -4438
1945 -10230 -5013
1945 -10230 -4589
2035 -10095 -4491
2035 -10095 -4232
2035 -10230 -4561
2035 -10095 -4447
2035 -10095 -4808
1105 -10095 -4728
1105 -10230 -4550
1335 -10095 -4648
1335 -10095 -4202
1335 -10230 -4504
1505 -10095 -4803
1505 -10230 -4577
1505 -10230 -4195
2035 -10230 -4431
2035 -10230 -4323
1420 -10095 -4400
1335 -10095 -4685
1435 -10230 -4393
1435 -10230 -4674
1435 -10095 -4850
1435 -10230 -4402
1435 -10230 -4422
1435 -10230 -4312
1435 -10230 -4426
1435 -10230 -4636
1505 -10230 -4602
1635 -10095 -4296
2035 -10230 -4056
2035 -9285 -4270
2035 -10230 -4375
1635 -10230 -4447
1635 -9690 -3927
2035 -10230 -4002
1905 -10230 -4662
1905 -10230 -4667
2035 -10230 -4508
2035 -10230 -4274
2035 -10095 -4220
2035 -10230 -3888
2035 -10095 -4667
2035 -10230 -4466
2035 -10095 -4085
2035 -9420 -4610
2035 -10230 -4665
1505 -10230 -4613
1505 -10230 -3946
1505 -10230 -4284
2035 -10230 -3583
2035 -9420 -4101
2035 -9825 -3449
2035 -10230 -3889
2035 -9825 -4492
2035 -10230 -3407
2035 -10095 -3566
2035 -10230 -3979
2035 -10095 -3871
2035 -10095 -3737
1525 -10230 -3927
1525 -10230 -3316
2035 -10230 -4066
2035 -10230 -4072
2035 -10230 -3904
2035 -10095 -3700
2035 -9960 -3842
1535 -10095 -4032
1435 -9690 -3875
1435 -10095 -3908
1435 -10095 -3889
1435 -10095 -4143
1335 -10095 -3896
1335 -10230 -3951
1335 -10095 -4165
1335 -10230 -4044
1535 -9690 -4250
1535 -10095 -3772
1635 -9960 -4009
1635 -10230 -4088
1945 -10230 -3935
1535 -10230 -3672
1535 -10230 -2988
1535 -10230 -3690
1535 -9960 -3586
1535 -10230 -3516
1945 -10095 -3421
1945 -10230 -3923
1945 -10230 -3216
1945 -9825 -3209
2035 -10095 -3534
1945 -10230 -3286
2035 -10230 -3543
2035 -10230 -3515
2035 -9825 -3746
2035 -9960 -3178
2035 -10230 -3326
2035 -10230 -3503
2035 -10230 -3385
2035 -9690 -4031
2035 -9825 -3159
2035 -10230 -3603
2035 -9960 -4070
2035 -10230 -3830
2035 -10230 -3576
2035 -10230 -3561
2035 -10230 -3834
2035 -10095 -3607
2035 -10230 -3658
2035 -10095 -3579
2035 -10095 -3598
2035 -10230 -3644
2035 -10095 -3645
2035 -10230 -3207
2035 -9960 -3444
2035 -9825 -3528
2035 -10230 -3383
2035 -10095 -3397
2035 -10230 -3062
2035 -9010 -3139
2035 -10095 -3168
2035 -9960 -2586
2035 -10230 -2678
2035 -10230 -3186
1505 -9420 -3295
1505 -10230 -3230
2035 -10230 -3018
2035 -9960 -3481
2035 -10230 -3566
2035 -9420 -3451
2035 -10095 -3283
2035 -10230 -3346
2035 -10230 -3565
2035 -9420 -3533
2035 -9690 -2950
2035 -10095 -2957
2035 -10095 -3372
2035 -9420 -3271
2035 -9825 -3160
2035 -9415 -3619
2035 -9555 -3228
2035 -9690 -3270
2035 -9415 -3037
2035 -10230 -2688
2035 -10095 -2790
2035 -9420 -2711
2035 -9960 -3407
2035 -10230 -3207
2035 -9960 -3073
2035 -10230 -3095
2035 -9960 -3288
2035 -9960 -2558
2035 -10095 -3366
2035 -9285 -2848
2035 -10095 -2814
2035 -10095 -3066
2035 -10230 -2818
2035 -9285 -2571
2035 -10230 -2871
2035 -10230 -2966
2035 -10095 -2631
2035 -9690 -2865
2035 -10095 -3189
2035 -9690 -2830
2035 -10230 -2999
2035 -10095 -3380
2035 -10130 -3021
2035 -9420 -2951
2035 -10095 -2930
2035 -9285 -2869
2035 -10095 -3111
5740 -9960 -3090
5740 -10230 -2425
5740 -9660 -2834
5740 -10230 -2717
5740 -9285 -2405
5740 -9825 -2456
5740 -9150 -2076
5740 -10230 -2415
5740 -9285 -2453
5740 -9420 -2061
5740 -10065 -2497
5740 -9960 -2550
5740 -9825 -2464
5740 -9690 -2293
5740 -10230 -2155
5740 -9960 -1991
5740 -10095 -2546
5740 -9415 -2035
5740 -9420 -2250
5740 -9960 -2460
5740 -10230 -2190
5740 -9420 -1710
5740 -9285 -2260
5740 -10095 -2221
5740 -10095 -1599
5740 -9555 -1527
5740 -10230 -1832
5740 -9085 -2229
5740 -10230 -1718
5740 -9960 -2000
5740 -9960 -2354
5740 -10095 -2211
5740 -10095 -2337
5740 -10095 -2053
5740 -9555 -1548
5740 -9960 -1636
5740 -9825 -1062
5740 -8745 -771
5740 -9280 -494
5740 -9100 -478
5740 -9145 -455
5740 -9960 -130
5740 -9150 -244
5740 -9825 -523
5740 -9690 -609
5740 -9960 -815
5740 -10095 -535
5740 -9690 -285
5740 -9100 -447
5740 -9825 -336
5740 -9690 -608
5740 -8880 -746
5740 -9280 -838
5740 -9420 -695
5740 -10230 -489
5740 -9010 -247
5740 -9420 -118
5740 -8605 -92
5740 -9285 -647
5740 -9050 -721
5740 -8470 -89
5740 -9420 -229
5740 -10230 -495
5740 -9415 -656
5740 -9205 -341
5740 -9420 -233
5740 -9085 104
5740 -8610 671
5740 -9070 972
5740 -8850 596
5740 -9280 343
5740 -9555 -245
5740 -9555 136
5740 -10095 976
5740 -8830 575
5740 -9420 563
5740 -9085 687
5740 -9285 674
5740 -8880 748
5740 -9015 598
5740 -10095 520
5740 -8880 591
5740 -9015 724
5740 -9420 493
5740 -10095 76
5740 -9070 -292
5740 -9015 270
5740 -9285 185
5740 -9420 171
5740 -9085 214
5740 -9285 757
5740 -8665 1136
5740 -9285 6
5740 -8485 -78
5740 -9280 -116
5740 -10230 -309
5740 -9825 -26
5740 -8850 812
5740 -8880 581
5740 -9960 1446
5740 -8740 470
5740 -9285 548
5740 -9010 1225
5740 -9555 1258
5740 -8880 987
5740 -9285 570
5740 -9960 1305
5740 -8880 1097
5740 -9205 818
5740 -8745 298
5740 -9555 526
5740 -8665 793
5740 -8915 1230
5740 -9690 459
5740 -10095 1157
5740 -8665 1013
5740 -9690 780
5740 -8880 1056
5740 -8880 775
5740 -9555 714
5740 -8880 1484
5740 -9015 1179
5740 -8745 972
5740 -8880 1102
5740 -9205 1249
5740 -8745 551
5740 -8995 751
5740 -9285 816
5740 -9420 1280
5740 -10230 1155
5740 -9085 1498
5740 -8880 1531
5740 -8880 1052
5740 -9085 1213
5740 -9420 1615
5740 -9280 1078
5740 -8915 1395
5740 -9420 1614
5740 -8745 1219
5740 -8815 649
5740 -8995 1531
5740 -8880 1196
5740 -9555 1534
5740 -9015 1212
5740 -8745 1430
5740 -9150 1498
5740 -8745 1225
5740 -8965 972
5740 -9085 1066
5740 -9420 1192
5740 -9825 1497
5740 -9015 1385
5740 -8240 1343
5740 -8880 976
5740 -9185 1351
5740 -9555 1369
5740 -7950 1555
5740 -9555 1681
5740 -9555 1395
5740 -8880 2167
5740 -8510 1914
5740 -7665 2088
5740 -8880 2229
5740 -8875 2480
5740 -8915 2173
5740 -8240 2200
5740 -8210 1683
5740 -7355 1803
5740 -8275 2479
5740 -7700 1998
5740 -9825 1726
5740 -7760 1854
5740 -9285 1343
5740 -8475 1603
5740 -8665 1608
5740 -9285 1990
5740 -9205 2421
5740 -7800 2268
5740 -8025 2022
5740 -7700 1800
5740 -9960 1931
5740 -8880 2365
5740 -8965 1996
5740 -9825 2152
5740 -7970 2085
5740 -8965 1798
5740 -8880 1856
5740 -9085 1742
5740 -7435 1820
5740 -7645 2274
5740 -9415 2341
5740 -7535 2703
5740 -8475 2489
5740 -9555 2011
5740 -8290 2258
5740 -10230 2416
5740 -6515 2745
5740 -7485 2544
5740 -8335 2566
5740 -8455 2492
5740 -9420 2440
5740 -8475 2129
5740 -8045 2220
5740 -8725 3000
5740 -8205 2600
5740 -7625 2286
5740 -8510 2520
5740 -8205 2409
5740 -8935 2186
5740 -9015 2655
5740 -10095 2553
5740 -9070 2114
5740 -7135 2434
5740 -7735 2073
5740 -8580 2826
5740 -8375 3117
5740 -7735 2749
5740 -6945 2224
5740 -6630 2777
5740 -8070 1986
5740 -8880 2836
5740 -8645 3085
5740 -8860 2976
5740 -8175 2710
5740 -9285 2653
5740 -7535 3187
5740 -8260 3061
5740 -7635 2974
5740 -7875 2855
5740 -7970 2846
5740 -8585 2918
5740 -8605 3013
5740 -8880 2754
5740 -8070 2967
5740 -7540 3020
5740 -8800 2988
5740 -7435 2480
5740 -9285 3026
5740 -8205 3147
5740 -9185 2910
5740 -8880 2885
5740 -8645 3088
5740 -8070 3384
5740 -8065 3306
5740 -8605 2681
5740 -9420 2606
5740 -8745 3106
5740 -8140 2889
5740 -8745 2566
5740 -8600 2768
5740 -8375 2972
5740 -8560 3015
5740 -9280 2981
5740 -6495 3207
5740 -7760 3532
5740 -8985 3593
5740 -7330 3348
5740 -7625 3473
5740 -7330 3658
5740 -8745 3762
5740 -6765 3497
5740 -6630 3585
5740 -7035 3187
5740 -7835 3660
5740 -8745 3437
5740 -7040 3346
5740 -9280 3158
5740 -8645 3479
5740 -4930 3471
5740 -7625 3248
5740 -7745 3448
5740 -7975 3349
5740 -5065 3619
5740 -8780 3100
5740 -6295 3489
5740 -8445 3333
5740 -7665 3685
5740 -8915 3063
5740 -9690 3271
5740 -7515 3444
5740 -4605 3552
5740 -8575 3530
5740 -5985 3570
5740 -8070 3173
5740 -8610 4001
5740 -4200 4208
5740 -6205 4393
5740 -8510 4038
5740 -4780 4363
5740 -7440 3702
5740 -7215 3898
5740 -6655 4059
5740 -5065 3829
5740 -8070 4107
5740 -6580 4337
5740 -3885 4308
5740 -6525 4175
5740 -6945 4288
5740 -8745 4237
5740 -6950 3972
5740 -6630 3944
5740 -6845 3903
5740 -8880 3539
5740 -8875 4168
5740 -7240 4263
5740 -8070 4664
5740 -8745 4116
5740 -6085 3743
5740 -6260 3798
5740 -6580 4042
5740 -5990 3766
5740 -4375 4009
5740 -8065 3786
5740 -7535 3890
5740 -7700 3881
5740 -8065 4656
5740 -4780 4314
5740 -4065 4644
5740 -3820 4590
5740 -4510 4656
5740 -6260 4485
5740 -7645 4747
5740 -7195 4600
5740 -3130 4720
5740 -3465 4663
5740 -4065 4535
5740 -4740 4243
5740 -3930 4596
5740 -6625 4517
5740 -4875 4473
5740 -4255 4750
5740 -3430 4515
5740 -6520 4518
5740 -2595 4665
5740 -3250 4599
5740 -3885 4707
5740 -4120 4527
5740 -4240 4436
5740 -3430 4751
5740 -4930 4514
5740 -7855 4515
5740 -6950 4567
5740 -8105 4606
5740 -5585 4584
5740 -5065 4543
5740 -3430 4645
5740 -3430 5092
5740 -3430 5206
5740 -3430 5133
5740 -3430 5128
5740 -3835 5085
5740 -3430 5116
5740 -2310 5144
5740 -4255 5104
5740 -4060 5005
5740 -3430 5201
5740 -3430 4998
5740 -3430 5117
5740 -4930 5082
5740 -3430 5068
5740 -1880 5235
5740 -6520 5087
5740 -3970 5301
5740 -3430 5059
5740 -7305 4947
5740 -3430 5074
5740 -3430 5223
5740 -3430 5075
5740 -3430 5184
5740 -3905 5075
5740 -3635 5035
5740 -6580 4875
5740 -3435 5121
5740 -3430 5099
5740 -3565 5075
5740 -2505 5265
5740 290 5313
5740 5740 5740
5740 5740 5740
5740 5740 5740
5740 5740 5740
5740 5740 5740
5740 5740 5740
5740 5740 5740
5740 5740 5740
5740 5740 5740
5740 5740 5740
5740 5740 5740
5740 5740 5740
5740 5740 5740
5740 5740 5740
5740 5740 5740
5740 5740 5740
5740 5740 5740
5740 5740 5740
5740 5740 5740
5740 5740 5740
5740 5740 5740
5740 5740 5740
5740 5740 5740
5740 5740 5740
5740 5740 5740
5740 5740 5740
5740 5740 5740
5740 5740 5740
5740 5740 5740
5740 5740 5740
5740 5740 5740
5740 5740 5740
5740 5740 5740
5740 5740 5740
5740 5740 5740
5740 5740 5740
5740 5740 5740
5740 5740 5740
5740 5740 5740
5740 5740 5740
5740 5740 5740
5740 5740 5740
5740 5740 5740
5740 5740 5740
5740 5740 5740
5740 5740 5740
5740 5740 5740
5740 5740 5740
5740 5740 5740
5740 5740 5740
5740 5740 5740
5740 5740 5740
5740 5740 5740
5740 5740 5740
5740 5740 5740
5740 5740 5740
5740 5740 5740
5740 5740 5740
5740 5740 5740
5740 5740 5740
5740 5740 5740
5740 5740 5740
5740 5740 5740
5740 5740 5740
5740 5740 5740
5740 5740 5740
5740 5740 5740
5740 5740 5740
5740 5740 5740
5740 5740 5740
5740 5740 5740
5740 5740 5740
5740 5740 5740
5740 5740 5740
5740 5740 5740
5740 5740 5740
5740 5740 5740
5740 5740 5740
5740 5740 5740
5740 5740 5740
5740 5740 5740
5740 5740 5740
5740 5740 5740
5740 5740 5740
5740 5740 5740
5740 5740 5740
5740 5740 5740
5740 5740 5740
5740 5740 5740
5740 5740 5740
5740 5740 5740
5740 5740 5740
5740 5740 5740
5740 5740 5740
5740 5740 5740
5740 5740 5740
5740 5740 5740
5740 5740 5740
5740 5740 5740
5740 5740 5740
5740 5740 5740
5740 5740 5740
5740 5740 5740
5740 5740 5740
5740 5740 5740
5740 5740 5740
5740 5740 5740
5740 5740 5740
5740 5740 5740
5740 5740 5740
5740 5740 5740
5740 5740 5740
5740 5740 5740
5740 5740 5740
5740 5740 5740
5740 5740 5740
5740 5740 5740
5740 5740 5740
5740 5740 5740
5740 5740 5740
5740 5740 5740
5740 5740 5740
5740 5740 5740
5740 5740 5740
5740 5740 5740
5740 5740 5740
5740 5740 5740
5740 5740 5740
5740 5740 5740
5740 5740 5740
5740 5740 5740
5740 5740 5740
5740 5740 5740
5740 5740 5740
5740 5740 5740
5740 5740 5740
5740 5740 5740
5740 5740 5740
5740 5740 5740
5740 5740 5740
5740 5740 5740
5740 5740 5740
5740 5740 5740
5740 5740 5740
5740 5740 5740
5740 5740 5740
5740 5740 5740
5740 5740 5740
5740 5740 5740
5740 5740 5740
5740 5740 5740
5740 5740 5740
5740 5740 5740
5740 5740 5740
5740 5740 5740
5740 5740 5740
5740 5740 5740
5740 5740 5740
5740 5740 5740
5740 5740 5740
5740 5740 5740
5740 5740 5740
5740 5740 5740
5740 5740 5740
5740 5740 5740
5740 5740 5740
5740 5740 5740
5740 5740 5740
5740 5740 5740
5740 5740 5740
5740 5740 5740
5740 5740 5740
5740 5740 5740
5740 5740 5740
5740 5740 5740
5740 5740 5740
5740 5740 5740
5740 5740 5740
5740 5740 5740
5740 5740 5740
5740 5740 5740
5740 5740 5740
5740 5740 5740
5740 5740 5740
5740 5740 5740
5740 5740 5740
5740 5740 5740
5740 5740 5740
5740 5740 5740
5740 5740 5740
5740 5740 5740
5740 5740 5740
5740 5740 5740
5740 5740 5740
5740 5740 5740
5740 5740 5740
5740 5740 5740
5740 5740 5740
5740 5740 5740
5740 5740 5740
5740 5740 5740
5740 5740 5740
5740 5740 5740
5740 5740 5740
5740 5740 5740
5740 5740 5740
5740 5740 5740
5740 5740 5740
5740 5740 5740
5740 5740 5740
5740 5740 5740
5740 5740 5740
5740 5740 5740
5740 5740 5740
5740 5740 5740
5740 5740 5740
5740 5740 5740
5740 5740 5740
5740 5740 5740
5740 5740 5740
5740 5740 5740
5740 5740 5740
5740 5740 5740
5740 5740 5740
5740 5740 5740
5740 5740 5740
5740 5740 5740
5740 5740 5740
5740 5740 5740
5740 5740 5740
5740 5740 5740
5740 5740 5740
5740 5740 5740
5740 5740 5740
5740 5740 5740
5740 5740 5740
5740 5740 5740
5740 5740 5740
5740 5740 5740
5740 5740 5740
5740 5740 5740
5740 5740 5740
5740 5740 5740
5740 5740 5740
5740 5740 5740
5740 5740 5740
5740 5740 5740
5740 5740 5740
5740 5740 5740
5740 5740 5740
5740 5740 5740
5740 5740 5740
5740 5740 5740
5740 5740 5740
5740 5740 5740
5740 5740 5740
5740 5740 5740
5740 5740 5740
5740 5740 5740
5740 5740 5740
5740 5740 5740
5740 5740 5740
5740 5740 5740
5740 5740 5740
5740 5740 5740
5740 5740 5740
5740 5740 5740
5740 5740 5740
5740 5740 5740
5740 5740 5740
5740 5740 5740
5740 5740 5740
5740 5740 5740
5740 5740 5740
5740 5740 5740
5740 5740 5740
5740 5740 5740
5740 5740 5740
5740 5740 5740
5740 5740 5740
5740 5740 5740
5740 5740 5740
5740 5740 5740
5740 5740 5740
5740 5740 5740
5740 5740 5740
5740 5740 5740
5740 5740 5740
5740 5740 5740
5740 5740 5740
5740 5740 5740
5740 5740 5740
5740 5740 5740
5740 5740 5740
5740 5740 5740
5740 5740 5740
5740 5740 5740
5740 5740 5740
5740 5740 5740
5740 5740 5740
5740 5740 5740
5740 5740 5740
5740 5740 5740
5740 5740 5740
5740 5740 5740
5740 5740 5740
5740 5740 5740
5740 5740 5740
5740 5740 5740
5740 5740 5740
5740 5740 5740
5740 5740 5740
5740 5740 5740
5740 5740 5740
5740 5740 5740
5740 5740 5740
5740 5740 5740
5740 5740 5740
5740 5740 5740
5740 5740 5740
5740 5740 5740
5740 5740 5740
5740 5740 5740
5740 5740 5740
5740 5740 5740
5740 5740 5740
5740 5740 5740
5740 5740 5740
5740 5740 5740
5740 5740 5740
5740 5740 5740
5740 5740 5740
5740 5740 5740
5740 5740 5740
5740 5740 5740
5740 5740 5740
5740 5740 5740
5740 5740 5740
5740 5740 5740
5740 5740 5740
5740 5740 5740
5740 5740 5740
5740 5740 5740
5740 5740 5740
5740 5740 5740
5740 5740 5740
5740 5740 5740
5740 5740 5740
5740 5740 5740
5740 5740 5740
5740 5740 5740
5740 5740 5740
5740 5740 5740
5740 5740 5740
5740 5740 5740
5740 5740 5740
5740 5740 5740
5740 5740 5740
5740 5740 5740
5740 5740 5740
5740 5740 5740
5740 5740 5740
5740 5740 5740
5740 5740 5740
5740 5740 5740
5740 5740 5740
5740 5740 5740
5740 5740 5740
5740 5740 5740
5740 5740 5740
5740 5740 5740
5740 5740 5740
5740 5740 5740
5740 5740 5740
5740 5740 5740
5740 5740 5740
5740 5740 5740
5740 5740 5740
5740 5740 5740
5740 5740 5740
5740 5740 5740
5740 5740 5740
5740 5740 5740
5740 5740 5740
5740 5740 5740
5740 5740 5740
5740 5740 5740
5740 5740 5740
5740 5740 5740
5740 5740 5740
5740 5740 5740
5740 5740 5740
5740 5740 5740
5740 5740 5740
5740 5740 5740
5740 5740 5740
5740 5740 5740
5740 5740 5740
5740 5740 5740
5740 5740 5740
5740 5740 5740
5740 5740 5740
5740 5740 5740
5740 5740 5740
5740 5740 5740
5740 5740 5740
5740 5740 5740
5740 5740 5740
5740 5740 5740
5740 5740 5740
5740 5740 5740
5740 5740 5740
5740 5740 5740
5740 5740 5740
5740 5740 5740
5740 5740 5740
5740 5740 5740
5740 5740 5740
5740 5740 5740
5740 5740 5740
5740 5740 5740
5740 5740 5740
5740 5740 5740
5740 5740 5740
5740 5740 5740
5740 5740 5740
5740 5740 5740
5740 5740 5740
5740 5740 5740
5740 5740 5740
5740 5740 5740
5740 5740 5740
5740 5740 5740
5740 5740 5740
5740 5740 5740
5740 5740 5740
5740 5740 5740
5740 5740 5740
5740 5740 5740
5740 5740 5740
5740 5740 5740
5740 5740 5740
5740 5740 5740
5740 5740 5740
5740 5740 5740
5740 5740 5740
5740 5740 5740
5740 5740 5740
5740 5740 5740
5740 5740 5740
5740 5740 5740
5740 5740 5740
5740 5740 5740
5740 5740 5740
5740 5740 5740
5740 5740 5740
5740 5740 5740
5740 5740 5740
5740 5740 5740
5740 5740 5740
5740 5740 5740
5740 5740 5740
5740 5740 5740
5740 5740 5740
5740 5740 5740
5740 5740 5740
5740 5740 5740
5740 5740 5740
5740 5740 5740
5740 5740 5740
5740 5740 5740
5740 5740 5740
5740 5740 5740
5740 5740 5740
5740 5740 5740
5740 5740 5740
