-40760 -47280 -41749
-31245 -47280 -37422
-29715 -46875 -36172
-29715 -47280 -35283
-28925 -46875 -35146
-28800 -47280 -35301
-28800 -47280 -34919
-28155 -47280 -35092
-16330 -47280 -34335
-16330 -47280 -33713
-14300 -47280 -34443
-14300 -46875 -33379
-14060 -46980 -32594
-14060 -47280 -33009
-14060 -47280 -32657
-14060 -46575 -32556
-14060 -47280 -33086
-14060 -47280 -33203
-13550 -46890 -33049
-13550 -46890 -32933
-13550 -46875 -32547
-13550 -46980 -32755
-13550 -46980 -31568
-13550 -46875 -31444
-11720 -47280 -32260
-11720 -47280 -32374
-10900 -47280 -32657
-10900 -47280 -32180
-10900 -46875 -32224
-10900 -46980 -32313
-10900 -46875 -32405
-10900 -47280 -32470
-10900 -47280 -32171
-10900 -46875 -32377
-10900 -46890 -32855
-10900 -46875 -32780
-10900 -46890 -32493
-10900 -46875 -30963
-10900 -46980 -31436
-10900 -46575 -31100
-10900 -46875 -30893
-10900 -46875 -31067
-10900 -47280 -31156
-10900 -46785 -30735
-10900 -46875 -30538
-10900 -47280 -30382
-10900 -46875 -31400
-10900 -46980 -30981
-10900 -46875 -30901
-10900 -46980 -31414
-10900 -46890 -31413
-10900 -46875 -31779
-10900 -46875 -31249
-10900 -47280 -31808
-10900 -47280 -31580
-10900 -46980 -31488
-10900 -46980 -31904
-10900 -46875 -32511
-10900 -47280 -32178
-10900 -47280 -32421
-10900 -47280 -31740
-10900 -46785 -31555
-10900 -46875 -31351
-10900 -46890 -31774
-10900 -47280 -31478
-10900 -46785 -30885
-10900 -46875 -31625
-10900 -46785 -31149
-10900 -46875 -31014
-10900 -46875 -31115
-10900 -46365 -31405
-10900 -46875 -31884
-10900 -46875 -31573
-10900 -46875 -31216
-10900 -47280 -31172
-10900 -46875 -30504
-10900 -47280 -32300
-10900 -47280 -31520
-10900 -46470 -31556
-10900 -46875 -31952
-10900 -46890 -32114
-10900 -46875 -32011
-10900 -46980 -31058
-10900 -46470 -30894
-10900 -47280 -30798
-10900 -46980 -31413
-10900 -46980 -30890
-10900 -46875 -30316
-10900 -46875 -31033
-10900 -46380 -30972
-10900 -46980 -30904
-10900 -46980 -31101
-10900 -47280 -31599
-10900 -46875 -31562
-10900 -46890 -30765
-10900 -46470 -30507
-10900 -47280 -31205
-10900 -46290 -31054
-10900 -46875 -30805
-10900 -46875 -30650
-10900 -46590 -31042
-10900 -47280 -30822
-10900 -46980 -31879
-10900 -47280 -32069
-10900 -46470 -31499
-10900 -47280 -31724
-10900 -46980 -31536
-10900 -47280 -31558
-10900 -46890 -32000
-10900 -46890 -32447
-10900 -46785 -31332
-10900 -46875 -31802
-10900 -47280 -32092
-10900 -46785 -31395
-10900 -46575 -31720
-10900 -46980 -31297
-10485 -47280 -31709
-10485 -46875 -31106
-10485 -46980 -31421
-10485 -47280 -30569
-10485 -46875 -30926
-10485 -46890 -30734
-10485 -46980 -30442
-10485 -46890 -30288
-10485 -46890 -30342
-10485 -46875 -30528
-10485 -46875 -30595
-10485 -46890 -30839
-10485 -46875 -30920
-10485 -47280 -30847
-10485 -46875 -30457
-10485 -46875 -30724
-10485 -46875 -30503
-10485 -46875 -30953
-10485 -46875 -31403
-10485 -46170 -30903
-10485 -46875 -31093
-10485 -46980 -30817
-10485 -47280 -30358
-10485 -46875 -30214
-10485 -46875 -30702
-10485 -46575 -29802
-10485 -46575 -30002
-10485 -46575 -29865
-10485 -46890 -29796
-10485 -46380 -30102
-10485 -46575 -30830
-10485 -46875 -30552
-10455 -46575 -30549
-10455 -46800 -31307
-10455 -46875 -31345
-10455 -46875 -31983
-10455 -46875 -31945
-10455 -46875 -31258
-10455 -46890 -31253
-10455 -46875 -31210
-10455 -46875 -31247
-10455 -47280 -31607
-10455 -46980 -31379
-10455 -46875 -31347
-10455 -46875 -31480
-10455 -46980 -30792
-10455 -46980 -31845
-10455 -46875 -31534
-10455 -46080 -30923
-10455 -46875 -30856
-10455 -46575 -30306
-10455 -46875 -31303
-10455 -46890 -31368
-10455 -46875 -31147
-10455 -46980 -31516
-10455 -47280 -31144
-10455 -46875 -30807
-10455 -46875 -30918
-10455 -46875 -31499
-10455 -46875 -31700
-10455 -46785 -30482
-10455 -46890 -31202
-10455 -46380 -30692
-10455 -46875 -31394
-10455 -46875 -31636
-10455 -47280 -31202
-10455 -46980 -31984
-10455 -46875 -31289
-10455 -46875 -31708
-10455 -46785 -31858
-10455 -46890 -32320
-10455 -47280 -32678
-10455 -46875 -31903
-10455 -46875 -32042
-10455 -46485 -31686
-10455 -46485 -30888
-10455 -46980 -30800
-10455 -46875 -31448
-10455 -46875 -31459
-10455 -46470 -31686
-10455 -46980 -32689
-10455 -46875 -32031
-10455 -46875 -31906
-10455 -46875 -30840
-10455 -46875 -31791
-10455 -46875 -31641
-10455 -46980 -32074
-10455 -46875 -31254
-10455 -46890 -30977
-10455 -46575 -30493
-10455 -46575 -30611
-10455 -46875 -30378
-10455 -47280 -30583
-10455 -46875 -30602
-10455 -47280 -30036
-10455 -46875 -30941
-10455 -46875 -31323
-10455 -47280 -31539
-10455 -46875 -31053
-10455 -46875 -31085
-10455 -47280 -30993
-10455 -46575 -31244
-10455 -46875 -30623
-10455 -46875 -30545
-9360 -46890 -30250
-9360 -46875 -30662
-9360 -46095 -30862
-9360 -46875 -30961
-9360 -46875 -30878
-9360 -46575 -31403
-9360 -46875 -31698
-9360 -46170 -30913
-9360 -46575 -31253
-9360 -46875 -31340
-9360 -46890 -31021
-9360 -47280 -31440
-9360 -46575 -31123
-9360 -46875 -31414
-9360 -46875 -31006
-9360 -46470 -31046
-9360 -46785 -31750
-9360 -46875 -32042
-9360 -46875 -32300
-9360 -46875 -32213
-9360 -46875 -31364
-9360 -46785 -31121
-9360 -46575 -31458
-9360 -46875 -31323
-9360 -46875 -30874
-9360 -46575 -30194
-9360 -46875 -30649
-9360 -46575 -30446
-9360 -46890 -30756
-9360 -46875 -30699
-9360 -46485 -30532
-9360 -46890 -29755
-9360 -46875 -31045
-9360 -46575 -30580
-9360 -46875 -30069
-9360 -47280 -29579
-9360 -46875 -29536
-9360 -46875 -30236
-9360 -46980 -29993
-9360 -46875 -30597
-9360 -46980 -31169
-9360 -46875 -30928
-9360 -46575 -30239
-9360 -46875 -30240
-9360 -46875 -31019
-9360 -46875 -30553
-9360 -46875 -30828
-9360 -46785 -30635
-9360 -46590 -30410
-9360 -46875 -31122
-9360 -46875 -30731
-9360 -46875 -30402
-9360 -46875 -30728
-9360 -47280 -30607
-9360 -46875 -31026
-9360 -46875 -31061
-9360 -46875 -31043
-9360 -46875 -30828
-9360 -46875 -30560
-9360 -46875 -30931
-9360 -46875 -31187
-9360 -46875 -31705
-9360 -46875 -31030
-9360 -46875 -31271
-9360 -46875 -31291
-9360 -46875 -31429
-9360 -46875 -30608
-9360 -47280 -30895
-9360 -46875 -30326
-9360 -46875 -31070
-9360 -46875 -30808
-9360 -46875 -30550
-9360 -46170 -30516
-9360 -46875 -30912
-9360 -46875 -30523
-9360 -46875 -30003
-9360 -46875 -30050
-9360 -46875 -30072
-9360 -46875 -30796
-9360 -46875 -30538
-9360 -46875 -30677
-9360 -46875 -29925
-9360 -46875 -31479
-9360 -46890 -31357
-9360 -46875 -31815
-9360 -46785 -31681
-9360 -46875 -31523
-9360 -46875 -31859
-9360 -46800 -30959
-9360 -47280 -30324
-9360 -46575 -30200
-9360 -46875 -30037
-9360 -46380 -29438
-9360 -46980 -30106
-9360 -46575 -30602
-9360 -46875 -30585
-9360 -47280 -31676
-9360 -46875 -30631
-9360 -46875 -29938
-9360 -46575 -30934
-9360 -46890 -30633
-9090 -46875 -30741
-9090 -46785 -30214
-9090 -46575 -30195
-9090 -46875 -30175
-9090 -46875 -29911
-9090 -46575 -30327
-9090 -46575 -30445
-9090 -46875 -30738
-9090 -46980 -30226
-9090 -46980 -29886
-9090 -46890 -29743
-9090 -46695 -29374
-9090 -46785 -29047
-9090 -46875 -29610
-9090 -47280 -29875
-9090 -46875 -29786
-9090 -46065 -29566
-9090 -46875 -29773
-9090 -46875 -29914
-9090 -46785 -30273
-9090 -46875 -30605
-9090 -46875 -30897
-9090 -47280 -29675
-9090 -46290 -29874
-9090 -46890 -30226
-9090 -46575 -30037
-9090 -46080 -29482
-9090 -46695 -29051
-9090 -46875 -30539
-9090 -46785 -29693
-9090 -46785 -30076
-9090 -46875 -29092
-9090 -46875 -28905
-8835 -46980 -28810
-8835 -46875 -29121
-8835 -46575 -29636
-8835 -46875 -28232
-8835 -46980 -29783
-8835 -46875 -29538
-8835 -47280 -29211
-8835 -46890 -28820
-8835 -46875 -29845
-8835 -46980 -30688
-8835 -47280 -30852
-8835 -46875 -29790
-8835 -46890 -30381
-8835 -46980 -29143
-8835 -46875 -29410
-8835 -46980 -29579
-8835 -46980 -29049
-8835 -46875 -30177
-8835 -46980 -30348
-8835 -46875 -29371
-8835 -46980 -29892
-8835 -46980 -30195
-8835 -46875 -30182
-8835 -46980 -29515
-8835 -46890 -30452
-8835 -46875 -29871
-8835 -46890 -30050
-8835 -46890 -29684
-8835 -46875 -30515
-8835 -46785 -30028
-8835 -47280 -30081
-8835 -46875 -29978
-8835 -46980 -29991
-8835 -46980 -29133
-8835 -46890 -29675
-8835 -46890 -29465
-8835 -46875 -29448
-8835 -46875 -29483
-8835 -46875 -29803
-8835 -46875 -29988
-8835 -46470 -29845
-8835 -46875 -29650
-8835 -46980 -30114
-8835 -46980 -29904
-8835 -46980 -29306
-8835 -46890 -28536
-8835 -46875 -28891
-8835 -46980 -28377
-8835 -47280 -28345
-8835 -46890 -27802
-8835 -46875 -29430
-8835 -46980 -28403
-8835 -46875 -29073
-8835 -46875 -28839
-8835 -47280 -28784
-8835 -46875 -29407
-8835 -46875 -29133
-8835 -46875 -28402
-8835 -46875 -28245
-8835 -46980 -29260
-8835 -46890 -28492
-8835 -46980 -28013
-8835 -46875 -28233
-8835 -46980 -29058
-8835 -47280 -28702
-8835 -46575 -29224
-8835 -46980 -29561
-8835 -46980 -29781
-8835 -46980 -29349
-8835 -46875 -28736
-8835 -47280 -28617
-8835 -46785 -28432
-8835 -46890 -28884
-8835 -46875 -28541
-8835 -46875 -29250
-8835 -46980 -28850
-8835 -47280 -29252
-8835 -46875 -28876
-8835 -46875 -28589
-8835 -46575 -28488
-8835 -46875 -28477
-8835 -46875 -29542
-8835 -46980 -29592
-8835 -46575 -29041
-8835 -46980 -30128
-8835 -46875 -29395
-8835 -46590 -29520
-8835 -46875 -29609
-8835 -46980 -29992
-8835 -46875 -29345
-8835 -46890 -29645
-8835 -46875 -28714
-8835 -47280 -29301
-8835 -46890 -29134
-8835 -46890 -27895
-8835 -46875 -28298
-8835 -46980 -28739
-8835 -47280 -28372
-8835 -46980 -29362
-8835 -46875 -29422
-8835 -46980 -29231
-8835 -46875 -27917
-8835 -46890 -28019
-8835 -46785 -28398
-8835 -47280 -28913
-8835 -47280 -28258
-8835 -46890 -27250
-8835 -47280 -28916
-8835 -46980 -28130
-8835 -46890 -28557
-8835 -46800 -27802
-8835 -46980 -27821
-8835 -46875 -27714
-8835 -46875 -28275
-8835 -46875 -27612
-8835 -46980 -26469
-8835 -46875 -27825
-8835 -46575 -26188
-8835 -46890 -27161
-8835 -47280 -26879
-8835 -46785 -26992
-8835 -46980 -27468
-8835 -46875 -28392
-8835 -47280 -28867
-8835 -46785 -28136
-8835 -46875 -28763
-8835 -46980 -29389
-8835 -46470 -29146
-8835 -46875 -28700
-8835 -46890 -28043
-8835 -46575 -28499
-8835 -46875 -29011
-8835 -46980 -28775
-8835 -46980 -29689
-8835 -46875 -29082
-8835 -46875 -28519
-8835 -47280 -29240
-8835 -46875 -27761
-8835 -46875 -29189
-8835 -46875 -28850
-8835 -46785 -28571
-8835 -46980 -28389
-8835 -46875 -28347
-8835 -46890 -28133
-8835 -46875 -28059
-8835 -46890 -28152
-8835 -46980 -27901
-8835 -46980 -28117
-8835 -46875 -27586
-8835 -46890 -27787
-8835 -46890 -28417
-8835 -46470 -27727
-8835 -46980 -28435
-8835 -46875 -28583
-8835 -46875 -28459
-8835 -47280 -28602
-8835 -46890 -28656
-8835 -46875 -27704
-8835 -46890 -28430
-8835 -46875 -28180
-8835 -46875 -28240
-8835 -46980 -28744
-8835 -46875 -28036
-8835 -46875 -27812
-8835 -46890 -27865
-8835 -46980 -28620
-8835 -46875 -27917
-8835 -47280 -28257
-8835 -46875 -27704
-8835 -46875 -27588
-8835 -46575 -27630
-8835 -46980 -28839
-8835 -47280 -28792
-8835 -46890 -29158
-8835 -46875 -28458
-8835 -46875 -28846
-8835 -46875 -28445
-8835 -46890 -27675
-8835 -46890 -29703
-8835 -46575 -28444
-8835 -46980 -28294
-8835 -47280 -27650
-8835 -46470 -27459
-8835 -46875 -28502
-8835 -46890 -28517
-8835 -46875 -28515
-8835 -46875 -28125
-8835 -46875 -27065
-8835 -46980 -26663
-8835 -46785 -27752
-8835 -46875 -28071
-8835 -46875 -27405
-8835 -46875 -27319
-8835 -46875 -27969
-8835 -46875 -26475
-8835 -46800 -26121
-8835 -47280 -27851
-8835 -46875 -28106
-8835 -46980 -27903
-8835 -46875 -27685
-8835 -47280 -28062
-8835 -46875 -27716
-8835 -46980 -27838
-8835 -47280 -28691
-8835 -47280 -28259
-8835 -46980 -28772
-8835 -46875 -27318
-8835 -46875 -25976
-8835 -46980 -27294
-8835 -47280 -27328
-8835 -46875 -27179
-8835 -46875 -27219
-8835 -46890 -27168
-8835 -46875 -26897
-8835 -46875 -26330
-8835 -46875 -27152
-8835 -46875 -26926
-8835 -46875 -26971
-8835 -47280 -26362
-8835 -46875 -26413
-8835 -46785 -26460
-8835 -46890 -27572
-8835 -46980 -26822
-8835 -46875 -26079
-8835 -46980 -26892
-8835 -46875 -27341
-8835 -47280 -27903
-8835 -47280 -27769
-8835 -46875 -27338
-8835 -46875 -27845
-8835 -46875 -27245
-8835 -46980 -27645
-8835 -46875 -27537
-8835 -46875 -27166
-8835 -46980 -27128
-8835 -46575 -26554
-8835 -46875 -26742
-8835 -46890 -27603
-8835 -46875 -27194
-8835 -46875 -27057
-8835 -46875 -26206
-8835 -46980 -27390
-8835 -46890 -28549
-8835 -46890 -28435
-8835 -46890 -27991
-8835 -46980 -27722
-8835 -46875 -26891
-8835 -46875 -26696
-8835 -47280 -27479
-8835 -47280 -27485
2900 -46980 -25511
2900 -46875 -25952
2900 -47280 -26147
2900 -46575 -27461
2900 -46785 -26050
2900 -46785 -26803
2900 -46875 -27249
2900 -46380 -27783
2900 -46875 -28566
2900 -46980 -28971
2900 -46470 -28423
2900 -46575 -28759
3750 -46575 -26798
3750 -46980 -27403
3750 -47280 -27343
3750 -46500 -27146
3750 -46875 -27806
3750 -46980 -27373
3750 -46485 -28177
3750 -46875 -27856
3750 -46890 -28138
3750 -46980 -27576
3750 -46875 -27546
3750 -46575 -27629
3750 -47280 -27146
3750 -46875 -26952
3750 -46980 -28160
3750 -46980 -28717
3750 -46875 -28985
3750 -46890 -28319
3750 -46980 -28672
3750 -46890 -28246
4000 -46980 -28138
4000 -46575 -27466
4000 -46170 -27867
4000 -46875 -28902
4000 -46875 -28187
4000 -46875 -27699
4000 -46575 -28212
4000 -46875 -28409
4000 -46470 -28382
4000 -46875 -28140
4000 -46470 -28098
4000 -43575 -28461
4000 -46575 -27597
4000 -46470 -26565
4000 -46170 -26578
4000 -46170 -26089
4000 -46575 -27416
4000 -46875 -26087
4000 -46875 -26107
4000 -46470 -26266
4000 -46875 -26764
4000 -46170 -27074
4000 -46875 -26829
4000 -46575 -26667
4000 -46470 -27003
4000 -46170 -27958
4000 -46875 -26746
4000 -46875 -27493
4000 -46170 -26683
4000 -46185 -26939
4000 -46875 -26345
4000 -46875 -28580
4000 -46875 -28006
4000 -42930 -26435
4000 -46875 -26577
4000 -46875 -26752
4000 -46470 -26314
4560 -43440 -26223
4560 -46170 -26729
5675 -46875 -25510
5675 -46485 -24635
5675 -46785 -24257
5675 -45765 -25354
5675 -46170 -24431
5675 -46275 -24428
5675 -46575 -24509
5675 -46875 -25887
5675 -46065 -24252
5675 -46380 -23727
5675 -46470 -24679
5675 -46380 -23979
5675 -41070 -24744
5675 -46470 -22855
5675 -46875 -24467
5675 -46275 -24005
5675 -46575 -24088
5675 -46875 -24160
5675 -42610 -24135
5675 -46470 -23530
5675 -41490 -23120
5675 -46875 -23302
5675 -46875 -23013
5675 -38750 -23760
5675 -46875 -23349
5675 -46485 -22778
5675 -44750 -22311
5675 -46380 -22928
5675 -46875 -23637
5675 -41070 -24240
5675 -45870 -23587
5675 -46875 -22563
5675 -40610 -22399
5675 -46875 -22390
5675 -46080 -21833
5675 -46875 -24582
5675 -46575 -23313
5675 -46365 -23588
5675 -46875 -23636
5675 -46575 -23566
5675 -46185 -23316
5675 -39515 -23333
5675 -46170 -23309
5675 -46470 -23888
5675 -47280 -23324
5680 -38710 -22325
5680 -46470 -24866
5680 -45870 -24892
5680 -46470 -24395
5680 -46575 -24657
5680 -46980 -24686
5680 -46875 -23508
5680 -46890 -24040
6105 -47280 -23585
6105 -41225 -22806
6105 -46470 -23843
6105 -46575 -24178
6105 -46875 -24396
6105 -46875 -24067
6105 -45780 -24127
6105 -46380 -23714
6105 -46395 -24674
6105 -46575 -24551
6105 -46095 -25117
6105 -46875 -24733
6105 -45765 -23887
6105 -43980 -24223
6105 -46185 -24637
6105 -41490 -25326
6105 -44280 -24340
6105 -41040 -24489
6105 -46575 -25238
6105 -43080 -25250
6105 -46065 -24877
6105 -46875 -24890
6105 -45270 -23750
6105 -45960 -24287
6105 -46575 -24778
6105 -46470 -24406
6105 -46575 -24612
6105 -46470 -24407
6105 -46470 -24361
6105 -46575 -23195
6105 -45660 -24152
6105 -45780 -25595
6105 -46575 -25524
6105 -40770 -25230
6105 -46575 -25769
6105 -46575 -25936
6105 -44955 -25679
6105 -46875 -25736
6105 -46470 -25866
6105 -46380 -25525
6105 -46875 -25962
6105 -46470 -25989
6105 -46185 -25910
6105 -46575 -25461
6105 -41490 -24123
6105 -41385 -24282
6105 -46575 -24280
6105 -38440 -25453
6105 -41470 -25546
6105 -46575 -26445
6105 -46470 -25839
6105 -41475 -25020
6105 -46875 -24191
6105 -46470 -24141
6105 -42040 -24449
6105 -46575 -24826
6105 -46875 -24501
6105 -41490 -23863
6105 -39655 -24103
6105 -45480 -23981
6105 -46065 -23469
6105 -45765 -23989
6105 -46875 -23799
6105 -40440 -23884
6105 -46875 -24466
6105 -46875 -24306
6105 -46575 -24072
6105 -47280 -24772
6105 -43500 -24222
6105 -46875 -24801
6105 -46365 -26059
6105 -46470 -24857
6105 -46875 -24787
6105 -46875 -25608
6105 -46485 -25890
6105 -41400 -25377
6105 -41760 -24961
6105 -38955 -24551
6105 -46170 -25494
6105 -46575 -25579
6105 -46365 -26203
6105 -46575 -25440
6105 -43425 -24980
6105 -45480 -26563
6105 -46875 -26818
6105 -41400 -26328
6105 -46065 -25885
6105 -43425 -26562
6105 -40425 -25845
6105 -38175 -25527
6105 -46875 -25773
6105 -46170 -25895
6105 -42265 -24932
6105 -41400 -24919
6105 -46170 -25176
6105 -46170 -25490
6105 -46875 -26134
6105 -46875 -25748
6105 -46875 -25455
6105 -46575 -24403
6105 -46785 -25111
6105 -43350 -25064
6105 -45960 -25018
6105 -46470 -25334
6105 -41400 -24896
6105 -40075 -24703
6105 -46170 -25290
6105 -46575 -25022
6105 -41615 -24696
6105 -46875 -24350
6105 -41490 -24276
6105 -45765 -23756
6105 -46470 -23814
6105 -46875 -22935
6105 -38760 -22992
6105 -41400 -23534
6105 -46875 -24212
6105 -43080 -24487
6105 -46575 -23441
6105 -47280 -23936
6105 -46785 -23642
6105 -40080 -24247
6105 -46170 -24247
6105 -46875 -25139
6320 -41385 -24665
6320 -39975 -24227
6320 -46185 -24066
6320 -46575 -24672
6320 -39150 -24419
6320 -41490 -24765
6320 -46470 -24293
6320 -37955 -22801
6320 -46470 -24352
6320 -42365 -24165
6320 -46470 -24294
6320 -42975 -24071
6320 -43335 -24895
6320 -43290 -24796
6320 -46170 -24578
6320 -43080 -24528
6320 -46470 -25306
6320 -46875 -24648
6445 -43170 -23623
6445 -46875 -23938
6445 -46380 -21426
6445 -46470 -21970
6445 -39975 -22154
6445 -46575 -22182
6445 -43290 -21862
6445 -38175 -21742
6445 -46785 -23001
6445 -38660 -22847
6445 -45060 -21730
6625 -46275 -21009
6625 -46380 -20479
6625 -46365 -21192
6625 -41490 -20834
6625 -41580 -20350
6625 -42520 -21998
6625 -46470 -21176
6625 -46380 -20189
6625 -46575 -20051
6625 -40170 -19802
6625 -40110 -21725
6625 -39625 -22576
6625 -46875 -22175
6625 -46365 -21239
6625 -46380 -22686
6625 -46875 -22781
6625 -46080 -21731
6625 -42975 -22565
6625 -46485 -20974
6625 -46170 -21438
6625 -41400 -21310
6625 -46575 -21256
6625 -46365 -21596
6625 -46380 -22549
6625 -38615 -22207
6625 -46065 -21978
6625 -43865 -21591
6625 -41490 -21447
7025 -41490 -21496
7025 -40350 -20984
7025 -39570 -20328
7025 -44010 -20800
7025 -41810 -22781
7025 -45255 -21693
7025 -46275 -20081
7025 -38610 -20878
7025 -46185 -20669
7025 -45765 -21066
8420 -46380 -22003
8420 -46470 -21813
8420 -41475 -21534
8420 -46875 -21520
8420 -45870 -21866
8420 -46875 -21982
8420 -43290 -23194
8420 -46470 -20352
8420 -46470 -20371
8420 -46380 -20370
8420 -46395 -20648
8420 -40320 -21221
8420 -46470 -21553
8420 -40725 -22344
8420 -46875 -22783
8420 -46170 -21837
8420 -41490 -19470
8420 -46170 -19249
8420 -40315 -19263
8420 -46875 -21807
8420 -46275 -21720
8420 -46470 -22419
8420 -46485 -21831
8420 -46470 -21175
8420 -41490 -20627
8420 -39440 -21213
8420 -41475 -21808
8420 -39975 -20493
8420 -40500 -21228
8420 -46470 -23155
8420 -42290 -22044
8420 -42340 -21098
8420 -40700 -21425
8420 -46380 -19776
9215 -39075 -20558
9215 -46875 -20776
9215 -46875 -22221
9215 -45960 -21537
9215 -43665 -22459
9215 -46470 -21786
9215 -46365 -22086
9215 -41385 -22730
9215 -46875 -22620
9215 -46575 -23210
9215 -41560 -21278
9215 -38175 -20755
9215 -39435 -21058
9215 -46485 -21466
9215 -46875 -21318
9215 -41180 -21627
9215 -46785 -20374
9215 -38080 -18769
9215 -45975 -19828
9215 -42975 -21107
9215 -40840 -20545
9215 -46170 -21139
9215 -40880 -21561
9215 -46275 -22490
13005 -46575 -21801
13005 -41490 -21595
13005 -46380 -18140
13005 -41475 -19521
13005 -41680 -18872
13005 -46875 -19919
13005 -46575 -21175
13005 -46980 -21744
13005 -46875 -19367
13005 -46365 -19149
13005 -42360 -18468
13005 -45885 -19043
13005 -41490 -21198
13005 -37680 -20378
13005 -42295 -21409
13005 -46470 -20758
13005 -46365 -20097
13005 -41615 -19704
13005 -46470 -19312
13005 -38960 -19340
13005 -43500 -19796
13005 -37165 -19711
13005 -46875 -18610
13005 -39035 -19942
13305 -42570 -19989
13305 -40080 -17909
13305 -45165 -18967
13305 -41070 -19279
13305 -46380 -19437
13305 -38175 -19559
13305 -43110 -19848
13305 -43410 -18228
13305 -46470 -19108
13305 -46170 -18912
13305 -46380 -18118
13305 -41490 -18504
13305 -39400 -19074
13305 -45885 -17770
13305 -46170 -18085
13305 -41385 -17206
13305 -46380 -17677
13305 -39020 -18220
13305 -46875 -17603
13305 -40665 -18212
13305 -40005 -17916
13305 -46380 -18953
13305 -46470 -19426
13305 -38720 -18504
13305 -37835 -18149
13305 -38910 -18757
13305 -45975 -18170
13305 -38355 -17942
13305 -41320 -18539
13305 -41490 -18077
13305 -39960 -18716
14155 -41350 -17244
14155 -39090 -16993
14155 -39430 -14491
14155 -39435 -16535
14155 -46875 -15471
14155 -46380 -16002
14155 -46470 -16922
14155 -39090 -16067
14155 -46470 -16753
14155 -39975 -16771
14155 -46785 -17743
14155 -45975 -16169
14155 -39990 -17173
14155 -42450 -16557
14155 -41490 -16784
14155 -46065 -18942
20365 -45045 -18215
20365 -43365 -18454
20365 -46470 -18000
20365 -38175 -17523
20365 -43010 -17308
21365 -46170 -15249
21365 -45960 -15701
21365 -37470 -14994
21365 -38700 -14777
21365 -42060 -14422
21365 -38790 -15013
21365 -46785 -15853
21365 -43080 -15017
21365 -38915 -15727
21365 -38770 -13461
21365 -40560 -14547
21365 -42075 -14629
21365 -40085 -15019
21365 -42975 -14719
21365 -46470 -14127
21365 -38175 -15143
21365 -40060 -15416
23475 -46470 -16200
23475 -37770 -14513
23475 -46590 -16846
23475 -43100 -15036
23475 -38175 -14003
23475 -39310 -14194
25045 -45270 -13431
25045 -46470 -12781
25255 -46800 -13047
25255 -46170 -13629
25255 -46470 -14805
25255 -41550 -13032
25255 -46800 -13560
25255 -42770 -13289
25255 -46875 -14742
25255 -46170 -14997
25255 -40735 -14376
25255 -46785 -15849
25255 -46875 -15875
26885 -39110 -12917
26885 -39420 -13926
26885 -41565 -12954
26885 -39075 -12029
26885 -37715 -10896
26885 -46065 -10986
26885 -38175 -10786
26885 -39540 -11088
26885 -38175 -11296
26885 -46470 -12396
26885 -40425 -12304
26885 -46170 -12888
26885 -46785 -12495
26885 -40875 -11207
26885 -38175 -11115
26885 -38175 -11052
27275 -43290 -12116
27275 -41475 -13574
27275 -41450 -13916
27275 -41385 -13009
27535 -39310 -14618
27535 -40205 -13551
27535 -46470 -13157
27535 -41580 -13661
27535 -40205 -12764
27535 -46170 -13672
27535 -46875 -12701
27535 -46170 -13685
27535 -43365 -13217
27535 -46170 -12610
27535 -42990 -14256
27535 -42960 -12654
27535 -43365 -12243
27535 -46185 -12145
27535 -43605 -12237
27535 -46380 -11832
27535 -41475 -12471
27535 -39335 -11011
27535 -40505 -12806
27535 -46170 -14829
27535 -42900 -13089
27535 -46575 -13359
27535 -46170 -13340
27535 -43290 -12745
27535 -46875 -13265
27535 -46170 -13725
27535 -43365 -13930
27535 -46170 -14074
27535 -46470 -13248
27535 -41515 -13391
27535 -42180 -13023
27535 -46875 -13367
27535 -41490 -11396
27535 -46470 -13714
27535 -43135 -14308
27535 -46875 -13675
27535 -46875 -13052
27535 -46470 -11399
27535 -46275 -11525
27535 -46170 -11512
27535 -46065 -13331
27535 -41480 -12344
27535 -46065 -12217
27535 -43335 -11652
27535 -43290 -11595
27535 -46380 -12250
27535 -46380 -10324
27535 -46080 -12847
27535 -42825 -10993
27535 -40770 -10850
27535 -46470 -12142
27535 -46980 -12260
27535 -46875 -10223
27535 -46470 -12496
27535 -46275 -11981
27535 -45045 -10580
27535 -46275 -11449
27535 -38910 -10638
27535 -39510 -11558
27535 -46170 -13021
27535 -46575 -11546
27925 -43290 -10735
27925 -46185 -9991
27925 -46170 -10209
27925 -46470 -10997
27925 -42755 -11937
27925 -42150 -9671
27925 -46470 -11542
27925 -46470 -12282
27925 -46890 -10724
27925 -46875 -10013
27925 -46875 -11830
27925 -46875 -11336
27925 -46065 -13593
27925 -46470 -10378
27925 -46875 -9877
27925 -46890 -9488
27925 -46875 -8029
27925 -46875 -9207
27925 -44955 -8588
27925 -46065 -7924
27925 -45960 -8566
27925 -46470 -9480
27925 -46170 -9466
28055 -46470 -10261
28055 -46395 -7787
28055 -43140 -10739
28055 -46470 -10230
28055 -45690 -13769
28055 -46065 -11254
28055 -46470 -8562
28055 -41750 -9249
28055 -39240 -7963
28055 -46065 -11636
28055 -46470 -11331
28055 -42335 -11334
28055 -46485 -10591
28055 -38175 -8416
28055 -38970 -9144
28055 -41385 -7960
28055 -41880 -9783
28055 -46170 -8631
28055 -40020 -8101
28055 -46470 -9451
28055 -41490 -11441
28055 -46470 -9777
28055 -41190 -7487
28055 -46875 -8648
28055 -46485 -10465
28055 -46470 -10955
28055 -46470 -9492
28055 -40575 -8155
28055 -39940 -7725
28055 -40710 -10313
28055 -41490 -7709
28055 -40970 -8525
28055 -46470 -9786
28055 -46470 -9332
28055 -39590 -7862
28055 -46470 -8848
28185 -46470 -10438
28185 -46080 -9344
28185 -46470 -8191
28185 -46875 -7129
28185 -38175 -7495
28185 -46470 -8341
28185 -38635 -9429
28185 -41810 -9153
28185 -46875 -5954
28185 -43005 -5756
28315 -42895 -8186
28315 -41490 -8508
28315 -46875 -7361
28315 -46980 -5098
28315 -41385 -5174
28315 -47280 -6422
28315 -46575 -5492
28315 -46875 -5142
28315 -46470 -3657
28315 -40380 -4459
28315 -46170 -3024
28315 -36285 -3001
28315 -36400 -4241
28315 -36120 -5032
28315 -36805 -3913
28315 -36090 -4517
28315 -46875 -5620
28315 -46470 -4735
28315 -37840 -2021
28315 -39410 -3980
28315 -41490 -2135
28315 -37075 -3496
28315 -46875 -4828
28315 -40185 -4404
28315 -45660 -6319
28315 -41385 -6224
28315 -38915 -5402
28315 -39230 -5553
28315 -45660 -5084
28315 -46875 -3568
28315 -35865 -3098
28315 -38175 -4380
28315 -36715 -5470
28315 -40150 -6650
28315 -45480 -5630
28315 -37680 -4040
28315 -39015 -4596
28315 -41415 -4829
28315 -37465 -2289
28315 -41390 -4387
28315 -38175 -4189
28315 -38850 -3347
28315 -46470 -2050
28315 -36835 376
28315 -39295 -972
28315 -35995 -860
28315 -38955 -223
28315 -41490 -2015
28315 -46980 -63
28315 -39735 -611
28315 -39110 280
28315 -35280 1343
28315 -38310 -18
28315 -39010 -2948
28315 -40380 -1164
28315 -39880 -3033
28315 -37915 -619
28315 -41350 -2240
28315 -46980 -2028
28315 -36285 -971
28445 -36655 -2661
28445 -39250 -1396
28445 -37055 -1040
28445 -38410 -703
28445 -46170 -1286
28445 -41475 -959
28445 -35090 -1184
28445 -34170 39
28445 -39320 -1463
28445 -46275 -102
28445 -40475 233
28445 -36555 1020
28445 -36090 -102
28445 -37055 -486
28445 -40205 3143
28445 -37165 830
28445 -41205 2247
28445 -37055 3081
28445 -40405 3481
28445 -39680 1837
28445 -40675 2292
28445 -42870 614
28445 -37430 4388
28445 -38245 1951
28445 -37785 2148
28445 -34660 3874
28445 -40205 1694
28445 -40665 1081
28445 -35740 801
28445 -39015 2752
28445 -40305 2148
28445 -40305 1611
28445 -46980 1372
28445 -38570 2255
28445 -35375 3929
28445 -37145 3415
28445 -35225 2251
28445 -46890 825
28445 -34900 1365
28445 -46470 2045
28445 -34955 6337
28445 -38455 5785
28445 -34275 4771
28445 -40665 8446
28445 -38355 7781
28445 -35525 6516
28445 -36105 7548
28445 -37525 7785
28445 -35675 4851
28445 -34200 4398
28445 -38515 6378
28445 -41385 8511
28445 -34330 10574
28445 -33350 8726
28445 -35970 4532
28445 -34320 8093
28445 -37880 5334
28445 -36210 7143
28445 -38595 5664
28445 -35375 5801
28445 -33870 9547
28445 -33870 7843
28445 -35970 7379
28445 -37710 4931
28445 -36895 5156
28445 -36155 6870
28445 -36940 4816
28445 -35135 4951
28445 -36385 5510
28445 -40740 2918
28445 -46875 7573
28445 -34200 10784
28445 -35190 10347
28445 -33870 10434
28445 -33570 11057
28445 -37130 8065
28445 -37875 9097
28445 -35105 9336
28445 -34315 5717
28445 -33870 8160
28445 -35245 10131
28445 -33925 10698
28445 -34715 8256
28445 -34170 7793
28445 -37055 8705
28445 -36775 8413
28445 -36195 9206
28445 -34105 12221
28445 -46470 9494
28445 -34315 10205
28445 -33490 9048
28445 -39210 10555
28445 -38410 11026
28445 -33870 11250
28445 -45150 9826
28445 -33135 10790
28445 -35915 9402
28445 -34170 10709
28445 -34430 9705
28445 -35155 9842
28445 -46470 10576
28445 -34170 8677
28445 -35850 8737
28445 -34170 9356
28445 -35560 10146
28445 -38175 10497
28445 -35105 10562
28445 -46170 14128
28445 -33870 11820
28445 -33870 12285
28445 -34170 12118
28445 -38070 10196
28445 -38175 11749
28445 -32785 16769
28445 -33615 13506
28445 -38070 14297
28445 -34785 13714
28445 -35380 11468
28445 -34720 12753
28445 -35945 12455
28445 -34200 12867
28445 -35740 11298
28445 -35515 10076
28445 -36520 11775
28445 -34170 10305
28445 -33530 12448
28445 -35460 13497
28445 -36065 11633
28445 -35595 11539
28445 -32710 13526
28445 -35250 14719
28445 -35970 11339
28445 -33970 13742
28445 -34170 17270
28445 -34405 15837
28445 -34960 18712
28445 -34785 15593
28445 -34170 16010
28445 -36780 14268
28445 -34860 14397
28445 -33570 14692
28445 -35970 15513
28445 -37655 15862
28445 -34695 14770
28445 -35155 13370
28445 -34840 15801
28445 -34785 16474
28445 -32800 15487
28445 -34470 16454
28445 -38070 16489
28445 -46875 15188
28445 -34485 16971
28445 -38070 14870
28445 -33570 14689
28445 -31920 18685
28445 -33870 17942
28445 -36325 14217
28445 -34375 15553
28445 -37165 15503
28445 -34855 13583
28445 -38070 14030
28445 -35545 16025
28445 -33315 16659
28445 -35035 13039
28445 -31470 21162
28445 -33975 19061
28445 -33290 21699
28445 -33875 19020
28445 -33685 18991
28445 -32690 18379
28445 -32735 20101
28445 -31895 18848
28445 -34170 18650
28445 -34020 19621
28445 -32310 20381
28445 -31980 18259
28445 -33770 18530
28445 -33510 21020
28445 -33570 18569
28445 -33870 19212
28445 -34430 19210
28445 -29480 21449
28445 -34715 18586
28445 -32290 19178
28445 -34510 19610
28445 -34510 20430
28445 -36740 16838
28445 -35455 19532
28445 -32135 22005
28445 -35570 21450
28445 -33855 19193
28445 -34170 20454
28445 -34485 20433
28445 -33495 20895
28445 -34285 19175
28445 -33685 21097
28445 -34425 21869
28445 -36995 21418
28445 -32985 21939
28445 -34740 20249
28445 -35230 22868
28445 -34285 23196
28445 -34835 20162
28445 -34350 21581
28445 -34275 21571
28445 -34265 23172
28445 -33415 21768
28445 -34865 22251
28445 -34540 21696
28445 -35655 20821
28445 -33460 22644
28445 -34095 21672
28445 -32310 21633
28445 -32185 21733
28445 -32075 21226
28445 -34370 21411
28445 -33375 24275
28445 -33275 23551
28445 -33860 22887
28445 -33155 21512
28445 -33090 22361
28445 -35710 23455
28445 -33525 20651
28445 -33635 24335
28445 -34565 20550
28445 -35780 20653
28445 -33255 23430
28445 -32520 24500
28445 -33360 25306
28445 -33175 25749
28445 -33520 22282
28445 -33175 26170
28445 -39760 24444
28445 -35045 23490
28445 -34070 25753
28445 -33805 25289
28445 -35070 27539
28445 -33215 25764
28445 -31670 24520
28445 -32985 24915
28445 -34735 27102
28445 -35030 23512
28445 -34020 23515
28445 -33955 26637
28445 -35340 23456
28445 -33435 24521
28445 -37125 23512
28445 -35375 25724
28445 -37005 25320
28445 -39865 25240
28445 -33960 26610
28445 -34445 25712
28445 -35375 23895
28445 -39865 23292
28445 -35335 22915
28445 -33620 27108
28445 -39490 24684
28445 -39095 24711
28445 -39795 25145
28445 -33655 25768
28445 -39545 26551
28445 -35625 23899
28445 -36320 25696
28445 -33590 26620
28445 -34245 25719
28445 -39095 23965
28445 -34045 23058
28445 -33745 26183
28445 -33455 26196
28445 -39760 23840
28445 -41275 23318
28445 -33790 24389
28445 -41415 25632
28445 -39755 24765
28445 -39865 22922
28445 -39755 23825
28445 -39690 23903
28445 -33950 24816
28445 -39755 25640
28445 -34075 24814
28445 -41415 26058
28445 -40435 23833
28445 -34140 25209
28445 -39865 25208
28445 -34300 25693
28445 -39420 21509
28445 -39760 24235
28445 -39095 24797
28445 -39795 26057
28445 -41415 23740
28445 -33900 25718
28445 -41415 23231
28445 -34065 26588
28445 -39760 25234
28445 -35795 20694
28445 -33220 26224
28445 -35440 24747
28445 -34235 24794
28445 -34060 26147
28445 -38615 25221
28445 -39795 25630
28445 -36490 24281
28445 -39475 24329
28445 -39865 24712
28445 -34935 24320
28445 -35625 22539
28445 -39865 25176
28445 -33970 24356
28445 -34125 24854
28445 -38615 24283
28445 -40050 21509
28445 -34245 24343
28445 -39795 24764
28445 -33795 24370
28445 -40435 22926
28445 -35135 25709
28445 -38155 23850
28445 -34200 24286
28445 -39795 24326
28445 -39865 23851
28445 -39755 24264
28445 -35110 25662
28445 -35265 24782
28445 -40435 23349
28445 -38680 26111
28445 -34770 25690
28445 -38615 24262
28445 -39685 22953
28445 -39490 25139
28445 -33960 25235
28445 -35780 24311
28445 -39095 24344
28445 -33655 26166
28445 -39795 25202
28445 -35225 25218
28445 -35385 23419
28445 -35440 24718
28445 -31600 27128
28445 -35375 23808
28445 -35050 24305
28445 -39490 24277
28445 -39795 23771
28445 -34735 25668
28445 -35795 20170
28445 -39475 25174
28445 -36900 23861
28445 -39540 24256
28445 -35650 24767
28445 -39545 25641
28445 -34230 24392
28445 -35705 24243
28445 -35795 26110
28445 -34735 24770
28445 -41415 22454
28445 -34925 22136
28445 -35300 22531
28445 -39760 21624
28445 -34075 25306
28445 -35240 24755
28445 -36725 23389
28445 -33825 23060
28445 -39865 21503
28445 -34045 23904
28445 -35380 23379
28445 -39760 25630
28445 -39865 23320
28445 -37055 27026
28445 -34255 23452
28445 -35795 22901
28445 -35005 22941
28445 -33380 25796
28445 -39485 24804
28445 -39760 22398
28445 -34755 22533
28445 -39095 23400
28445 -39755 24703
28445 -39795 23751
28445 -33745 25726
28445 -34635 24334
28445 -34245 22583
28445 -39795 23434
28445 -33865 22522
28445 -39795 25192
28445 -39485 24294
28445 -37225 22449
28445 -35060 24748
28445 -39095 22030
28445 -35615 22596
28445 -39485 23472
28445 -38675 24725
28445 -39485 25223
28445 -39490 22904
28445 -39795 22838
28445 -37205 23882
28445 -36160 24795
28445 -39755 25114
28445 -35655 24716
28445 -34105 24363
28445 -39795 23369
28445 -34075 23868
28445 -34550 24822
28445 -33990 23897
28445 -34060 23467
28445 -39760 23354
28445 -39685 22952
28445 -36490 23881
28445 -35440 24292
28445 -39760 22954
28445 -35255 24329
28445 -35570 23334
28445 -34365 24403
28445 -34365 25301
28445 -39865 25194
28445 -39865 25139
28445 -39690 23328
28445 -39755 23884
28445 -35400 22999
28445 -39760 22428
28445 -34770 22946
28445 -39490 23007
28445 -35335 23405
28445 -39485 22833
28445 -34710 24335
28445 -36375 21142
28445 -38615 22976
28445 -39795 25571
28445 -38680 24737
28445 -35485 23896
28445 -34140 25675
28445 -35795 23411
28445 -35200 24329
28445 -39865 22424
28445 -35450 21583
28445 -34935 22062
28445 -34880 24728
28445 -39795 22351
28445 -34090 22523
28445 -35045 23877
28445 -39485 23850
28445 -39795 22371
28445 -35485 23001
28445 -39420 25647
28445 -34670 23865
28445 -38755 24218
28445 -34815 22951
28445 -41415 25526
28445 -39490 25199
28445 -34365 25229
28445 -34505 25201
28445 -35240 23383
28445 -35480 23418
28445 -38675 23347
28445 -39490 21893
28445 -35075 23373
28445 -34075 23413
28445 -38675 22345
28445 -35275 25219
28445 -35745 22913
28445 -39420 24311
28445 -39795 21887
28445 -39490 24765
28445 -37135 25251
28445 -35055 22528
28445 -39760 20961
28445 -39795 22401
28445 -39485 23819
28445 -39865 23278
28445 -39865 23373
28445 -33495 24870
28445 -35250 26150
28445 -36190 22460
28445 -35350 23036
28445 -38155 24768
28445 -38675 22376
28445 -39690 22868
28445 -38675 22537
28445 -39095 23873
28445 -39865 24760
28445 -35010 24718
28445 -35005 21591
28445 -39865 25574
28445 -36290 24298
28445 -39755 23292
28445 -39690 21011
28445 -39545 23361
28445 -41415 24222
28445 -39760 22302
28445 -39690 23309
28445 -39760 21543
28445 -39865 23367
28445 -39095 22036
28445 -40875 23723
28445 -34140 25276
28445 -35115 24790
28445 -38615 25665
28445 -34835 25285
28445 -34800 25669
28445 -33825 24768
28445 -36420 20617
28445 -39490 21528
28445 -39485 23785
28445 -36080 21975
28445 -41445 22944
28445 -34075 24347
28445 -39755 24302
28445 -33595 24379
28445 -35795 21093
28445 -39795 21601
28445 -37055 24230
28445 -33700 25240
28445 -41415 22022
28445 -39755 23441
28445 -39420 24729
28445 -34365 22514
28445 -39865 22376
28445 -39865 21467
28445 -35340 22945
28445 -36230 23833
28445 -39755 22999
28445 -39760 23777
28445 -35110 22064
28445 -39690 24230
28445 -39795 23785
28445 -39795 23355
28445 -39755 22372
28445 -39485 22514
28445 -39475 22481
28445 -34815 26126
28445 -38675 24293
28445 -39755 21867
28445 -35980 21587
28445 -34065 25294
28445 -34480 19742
28445 -39755 24366
28445 -35825 26148
28445 -34935 23381
28445 -39865 23753
28445 -34140 24808
28445 -36900 24697
28445 -39795 22391
28445 -39865 23333
28445 -39420 21985
28445 -39490 24763
28445 -40435 20638
28445 -33660 26609
28445 -39760 21986
28445 -34130 24771
28445 -34835 23904
28445 -39755 24276
28445 -39795 21965
28445 -39545 25077
28445 -39865 23321
28445 -35485 25247
28445 -35070 22453
28445 -36090 23802
28445 -35610 20591
28445 -41445 21055
28445 -40435 22060
28445 -39865 22527
28445 -39865 24337
28445 -39795 22333
28445 -39760 21462
28445 -37100 23806
28445 -33585 22564
28445 -39865 22966
28445 -36290 22477
28445 -36050 23395
28445 -39760 22447
28445 -35145 21610
28445 -39755 19626
28445 -34175 22978
28445 -39795 20212
28445 -34015 24369
28445 -34710 22074
28445 -35850 21132
28445 -39545 21066
28445 -38615 24689
28445 -39760 22983
28445 -34935 24298
28445 -39795 22873
28445 -39865 24776
28445 -35655 23865
28445 -39760 22814
28445 -39865 22830
28445 -39540 23354
28445 -36725 21052
28445 -35365 24385
28445 -33825 23885
28445 -34635 26159
28445 -39760 21959
28445 -36325 24799
28445 -39865 21943
28445 -35350 20605
28445 -34215 25216
28445 -39485 22001
28445 -34740 23877
28445 -39690 19640
28445 -35825 23395
28445 -35135 22150
28445 -39420 22864
28445 -38675 22887
28445 -41445 24223
28445 -41275 23318
28445 -35480 24347
28445 -39760 24257
28445 -33755 24361
28445 -39425 21532
28445 -39760 20584
28445 -38705 24312
28445 -34940 22490
28445 -36900 23856
28445 -40735 22501
28445 -35625 23864
28445 -39865 22440
28445 -39690 22883
28445 -38680 21930
28445 -39685 24694
28445 -34430 23460
28445 -34915 23879
28445 -39755 20614
28445 -36390 21604
28445 -35795 22921
28445 -39690 22810
28445 -40875 19560
28445 -38675 24719
28445 -39095 23848
28445 -36290 22914
28445 -39755 21959
28445 -37055 23376
28445 -39795 20594
28445 -35745 20287
28445 -39865 21133
28445 -39865 22481
28445 -39795 22879
28445 -41445 23831
28445 -39795 23752
28445 -39760 23353
28445 -39485 22000
28445 -39760 23339
28445 -39755 23327
28445 -39760 23278
28445 -39760 21977
28445 -36190 22540
28445 -39685 23757
28445 -39760 24268
28445 -33690 24351
28445 -35440 23381
28445 -39485 22477
28445 -39865 23325
28445 -34945 23889
28445 -35450 22543
28445 -38675 22881
28445 -39755 20577
28445 -39755 21041
28445 -39865 21959
28445 -39865 23261
28445 -35345 22900
28445 -35085 24775
28445 -35605 23402
28445 -39795 23813
28445 -35085 24733
28445 -36630 23398
28445 -39760 19165
28445 -35085 23873
28445 -39490 22398
28445 -39760 20636
28445 -39795 24213
28445 -41415 23319
28445 -39485 20250
28445 -39095 21970
28445 -38215 22961
28445 -40875 21078
28445 -34245 18042
28445 -39490 20981
28445 -35665 18381
28445 -39690 23913
28445 -36630 22853
28445 -39795 21900
28445 -39760 21927
28445 -36120 21614
28445 -39760 21845
28445 -34095 22995
28445 -35655 21167
28445 -39865 20564
28445 -39755 20132
28445 -35375 23014
28445 -39795 20506
28445 -38680 23400
28445 -34300 26168
28445 -34980 25199
28445 -39865 21121
28445 -35795 20664
28445 -38705 20589
28445 -35300 22970
28445 -39865 20600
28445 -35070 20697
28445 -39865 22400
28445 -35785 21515
28445 -35355 24281
28445 -39755 22069
28445 -38650 24299
28445 -38675 22475
-40760 -47280 -41749
-31245 -47280 -37422
-29715 -46875 -36172
-29715 -47280 -35283
-28925 -46875 -35146
-28800 -47280 -35301
-28800 -47280 -34919
-28155 -47280 -35092
-16330 -47280 -34335
-16330 -47280 -33713
-14300 -47280 -34443
-14300 -46875 -33379
-14060 -46980 -32594
-14060 -47280 -33009
-14060 -47280 -32657
-14060 -46575 -32556
-14060 -47280 -33086
-14060 -47280 -33203
-13550 -46890 -33049
-13550 -46890 -32933
-13550 -46875 -32547
-13550 -46980 -32755
-13550 -46980 -31568
-13550 -46875 -31444
-11720 -47280 -32260
-11720 -47280 -32374
-10900 -47280 -32657
-10900 -47280 -32180
-10900 -46875 -32224
-10900 -46980 -32313
-10900 -46875 -32405
-10900 -47280 -32470
-10900 -47280 -32171
-10900 -46875 -32377
-10900 -46890 -32855
-10900 -46875 -32780
-10900 -46890 -32493
-10900 -46875 -30963
-10900 -46980 -31436
-10900 -46575 -31100
-10900 -46875 -30893
-10900 -46875 -31067
-10900 -47280 -31156
-10900 -46785 -30735
-10900 -46875 -30538
-10900 -47280 -30382
-10900 -46875 -31400
-10900 -46980 -30981
-10900 -46875 -30901
-10900 -46980 -31414
-10900 -46890 -31413
-10900 -46875 -31779
-10900 -46875 -31249
-10900 -47280 -31808
-10900 -47280 -31580
-10900 -46980 -31488
-10900 -46980 -31904
-10900 -46875 -32511
-10900 -47280 -32178
-10900 -47280 -32421
-10900 -47280 -31740
-10900 -46785 -31555
-10900 -46875 -31351
-10900 -46890 -31774
-10900 -47280 -31478
-10900 -46785 -30885
-10900 -46875 -31625
-10900 -46785 -31149
-10900 -46875 -31014
-10900 -46875 -31115
-10900 -46365 -31405
-10900 -46875 -31884
-10900 -46875 -31573
-10900 -46875 -31216
-10900 -47280 -31172
-10900 -46875 -30504
-10900 -47280 -32300
-10900 -47280 -31520
-10900 -46470 -31556
-10900 -46875 -31952
-10900 -46890 -32114
-10900 -46875 -32011
-10900 -46980 -31058
-10900 -46470 -30894
-10900 -47280 -30798
-10900 -46980 -31413
-10900 -46980 -30890
-10900 -46875 -30316
-10900 -46875 -31033
-10900 -46380 -30972
-10900 -46980 -30904
-10900 -46980 -31101
-10900 -47280 -31599
-10900 -46875 -31562
-10900 -46890 -30765
-10900 -46470 -30507
-10900 -47280 -31205
-10900 -46290 -31054
-10900 -46875 -30805
-10900 -46875 -30650
-10900 -46590 -31042
-10900 -47280 -30822
-10900 -46980 -31879
-10900 -47280 -32069
-10900 -46470 -31499
-10900 -47280 -31724
-10900 -46980 -31536
-10900 -47280 -31558
-10900 -46890 -32000
-10900 -46890 -32447
-10900 -46785 -31332
-10900 -46875 -31802
-10900 -47280 -32092
-10900 -46785 -31395
-10900 -46575 -31720
-10900 -46980 -31297
-10485 -47280 -31709
-10485 -46875 -31106
-10485 -46980 -31421
-10485 -47280 -30569
-10485 -46875 -30926
-10485 -46890 -30734
-10485 -46980 -30442
-10485 -46890 -30288
-10485 -46890 -30342
-10485 -46875 -30528
-10485 -46875 -30595
-10485 -46890 -30839
-10485 -46875 -30920
-10485 -47280 -30847
-10485 -46875 -30457
-10485 -46875 -30724
-10485 -46875 -30503
-10485 -46875 -30953
-10485 -46875 -31403
-10485 -46170 -30903
-10485 -46875 -31093
-10485 -46980 -30817
-10485 -47280 -30358
-10485 -46875 -30214
-10485 -46875 -30702
-10485 -46575 -29802
-10485 -46575 -30002
-10485 -46575 -29865
-10485 -46890 -29796
-10485 -46380 -30102
-10485 -46575 -30830
-10485 -46875 -30552
-10455 -46575 -30549
-10455 -46800 -31307
-10455 -46875 -31345
-10455 -46875 -31983
-10455 -46875 -31945
-10455 -46875 -31258
-10455 -46890 -31253
-10455 -46875 -31210
-10455 -46875 -31247
-10455 -47280 -31607
-10455 -46980 -31379
-10455 -46875 -31347
-10455 -46875 -31480
-10455 -46980 -30792
-10455 -46980 -31845
-10455 -46875 -31534
-10455 -46080 -30923
-10455 -46875 -30856
-10455 -46575 -30306
-10455 -46875 -31303
-10455 -46890 -31368
-10455 -46875 -31147
-10455 -46980 -31516
-10455 -47280 -31144
-10455 -46875 -30807
-10455 -46875 -30918
-10455 -46875 -31499
-10455 -46875 -31700
-10455 -46785 -30482
-10455 -46890 -31202
-10455 -46380 -30692
-10455 -46875 -31394
-10455 -46875 -31636
-10455 -47280 -31202
-10455 -46980 -31984
-10455 -46875 -31289
-10455 -46875 -31708
-10455 -46785 -31858
-10455 -46890 -32320
-10455 -47280 -32678
-10455 -46875 -31903
-10455 -46875 -32042
-10455 -46485 -31686
-10455 -46485 -30888
-10455 -46980 -30800
-10455 -46875 -31448
-10455 -46875 -31459
-10455 -46470 -31686
-10455 -46980 -32689
-10455 -46875 -32031
-10455 -46875 -31906
-10455 -46875 -30840
-10455 -46875 -31791
-10455 -46875 -31641
-10455 -46980 -32074
-10455 -46875 -31254
-10455 -46890 -30977
-10455 -46575 -30493
-10455 -46575 -30611
-10455 -46875 -30378
-10455 -47280 -30583
-10455 -46875 -30602
-10455 -47280 -30036
-10455 -46875 -30941
-10455 -46875 -31323
-10455 -47280 -31539
-10455 -46875 -31053
-10455 -46875 -31085
-10455 -47280 -30993
-10455 -46575 -31244
-10455 -46875 -30623
-10455 -46875 -30545
-9360 -46890 -30250
-9360 -46875 -30662
-9360 -46095 -30862
-9360 -46875 -30961
-9360 -46875 -30878
-9360 -46575 -31403
-9360 -46875 -31698
-9360 -46170 -30913
-9360 -46575 -31253
-9360 -46875 -31340
-9360 -46890 -31021
-9360 -47280 -31440
-9360 -46575 -31123
-9360 -46875 -31414
-9360 -46875 -31006
-9360 -46470 -31046
-9360 -46785 -31750
-9360 -46875 -32042
-9360 -46875 -32300
-9360 -46875 -32213
-9360 -46875 -31364
-9360 -46785 -31121
-9360 -46575 -31458
-9360 -46875 -31323
-9360 -46875 -30874
-9360 -46575 -30194
-9360 -46875 -30649
-9360 -46575 -30446
-9360 -46890 -30756
-9360 -46875 -30699
-9360 -46485 -30532
-9360 -46890 -29755
-9360 -46875 -31045
-9360 -46575 -30580
-9360 -46875 -30069
-9360 -47280 -29579
-9360 -46875 -29536
-9360 -46875 -30236
-9360 -46980 -29993
-9360 -46875 -30597
-9360 -46980 -31169
-9360 -46875 -30928
-9360 -46575 -30239
-9360 -46875 -30240
-9360 -46875 -31019
-9360 -46875 -30553
-9360 -46875 -30828
-9360 -46785 -30635
-9360 -46590 -30410
-9360 -46875 -31122
-9360 -46875 -30731
-9360 -46875 -30402
-9360 -46875 -30728
-9360 -47280 -30607
-9360 -46875 -31026
-9360 -46875 -31061
-9360 -46875 -31043
-9360 -46875 -30828
-9360 -46875 -30560
-9360 -46875 -30931
-9360 -46875 -31187
-9360 -46875 -31705
-9360 -46875 -31030
-9360 -46875 -31271
-9360 -46875 -31291
-9360 -46875 -31429
-9360 -46875 -30608
-9360 -47280 -30895
-9360 -46875 -30326
-9360 -46875 -31070
-9360 -46875 -30808
-9360 -46875 -30550
-9360 -46170 -30516
-9360 -46875 -30912
-9360 -46875 -30523
-9360 -46875 -30003
-9360 -46875 -30050
-9360 -46875 -30072
-9360 -46875 -30796
-9360 -46875 -30538
-9360 -46875 -30677
-9360 -46875 -29925
-9360 -46875 -31479
-9360 -46890 -31357
-9360 -46875 -31815
-9360 -46785 -31681
-9360 -46875 -31523
-9360 -46875 -31859
-9360 -46800 -30959
-9360 -47280 -30324
-9360 -46575 -30200
-9360 -46875 -30037
-9360 -46380 -29438
-9360 -46980 -30106
-9360 -46575 -30602
-9360 -46875 -30585
-9360 -47280 -31676
-9360 -46875 -30631
-9360 -46875 -29938
-9360 -46575 -30934
-9360 -46890 -30633
-9090 -46875 -30741
-9090 -46785 -30214
-9090 -46575 -30195
-9090 -46875 -30175
-9090 -46875 -29911
-9090 -46575 -30327
-9090 -46575 -30445
-9090 -46875 -30738
-9090 -46980 -30226
-9090 -46980 -29886
-9090 -46890 -29743
-9090 -46695 -29374
-9090 -46785 -29047
-9090 -46875 -29610
-9090 -47280 -29875
-9090 -46875 -29786
-9090 -46065 -29566
-9090 -46875 -29773
-9090 -46875 -29914
-9090 -46785 -30273
-9090 -46875 -30605
-9090 -46875 -30897
-9090 -47280 -29675
-9090 -46290 -29874
-9090 -46890 -30226
-9090 -46575 -30037
-9090 -46080 -29482
-9090 -46695 -29051
-9090 -46875 -30539
-9090 -46785 -29693
-9090 -46785 -30076
-9090 -46875 -29092
-9090 -46875 -28905
-8835 -46980 -28810
-8835 -46875 -29121
-8835 -46575 -29636
-8835 -46875 -28232
-8835 -46980 -29783
-8835 -46875 -29538
-8835 -47280 -29211
-8835 -46890 -28820
-8835 -46875 -29845
-8835 -46980 -30688
-8835 -47280 -30852
-8835 -46875 -29790
-8835 -46890 -30381
-8835 -46980 -29143
-8835 -46875 -29410
-8835 -46980 -29579
-8835 -46980 -29049
-8835 -46875 -30177
-8835 -46980 -30348
-8835 -46875 -29371
-8835 -46980 -29892
-8835 -46980 -30195
-8835 -46875 -30182
-8835 -46980 -29515
-8835 -46890 -30452
-8835 -46875 -29871
-8835 -46890 -30050
-8835 -46890 -29684
-8835 -46875 -30515
-8835 -46785 -30028
-8835 -47280 -30081
-8835 -46875 -29978
-8835 -46980 -29991
-8835 -46980 -29133
-8835 -46890 -29675
-8835 -46890 -29465
-8835 -46875 -29448
-8835 -46875 -29483
-8835 -46875 -29803
-8835 -46875 -29988
-8835 -46470 -29845
-8835 -46875 -29650
-8835 -46980 -30114
-8835 -46980 -29904
-8835 -46980 -29306
-8835 -46890 -28536
-8835 -46875 -28891
-8835 -46980 -28377
-8835 -47280 -28345
-8835 -46890 -27802
-8835 -46875 -29430
-8835 -46980 -28403
-8835 -46875 -29073
-8835 -46875 -28839
-8835 -47280 -28784
-8835 -46875 -29407
-8835 -46875 -29133
-8835 -46875 -28402
-8835 -46875 -28245
-8835 -46980 -29260
-8835 -46890 -28492
-8835 -46980 -28013
-8835 -46875 -28233
-8835 -46980 -29058
-8835 -47280 -28702
-8835 -46575 -29224
-8835 -46980 -29561
-8835 -46980 -29781
-8835 -46980 -29349
-8835 -46875 -28736
-8835 -47280 -28617
-8835 -46785 -28432
-8835 -46890 -28884
-8835 -46875 -28541
-8835 -46875 -29250
-8835 -46980 -28850
-8835 -47280 -29252
-8835 -46875 -28876
-8835 -46875 -28589
-8835 -46575 -28488
-8835 -46875 -28477
-8835 -46875 -29542
-8835 -46980 -29592
-8835 -46575 -29041
-8835 -46980 -30128
-8835 -46875 -29395
-8835 -46590 -29520
-8835 -46875 -29609
-8835 -46980 -29992
-8835 -46875 -29345
-8835 -46890 -29645
-8835 -46875 -28714
-8835 -47280 -29301
-8835 -46890 -29134
-8835 -46890 -27895
-8835 -46875 -28298
-8835 -46980 -28739
-8835 -47280 -28372
-8835 -46980 -29362
-8835 -46875 -29422
-8835 -46980 -29231
-8835 -46875 -27917
-8835 -46890 -28019
-8835 -46785 -28398
-8835 -47280 -28913
-8835 -47280 -28258
-8835 -46890 -27250
-8835 -47280 -28916
-8835 -46980 -28130
-8835 -46890 -28557
-8835 -46800 -27802
-8835 -46980 -27821
-8835 -46875 -27714
-8835 -46875 -28275
-8835 -46875 -27612
-8835 -46980 -26469
-8835 -46875 -27825
-8835 -46575 -26188
-8835 -46890 -27161
-8835 -47280 -26879
-8835 -46785 -26992
-8835 -46980 -27468
-8835 -46875 -28392
-8835 -47280 -28867
-8835 -46785 -28136
-8835 -46875 -28763
-8835 -46980 -29389
-8835 -46470 -29146
-8835 -46875 -28700
-8835 -46890 -28043
-8835 -46575 -28499
-8835 -46875 -29011
-8835 -46980 -28775
-8835 -46980 -29689
-8835 -46875 -29082
-8835 -46875 -28519
-8835 -47280 -29240
-8835 -46875 -27761
-8835 -46875 -29189
-8835 -46875 -28850
-8835 -46785 -28571
-8835 -46980 -28389
-8835 -46875 -28347
-8835 -46890 -28133
-8835 -46875 -28059
-8835 -46890 -28152
-8835 -46980 -27901
-8835 -46980 -28117
-8835 -46875 -27586
-8835 -46890 -27787
-8835 -46890 -28417
-8835 -46470 -27727
-8835 -46980 -28435
-8835 -46875 -28583
-8835 -46875 -28459
-8835 -47280 -28602
-8835 -46890 -28656
-8835 -46875 -27704
-8835 -46890 -28430
-8835 -46875 -28180
-8835 -46875 -28240
-8835 -46980 -28744
-8835 -46875 -28036
-8835 -46875 -27812
-8835 -46890 -27865
-8835 -46980 -28620
-8835 -46875 -27917
-8835 -47280 -28257
-8835 -46875 -27704
-8835 -46875 -27588
-8835 -46575 -27630
-8835 -46980 -28839
-8835 -47280 -28792
-8835 -46890 -29158
-8835 -46875 -28458
-8835 -46875 -28846
-8835 -46875 -28445
-8835 -46890 -27675
-8835 -46890 -29703
-8835 -46575 -28444
-8835 -46980 -28294
-8835 -47280 -27650
-8835 -46470 -27459
-8835 -46875 -28502
-8835 -46890 -28517
-8835 -46875 -28515
-8835 -46875 -28125
-8835 -46875 -27065
-8835 -46980 -26663
-8835 -46785 -27752
-8835 -46875 -28071
-8835 -46875 -27405
-8835 -46875 -27319
-8835 -46875 -27969
-8835 -46875 -26475
-8835 -46800 -26121
-8835 -47280 -27851
-8835 -46875 -28106
-8835 -46980 -27903
-8835 -46875 -27685
-8835 -47280 -28062
-8835 -46875 -27716
-8835 -46980 -27838
-8835 -47280 -28691
-8835 -47280 -28259
-8835 -46980 -28772
-8835 -46875 -27318
-8835 -46875 -25976
-8835 -46980 -27294
-8835 -47280 -27328
-8835 -46875 -27179
-8835 -46875 -27219
-8835 -46890 -27168
-8835 -46875 -26897
-8835 -46875 -26330
-8835 -46875 -27152
-8835 -46875 -26926
-8835 -46875 -26971
-8835 -47280 -26362
-8835 -46875 -26413
-8835 -46785 -26460
-8835 -46890 -27572
-8835 -46980 -26822
-8835 -46875 -26079
-8835 -46980 -26892
-8835 -46875 -27341
-8835 -47280 -27903
-8835 -47280 -27769
-8835 -46875 -27338
-8835 -46875 -27845
-8835 -46875 -27245
-8835 -46980 -27645
-8835 -46875 -27537
-8835 -46875 -27166
-8835 -46980 -27128
-8835 -46575 -26554
-8835 -46875 -26742
-8835 -46890 -27603
-8835 -46875 -27194
-8835 -46875 -27057
-8835 -46875 -26206
-8835 -46980 -27390
-8835 -46890 -28549
-8835 -46890 -28435
-8835 -46890 -27991
-8835 -46980 -27722
-8835 -46875 -26891
-8835 -46875 -26696
-8835 -47280 -27479
-8835 -47280 -27485
2900 -46980 -25511
2900 -46875 -25952
2900 -47280 -26147
2900 -46575 -27461
2900 -46785 -26050
2900 -46785 -26803
2900 -46875 -27249
2900 -46380 -27783
2900 -46875 -28566
2900 -46980 -28971
2900 -46470 -28423
2900 -46575 -28759
3750 -46575 -26798
3750 -46980 -27403
3750 -47280 -27343
3750 -46500 -27146
3750 -46875 -27806
3750 -46980 -27373
3750 -46485 -28177
3750 -46875 -27856
3750 -46890 -28138
3750 -46980 -27576
3750 -46875 -27546
3750 -46575 -27629
3750 -47280 -27146
3750 -46875 -26952
3750 -46980 -28160
3750 -46980 -28717
3750 -46875 -28985
3750 -46890 -28319
3750 -46980 -28672
3750 -46890 -28246
4000 -46980 -28138
4000 -46575 -27466
4000 -46170 -27867
4000 -46875 -28902
4000 -46875 -28187
4000 -46875 -27699
4000 -46575 -28212
4000 -46875 -28409
4000 -46470 -28382
4000 -46875 -28140
4000 -46470 -28098
4000 -43575 -28461
4000 -46575 -27597
4000 -46470 -26565
4000 -46170 -26578
4000 -46170 -26089
4000 -46575 -27416
4000 -46875 -26087
4000 -46875 -26107
4000 -46470 -26266
4000 -46875 -26764
4000 -46170 -27074
4000 -46875 -26829
4000 -46575 -26667
4000 -46470 -27003
4000 -46170 -27958
4000 -46875 -26746
4000 -46875 -27493
4000 -46170 -26683
4000 -46185 -26939
4000 -46875 -26345
4000 -46875 -28580
4000 -46875 -28006
4000 -42930 -26435
4000 -46875 -26577
4000 -46875 -26752
4000 -46470 -26314
4560 -43440 -26223
4560 -46170 -26729
5675 -46875 -25510
5675 -46485 -24635
5675 -46785 -24257
5675 -45765 -25354
5675 -46170 -24431
5675 -46275 -24428
5675 -46575 -24509
5675 -46875 -25887
5675 -46065 -24252
5675 -46380 -23727
5675 -46470 -24679
5675 -46380 -23979
5675 -41070 -24744
5675 -46470 -22855
5675 -46875 -24467
5675 -46275 -24005
5675 -46575 -24088
5675 -46875 -24160
5675 -42610 -24135
5675 -46470 -23530
5675 -41490 -23120
5675 -46875 -23302
5675 -46875 -23013
5675 -38750 -23760
5675 -46875 -23349
5675 -46485 -22778
5675 -44750 -22311
5675 -46380 -22928
5675 -46875 -23637
5675 -41070 -24240
5675 -45870 -23587
5675 -46875 -22563
5675 -40610 -22399
5675 -46875 -22390
5675 -46080 -21833
5675 -46875 -24582
5675 -46575 -23313
5675 -46365 -23588
5675 -46875 -23636
5675 -46575 -23566
5675 -46185 -23316
5675 -39515 -23333
5675 -46170 -23309
5675 -46470 -23888
5675 -47280 -23324
5680 -38710 -22325
5680 -46470 -24866
5680 -45870 -24892
5680 -46470 -24395
5680 -46575 -24657
5680 -46980 -24686
5680 -46875 -23508
5680 -46890 -24040
6105 -47280 -23585
6105 -41225 -22806
6105 -46470 -23843
6105 -46575 -24178
6105 -46875 -24396
6105 -46875 -24067
6105 -45780 -24127
6105 -46380 -23714
6105 -46395 -24674
6105 -46575 -24551
6105 -46095 -25117
6105 -46875 -24733
6105 -45765 -23887
6105 -43980 -24223
6105 -46185 -24637
6105 -41490 -25326
6105 -44280 -24340
6105 -41040 -24489
6105 -46575 -25238
6105 -43080 -25250
6105 -46065 -24877
6105 -46875 -24890
6105 -45270 -23750
6105 -45960 -24287
6105 -46575 -24778
6105 -46470 -24406
6105 -46575 -24612
6105 -46470 -24407
6105 -46470 -24361
6105 -46575 -23195
6105 -45660 -24152
6105 -45780 -25595
6105 -46575 -25524
6105 -40770 -25230
6105 -46575 -25769
6105 -46575 -25936
6105 -44955 -25679
6105 -46875 -25736
6105 -46470 -25866
6105 -46380 -25525
6105 -46875 -25962
6105 -46470 -25989
6105 -46185 -25910
6105 -46575 -25461
6105 -41490 -24123
6105 -41385 -24282
6105 -46575 -24280
6105 -38440 -25453
6105 -41470 -25546
6105 -46575 -26445
6105 -46470 -25839
6105 -41475 -25020
6105 -46875 -24191
6105 -46470 -24141
6105 -42040 -24449
6105 -46575 -24826
6105 -46875 -24501
6105 -41490 -23863
6105 -39655 -24103
6105 -45480 -23981
6105 -46065 -23469
6105 -45765 -23989
6105 -46875 -23799
6105 -40440 -23884
6105 -46875 -24466
6105 -46875 -24306
6105 -46575 -24072
6105 -47280 -24772
6105 -43500 -24222
6105 -46875 -24801
6105 -46365 -26059
6105 -46470 -24857
6105 -46875 -24787
6105 -46875 -25608
6105 -46485 -25890
6105 -41400 -25377
6105 -41760 -24961
6105 -38955 -24551
6105 -46170 -25494
6105 -46575 -25579
6105 -46365 -26203
6105 -46575 -25440
6105 -43425 -24980
6105 -45480 -26563
6105 -46875 -26818
6105 -41400 -26328
6105 -46065 -25885
6105 -43425 -26562
6105 -40425 -25845
6105 -38175 -25527
6105 -46875 -25773
6105 -46170 -25895
6105 -42265 -24932
6105 -41400 -24919
6105 -46170 -25176
6105 -46170 -25490
6105 -46875 -26134
6105 -46875 -25748
6105 -46875 -25455
6105 -46575 -24403
6105 -46785 -25111
6105 -43350 -25064
6105 -45960 -25018
6105 -46470 -25334
6105 -41400 -24896
6105 -40075 -24703
6105 -46170 -25290
6105 -46575 -25022
6105 -41615 -24696
6105 -46875 -24350
6105 -41490 -24276
6105 -45765 -23756
6105 -46470 -23814
6105 -46875 -22935
6105 -38760 -22992
6105 -41400 -23534
6105 -46875 -24212
6105 -43080 -24487
6105 -46575 -23441
6105 -47280 -23936
6105 -46785 -23642
6105 -40080 -24247
6105 -46170 -24247
6105 -46875 -25139
6320 -41385 -24665
6320 -39975 -24227
6320 -46185 -24066
6320 -46575 -24672
6320 -39150 -24419
6320 -41490 -24765
6320 -46470 -24293
6320 -37955 -22801
6320 -46470 -24352
6320 -42365 -24165
6320 -46470 -24294
6320 -42975 -24071
6320 -43335 -24895
6320 -43290 -24796
6320 -46170 -24578
6320 -43080 -24528
6320 -46470 -25306
6320 -46875 -24648
6445 -43170 -23623
6445 -46875 -23938
6445 -46380 -21426
6445 -46470 -21970
6445 -39975 -22154
6445 -46575 -22182
6445 -43290 -21862
6445 -38175 -21742
6445 -46785 -23001
6445 -38660 -22847
6445 -45060 -21730
6625 -46275 -21009
6625 -46380 -20479
6625 -46365 -21192
6625 -41490 -20834
6625 -41580 -20350
6625 -42520 -21998
6625 -46470 -21176
6625 -46380 -20189
6625 -46575 -20051
6625 -40170 -19802
6625 -40110 -21725
6625 -39625 -22576
6625 -46875 -22175
6625 -46365 -21239
6625 -46380 -22686
6625 -46875 -22781
6625 -46080 -21731
6625 -42975 -22565
6625 -46485 -20974
6625 -46170 -21438
6625 -41400 -21310
6625 -46575 -21256
6625 -46365 -21596
6625 -46380 -22549
6625 -38615 -22207
6625 -46065 -21978
6625 -43865 -21591
6625 -41490 -21447
7025 -41490 -21496
7025 -40350 -20984
7025 -39570 -20328
7025 -44010 -20800
7025 -41810 -22781
7025 -45255 -21693
7025 -46275 -20081
7025 -38610 -20878
7025 -46185 -20669
7025 -45765 -21066
8420 -46380 -22003
8420 -46470 -21813
8420 -41475 -21534
8420 -46875 -21520
8420 -45870 -21866
8420 -46875 -21982
8420 -43290 -23194
8420 -46470 -20352
8420 -46470 -20371
8420 -46380 -20370
8420 -46395 -20648
8420 -40320 -21221
8420 -46470 -21553
8420 -40725 -22344
8420 -46875 -22783
8420 -46170 -21837
8420 -41490 -19470
8420 -46170 -19249
8420 -40315 -19263
8420 -46875 -21807
8420 -46275 -21720
8420 -46470 -22419
8420 -46485 -21831
8420 -46470 -21175
8420 -41490 -20627
8420 -39440 -21213
8420 -41475 -21808
8420 -39975 -20493
8420 -40500 -21228
8420 -46470 -23155
8420 -42290 -22044
8420 -42340 -21098
8420 -40700 -21425
8420 -46380 -19776
9215 -39075 -20558
9215 -46875 -20776
9215 -46875 -22221
9215 -45960 -21537
9215 -43665 -22459
9215 -46470 -21786
9215 -46365 -22086
9215 -41385 -22730
9215 -46875 -22620
9215 -46575 -23210
9215 -41560 -21278
9215 -38175 -20755
9215 -39435 -21058
9215 -46485 -21466
9215 -46875 -21318
9215 -41180 -21627
9215 -46785 -20374
9215 -38080 -18769
9215 -45975 -19828
9215 -42975 -21107
9215 -40840 -20545
9215 -46170 -21139
9215 -40880 -21561
9215 -46275 -22490
13005 -46575 -21801
13005 -41490 -21595
13005 -46380 -18140
13005 -41475 -19521
13005 -41680 -18872
13005 -46875 -19919
13005 -46575 -21175
13005 -46980 -21744
13005 -46875 -19367
13005 -46365 -19149
13005 -42360 -18468
13005 -45885 -19043
13005 -41490 -21198
13005 -37680 -20378
13005 -42295 -21409
13005 -46470 -20758
13005 -46365 -20097
13005 -41615 -19704
13005 -46470 -19312
13005 -38960 -19340
13005 -43500 -19796
13005 -37165 -19711
13005 -46875 -18610
13005 -39035 -19942
13305 -42570 -19989
13305 -40080 -17909
13305 -45165 -18967
13305 -41070 -19279
13305 -46380 -19437
13305 -38175 -19559
13305 -43110 -19848
13305 -43410 -18228
13305 -46470 -19108
13305 -46170 -18912
13305 -46380 -18118
13305 -41490 -18504
13305 -39400 -19074
13305 -45885 -17770
13305 -46170 -18085
13305 -41385 -17206
13305 -46380 -17677
13305 -39020 -18220
13305 -46875 -17603
13305 -40665 -18212
13305 -40005 -17916
13305 -46380 -18953
13305 -46470 -19426
13305 -38720 -18504
13305 -37835 -18149
13305 -38910 -18757
13305 -45975 -18170
13305 -38355 -17942
13305 -41320 -18539
13305 -41490 -18077
13305 -39960 -18716
14155 -41350 -17244
14155 -39090 -16993
14155 -39430 -14491
14155 -39435 -16535
14155 -46875 -15471
14155 -46380 -16002
14155 -46470 -16922
14155 -39090 -16067
14155 -46470 -16753
14155 -39975 -16771
14155 -46785 -17743
14155 -45975 -16169
14155 -39990 -17173
14155 -42450 -16557
14155 -41490 -16784
14155 -46065 -18942
20365 -45045 -18215
20365 -43365 -18454
20365 -46470 -18000
20365 -38175 -17523
20365 -43010 -17308
21365 -46170 -15249
21365 -45960 -15701
21365 -37470 -14994
21365 -38700 -14777
21365 -42060 -14422
21365 -38790 -15013
21365 -46785 -15853
21365 -43080 -15017
21365 -38915 -15727
21365 -38770 -13461
21365 -40560 -14547
21365 -42075 -14629
21365 -40085 -15019
21365 -42975 -14719
21365 -46470 -14127
21365 -38175 -15143
21365 -40060 -15416
23475 -46470 -16200
23475 -37770 -14513
23475 -46590 -16846
23475 -43100 -15036
23475 -38175 -14003
23475 -39310 -14194
25045 -45270 -13431
25045 -46470 -12781
25255 -46800 -13047
25255 -46170 -13629
25255 -46470 -14805
25255 -41550 -13032
25255 -46800 -13560
25255 -42770 -13289
25255 -46875 -14742
25255 -46170 -14997
25255 -40735 -14376
25255 -46785 -15849
25255 -46875 -15875
26885 -39110 -12917
26885 -39420 -13926
26885 -41565 -12954
26885 -39075 -12029
26885 -37715 -10896
26885 -46065 -10986
26885 -38175 -10786
26885 -39540 -11088
26885 -38175 -11296
26885 -46470 -12396
26885 -40425 -12304
26885 -46170 -12888
26885 -46785 -12495
26885 -40875 -11207
26885 -38175 -11115
26885 -38175 -11052
27275 -43290 -12116
27275 -41475 -13574
27275 -41450 -13916
27275 -41385 -13009
27535 -39310 -14618
27535 -40205 -13551
27535 -46470 -13157
27535 -41580 -13661
27535 -40205 -12764
27535 -46170 -13672
27535 -46875 -12701
27535 -46170 -13685
27535 -43365 -13217
27535 -46170 -12610
27535 -42990 -14256
27535 -42960 -12654
27535 -43365 -12243
27535 -46185 -12145
27535 -43605 -12237
27535 -46380 -11832
27535 -41475 -12471
27535 -39335 -11011
27535 -40505 -12806
27535 -46170 -14829
27535 -42900 -13089
27535 -46575 -13359
27535 -46170 -13340
27535 -43290 -12745
27535 -46875 -13265
27535 -46170 -13725
27535 -43365 -13930
27535 -46170 -14074
27535 -46470 -13248
27535 -41515 -13391
27535 -42180 -13023
27535 -46875 -13367
27535 -41490 -11396
27535 -46470 -13714
27535 -43135 -14308
27535 -46875 -13675
27535 -46875 -13052
27535 -46470 -11399
27535 -46275 -11525
27535 -46170 -11512
27535 -46065 -13331
27535 -41480 -12344
27535 -46065 -12217
27535 -43335 -11652
27535 -43290 -11595
27535 -46380 -12250
27535 -46380 -10324
27535 -46080 -12847
27535 -42825 -10993
27535 -40770 -10850
27535 -46470 -12142
27535 -46980 -12260
27535 -46875 -10223
27535 -46470 -12496
27535 -46275 -11981
27535 -45045 -10580
27535 -46275 -11449
27535 -38910 -10638
27535 -39510 -11558
27535 -46170 -13021
27535 -46575 -11546
27925 -43290 -10735
27925 -46185 -9991
27925 -46170 -10209
27925 -46470 -10997
27925 -42755 -11937
27925 -42150 -9671
27925 -46470 -11542
27925 -46470 -12282
27925 -46890 -10724
27925 -46875 -10013
27925 -46875 -11830
27925 -46875 -11336
27925 -46065 -13593
27925 -46470 -10378
27925 -46875 -9877
27925 -46890 -9488
27925 -46875 -8029
27925 -46875 -9207
27925 -44955 -8588
27925 -46065 -7924
27925 -45960 -8566
27925 -46470 -9480
27925 -46170 -9466
28055 -46470 -10261
28055 -46395 -7787
28055 -43140 -10739
28055 -46470 -10230
28055 -45690 -13769
28055 -46065 -11254
28055 -46470 -8562
28055 -41750 -9249
28055 -39240 -7963
28055 -46065 -11636
28055 -46470 -11331
28055 -42335 -11334
28055 -46485 -10591
28055 -38175 -8416
28055 -38970 -9144
28055 -41385 -7960
28055 -41880 -9783
28055 -46170 -8631
28055 -40020 -8101
28055 -46470 -9451
28055 -41490 -11441
28055 -46470 -9777
28055 -41190 -7487
28055 -46875 -8648
28055 -46485 -10465
28055 -46470 -10955
28055 -46470 -9492
28055 -40575 -8155
28055 -39940 -7725
28055 -40710 -10313
28055 -41490 -7709
28055 -40970 -8525
28055 -46470 -9786
28055 -46470 -9332
28055 -39590 -7862
28055 -46470 -8848
28185 -46470 -10438
28185 -46080 -9344
28185 -46470 -8191
28185 -46875 -7129
28185 -38175 -7495
28185 -46470 -8341
28185 -38635 -9429
28185 -41810 -9153
28185 -46875 -5954
28185 -43005 -5756
28315 -42895 -8186
28315 -41490 -8508
28315 -46875 -7361
28315 -46980 -5098
28315 -41385 -5174
28315 -47280 -6422
28315 -46575 -5492
28315 -46875 -5142
28315 -46470 -3657
28315 -40380 -4459
28315 -46170 -3024
28315 -36285 -3001
28315 -36400 -4241
28315 -36120 -5032
28315 -36805 -3913
28315 -36090 -4517
28315 -46875 -5620
28315 -46470 -4735
28315 -37840 -2021
28315 -39410 -3980
28315 -41490 -2135
28315 -37075 -3496
28315 -46875 -4828
28315 -40185 -4404
28315 -45660 -6319
28315 -41385 -6224
28315 -38915 -5402
28315 -39230 -5553
28315 -45660 -5084
28315 -46875 -3568
28315 -35865 -3098
28315 -38175 -4380
28315 -36715 -5470
28315 -40150 -6650
28315 -45480 -5630
28315 -37680 -4040
28315 -39015 -4596
28315 -41415 -4829
28315 -37465 -2289
28315 -41390 -4387
28315 -38175 -4189
28315 -38850 -3347
28315 -46470 -2050
28315 -36835 376
28315 -39295 -972
28315 -35995 -860
28315 -38955 -223
28315 -41490 -2015
28315 -46980 -63
28315 -39735 -611
28315 -39110 280
28315 -35280 1343
28315 -38310 -18
28315 -39010 -2948
28315 -40380 -1164
28315 -39880 -3033
28315 -37915 -619
28315 -41350 -2240
28315 -46980 -2028
28315 -36285 -971
28445 -36655 -2661
28445 -39250 -1396
28445 -37055 -1040
28445 -38410 -703
28445 -46170 -1286
28445 -41475 -959
28445 -35090 -1184
28445 -34170 39
28445 -39320 -1463
28445 -46275 -102
28445 -40475 233
28445 -36555 1020
28445 -36090 -102
28445 -37055 -486
28445 -40205 3143
28445 -37165 830
28445 -41205 2247
28445 -37055 3081
28445 -40405 3481
28445 -39680 1837
28445 -40675 2292
28445 -42870 614
28445 -37430 4388
28445 -38245 1951
28445 -37785 2148
28445 -34660 3874
28445 -40205 1694
28445 -40665 1081
28445 -35740 801
28445 -39015 2752
28445 -40305 2148
28445 -40305 1611
28445 -46980 1372
28445 -38570 2255
28445 -35375 3929
28445 -37145 3415
28445 -35225 2251
28445 -46890 825
28445 -34900 1365
28445 -46470 2045
28445 -34955 6337
28445 -38455 5785
28445 -34275 4771
28445 -40665 8446
28445 -38355 7781
28445 -35525 6516
28445 -36105 7548
28445 -37525 7785
28445 -35675 4851
28445 -34200 4398
28445 -38515 6378
28445 -41385 8511
28445 -34330 10574
28445 -33350 8726
28445 -35970 4532
28445 -34320 8093
28445 -37880 5334
28445 -36210 7143
28445 -38595 5664
28445 -35375 5801
28445 -33870 9547
28445 -33870 7843
28445 -35970 7379
28445 -37710 4931
28445 -36895 5156
28445 -36155 6870
28445 -36940 4816
28445 -35135 4951
28445 -36385 5510
28445 -40740 2918
28445 -46875 7573
28445 -34200 10784
28445 -35190 10347
28445 -33870 10434
28445 -33570 11057
28445 -37130 8065
28445 -37875 9097
28445 -35105 9336
28445 -34315 5717
28445 -33870 8160
28445 -35245 10131
28445 -33925 10698
28445 -34715 8256
28445 -34170 7793
28445 -37055 8705
28445 -36775 8413
28445 -36195 9206
28445 -34105 12221
28445 -46470 9494
28445 -34315 10205
28445 -33490 9048
28445 -39210 10555
28445 -38410 11026
28445 -33870 11250
28445 -45150 9826
28445 -33135 10790
28445 -35915 9402
28445 -34170 10709
28445 -34430 9705
28445 -35155 9842
28445 -46470 10576
28445 -34170 8677
28445 -35850 8737
28445 -34170 9356
28445 -35560 10146
28445 -38175 10497
28445 -35105 10562
28445 -46170 14128
28445 -33870 11820
28445 -33870 12285
28445 -34170 12118
28445 -38070 10196
28445 -38175 11749
28445 -32785 16769
28445 -33615 13506
28445 -38070 14297
28445 -34785 13714
28445 -35380 11468
28445 -34720 12753
28445 -35945 12455
28445 -34200 12867
28445 -35740 11298
28445 -35515 10076
28445 -36520 11775
28445 -34170 10305
28445 -33530 12448
28445 -35460 13497
28445 -36065 11633
28445 -35595 11539
28445 -32710 13526
28445 -35250 14719
28445 -35970 11339
28445 -33970 13742
28445 -34170 17270
28445 -34405 15837
28445 -34960 18712
28445 -34785 15593
28445 -34170 16010
28445 -36780 14268
28445 -34860 14397
28445 -33570 14692
28445 -35970 15513
28445 -37655 15862
28445 -34695 14770
28445 -35155 13370
28445 -34840 15801
28445 -34785 16474
28445 -32800 15487
28445 -34470 16454
28445 -38070 16489
28445 -46875 15188
28445 -34485 16971
28445 -38070 14870
28445 -33570 14689
28445 -31920 18685
28445 -33870 17942
28445 -36325 14217
28445 -34375 15553
28445 -37165 15503
28445 -34855 13583
28445 -38070 14030
28445 -35545 16025
28445 -33315 16659
28445 -35035 13039
28445 -31470 21162
28445 -33975 19061
28445 -33290 21699
28445 -33875 19020
28445 -33685 18991
28445 -32690 18379
28445 -32735 20101
28445 -31895 18848
28445 -34170 18650
28445 -34020 19621
28445 -32310 20381
28445 -31980 18259
28445 -33770 18530
28445 -33510 21020
28445 -33570 18569
28445 -33870 19212
28445 -34430 19210
28445 -29480 21449
28445 -34715 18586
28445 -32290 19178
28445 -34510 19610
28445 -34510 20430
28445 -36740 16838
28445 -35455 19532
28445 -32135 22005
28445 -35570 21450
28445 -33855 19193
28445 -34170 20454
28445 -34485 20433
28445 -33495 20895
28445 -34285 19175
28445 -33685 21097
28445 -34425 21869
28445 -36995 21418
28445 -32985 21939
28445 -34740 20249
28445 -35230 22868
28445 -34285 23196
28445 -34835 20162
28445 -34350 21581
28445 -34275 21571
28445 -34265 23172
28445 -33415 21768
28445 -34865 22251
28445 -34540 21696
28445 -35655 20821
28445 -33460 22644
28445 -34095 21672
28445 -32310 21633
28445 -32185 21733
28445 -32075 21226
28445 -34370 21411
28445 -33375 24275
28445 -33275 23551
28445 -33860 22887
28445 -33155 21512
28445 -33090 22361
28445 -35710 23455
28445 -33525 20651
28445 -33635 24335
28445 -34565 20550
28445 -35780 20653
28445 -33255 23430
28445 -32520 24500
28445 -33360 25306
28445 -33175 25749
28445 -33520 22282
28445 -33175 26170
28445 -39760 24444
28445 -35045 23490
28445 -34070 25753
28445 -33805 25289
28445 -35070 27539
28445 -33215 25764
28445 -31670 24520
28445 -32985 24915
28445 -34735 27102
28445 -35030 23512
28445 -34020 23515
28445 -33955 26637
28445 -35340 23456
28445 -33435 24521
28445 -37125 23512
28445 -35375 25724
28445 -37005 25320
28445 -39865 25240
28445 -33960 26610
28445 -34445 25712
28445 -35375 23895
28445 -39865 23292
28445 -35335 22915
28445 -33620 27108
28445 -39490 24684
28445 -39095 24711
28445 -39795 25145
28445 -33655 25768
28445 -39545 26551
28445 -35625 23899
28445 -36320 25696
28445 -33590 26620
28445 -34245 25719
28445 -39095 23965
28445 -34045 23058
28445 -33745 26183
28445 -33455 26196
28445 -39760 23840
28445 -41275 23318
28445 -33790 24389
28445 -41415 25632
28445 -39755 24765
28445 -39865 22922
28445 -39755 23825
28445 -39690 23903
28445 -33950 24816
28445 -39755 25640
28445 -34075 24814
28445 -41415 26058
28445 -40435 23833
28445 -34140 25209
28445 -39865 25208
28445 -34300 25693
28445 -39420 21509
28445 -39760 24235
28445 -39095 24797
28445 -39795 26057
28445 -41415 23740
28445 -33900 25718
28445 -41415 23231
28445 -34065 26588
28445 -39760 25234
28445 -35795 20694
28445 -33220 26224
28445 -35440 24747
28445 -34235 24794
28445 -34060 26147
28445 -38615 25221
28445 -39795 25630
28445 -36490 24281
28445 -39475 24329
28445 -39865 24712
28445 -34935 24320
28445 -35625 22539
28445 -39865 25176
28445 -33970 24356
28445 -34125 24854
28445 -38615 24283
28445 -40050 21509
28445 -34245 24343
28445 -39795 24764
28445 -33795 24370
28445 -40435 22926
28445 -35135 25709
28445 -38155 23850
28445 -34200 24286
28445 -39795 24326
28445 -39865 23851
28445 -39755 24264
28445 -35110 25662
28445 -35265 24782
28445 -40435 23349
28445 -38680 26111
28445 -34770 25690
28445 -38615 24262
28445 -39685 22953
28445 -39490 25139
28445 -33960 25235
28445 -35780 24311
28445 -39095 24344
28445 -33655 26166
28445 -39795 25202
28445 -35225 25218
28445 -35385 23419
28445 -35440 24718
28445 -31600 27128
28445 -35375 23808
28445 -35050 24305
28445 -39490 24277
28445 -39795 23771
28445 -34735 25668
28445 -35795 20170
28445 -39475 25174
28445 -36900 23861
28445 -39540 24256
28445 -35650 24767
28445 -39545 25641
28445 -34230 24392
28445 -35705 24243
28445 -35795 26110
28445 -34735 24770
28445 -41415 22454
28445 -34925 22136
28445 -35300 22531
28445 -39760 21624
28445 -34075 25306
28445 -35240 24755
28445 -36725 23389
28445 -33825 23060
28445 -39865 21503
28445 -34045 23904
28445 -35380 23379
28445 -39760 25630
28445 -39865 23320
28445 -37055 27026
28445 -34255 23452
28445 -35795 22901
28445 -35005 22941
28445 -33380 25796
28445 -39485 24804
28445 -39760 22398
28445 -34755 22533
28445 -39095 23400
28445 -39755 24703
28445 -39795 23751
28445 -33745 25726
28445 -34635 24334
28445 -34245 22583
28445 -39795 23434
28445 -33865 22522
28445 -39795 25192
28445 -39485 24294
28445 -37225 22449
28445 -35060 24748
28445 -39095 22030
28445 -35615 22596
28445 -39485 23472
28445 -38675 24725
28445 -39485 25223
28445 -39490 22904
28445 -39795 22838
28445 -37205 23882
28445 -36160 24795
28445 -39755 25114
28445 -35655 24716
28445 -34105 24363
28445 -39795 23369
28445 -34075 23868
28445 -34550 24822
28445 -33990 23897
28445 -34060 23467
28445 -39760 23354
28445 -39685 22952
28445 -36490 23881
28445 -35440 24292
28445 -39760 22954
28445 -35255 24329
28445 -35570 23334
28445 -34365 24403
28445 -34365 25301
28445 -39865 25194
28445 -39865 25139
28445 -39690 23328
28445 -39755 23884
28445 -35400 22999
28445 -39760 22428
28445 -34770 22946
28445 -39490 23007
28445 -35335 23405
28445 -39485 22833
28445 -34710 24335
28445 -36375 21142
28445 -38615 22976
28445 -39795 25571
28445 -38680 24737
28445 -35485 23896
28445 -34140 25675
28445 -35795 23411
28445 -35200 24329
28445 -39865 22424
28445 -35450 21583
28445 -34935 22062
28445 -34880 24728
28445 -39795 22351
28445 -34090 22523
28445 -35045 23877
28445 -39485 23850
28445 -39795 22371
28445 -35485 23001
28445 -39420 25647
28445 -34670 23865
28445 -38755 24218
28445 -34815 22951
28445 -41415 25526
28445 -39490 25199
28445 -34365 25229
28445 -34505 25201
28445 -35240 23383
28445 -35480 23418
28445 -38675 23347
28445 -39490 21893
28445 -35075 23373
28445 -34075 23413
28445 -38675 22345
28445 -35275 25219
28445 -35745 22913
28445 -39420 24311
28445 -39795 21887
28445 -39490 24765
28445 -37135 25251
28445 -35055 22528
28445 -39760 20961
28445 -39795 22401
28445 -39485 23819
28445 -39865 23278
28445 -39865 23373
28445 -33495 24870
28445 -35250 26150
28445 -36190 22460
28445 -35350 23036
28445 -38155 24768
28445 -38675 22376
28445 -39690 22868
28445 -38675 22537
28445 -39095 23873
28445 -39865 24760
28445 -35010 24718
28445 -35005 21591
28445 -39865 25574
28445 -36290 24298
28445 -39755 23292
28445 -39690 21011
28445 -39545 23361
28445 -41415 24222
28445 -39760 22302
28445 -39690 23309
28445 -39760 21543
28445 -39865 23367
28445 -39095 22036
28445 -40875 23723
28445 -34140 25276
28445 -35115 24790
28445 -38615 25665
28445 -34835 25285
28445 -34800 25669
28445 -33825 24768
28445 -36420 20617
28445 -39490 21528
28445 -39485 23785
28445 -36080 21975
28445 -41445 22944
28445 -34075 24347
28445 -39755 24302
28445 -33595 24379
28445 -35795 21093
28445 -39795 21601
28445 -37055 24230
28445 -33700 25240
28445 -41415 22022
28445 -39755 23441
28445 -39420 24729
28445 -34365 22514
28445 -39865 22376
28445 -39865 21467
28445 -35340 22945
28445 -36230 23833
28445 -39755 22999
28445 -39760 23777
28445 -35110 22064
28445 -39690 24230
28445 -39795 23785
28445 -39795 23355
28445 -39755 22372
28445 -39485 22514
28445 -39475 22481
28445 -34815 26126
28445 -38675 24293
28445 -39755 21867
28445 -35980 21587
28445 -34065 25294
28445 -34480 19742
28445 -39755 24366
28445 -35825 26148
28445 -34935 23381
28445 -39865 23753
28445 -34140 24808
28445 -36900 24697
28445 -39795 22391
28445 -39865 23333
28445 -39420 21985
28445 -39490 24763
28445 -40435 20638
28445 -33660 26609
28445 -39760 21986
28445 -34130 24771
28445 -34835 23904
28445 -39755 24276
28445 -39795 21965
28445 -39545 25077
28445 -39865 23321
28445 -35485 25247
28445 -35070 22453
28445 -36090 23802
28445 -35610 20591
28445 -41445 21055
28445 -40435 22060
28445 -39865 22527
28445 -39865 24337
28445 -39795 22333
28445 -39760 21462
28445 -37100 23806
28445 -33585 22564
28445 -39865 22966
28445 -36290 22477
28445 -36050 23395
28445 -39760 22447
28445 -35145 21610
28445 -39755 19626
28445 -34175 22978
28445 -39795 20212
28445 -34015 24369
28445 -34710 22074
28445 -35850 21132
28445 -39545 21066
28445 -38615 24689
28445 -39760 22983
28445 -34935 24298
28445 -39795 22873
28445 -39865 24776
28445 -35655 23865
28445 -39760 22814
28445 -39865 22830
28445 -39540 23354
28445 -36725 21052
28445 -35365 24385
28445 -33825 23885
28445 -34635 26159
28445 -39760 21959
28445 -36325 24799
28445 -39865 21943
28445 -35350 20605
28445 -34215 25216
28445 -39485 22001
28445 -34740 23877
28445 -39690 19640
28445 -35825 23395
28445 -35135 22150
28445 -39420 22864
28445 -38675 22887
28445 -41445 24223
28445 -41275 23318
28445 -35480 24347
28445 -39760 24257
28445 -33755 24361
28445 -39425 21532
28445 -39760 20584
28445 -38705 24312
28445 -34940 22490
28445 -36900 23856
28445 -40735 22501
28445 -35625 23864
28445 -39865 22440
28445 -39690 22883
28445 -38680 21930
28445 -39685 24694
28445 -34430 23460
28445 -34915 23879
28445 -39755 20614
28445 -36390 21604
28445 -35795 22921
28445 -39690 22810
28445 -40875 19560
28445 -38675 24719
28445 -39095 23848
28445 -36290 22914
28445 -39755 21959
28445 -37055 23376
28445 -39795 20594
28445 -35745 20287
28445 -39865 21133
28445 -39865 22481
28445 -39795 22879
28445 -41445 23831
28445 -39795 23752
28445 -39760 23353
28445 -39485 22000
28445 -39760 23339
28445 -39755 23327
28445 -39760 23278
28445 -39760 21977
28445 -36190 22540
28445 -39685 23757
28445 -39760 24268
28445 -33690 24351
28445 -35440 23381
28445 -39485 22477
28445 -39865 23325
28445 -34945 23889
28445 -35450 22543
28445 -38675 22881
28445 -39755 20577
28445 -39755 21041
28445 -39865 21959
28445 -39865 23261
28445 -35345 22900
28445 -35085 24775
28445 -35605 23402
28445 -39795 23813
28445 -35085 24733
28445 -36630 23398
28445 -39760 19165
28445 -35085 23873
28445 -39490 22398
28445 -39760 20636
28445 -39795 24213
28445 -41415 23319
28445 -39485 20250
28445 -39095 21970
28445 -38215 22961
28445 -40875 21078
28445 -34245 18042
28445 -39490 20981
28445 -35665 18381
28445 -39690 23913
28445 -36630 22853
28445 -39795 21900
28445 -39760 21927
28445 -36120 21614
28445 -39760 21845
28445 -34095 22995
28445 -35655 21167
28445 -39865 20564
28445 -39755 20132
28445 -35375 23014
28445 -39795 20506
28445 -38680 23400
28445 -34300 26168
28445 -34980 25199
28445 -39865 21121
28445 -35795 20664
28445 -38705 20589
28445 -35300 22970
28445 -39865 20600
28445 -35070 20697
28445 -39865 22400
28445 -35785 21515
28445 -35355 24281
28445 -39755 22069
28445 -38650 24299
28445 -38675 22475
