-73140	-64255	-68685
-21195	-64255	-57933
-21195	-60250	-54947
-20310	-58470	-52039
-19705	-56840	-49230
-19705	-55390	-45662
-19300	-53705	-41080
-19300	-50615	-36262
-19300	-43400	-32203
-19300	-38215	-29354
-19300	-32060	-26744
-19300	-29900	-25476
-19300	-26570	-24572
-19300	-25710	-23948
-19300	-25710	-23256
-19300	-25205	-22411
-19300	-22905	-21598
-19300	-22905	-21201
-18195	-21275	-20987
-18195	-21275	-20923
-18195	-21275	-20819
-17085	-21275	-20591
-17085	-21195	-20439
-17085	-20595	-20250
-17085	-20570	-20173
-7845	-20445	-19823
-7845	-20445	-19699
-7845	-20310	-19574
-7845	-20310	-19343
-7845	-20065	-19226
-7845	-19935	-19104
-7845	-19640	-19025
-7845	-19640	-18937
-7845	-19395	-18912
-7845	-19395	-18867
-7845	-19300	-18850
-7845	-19300	-18832
-7845	-19300	-18807
-7845	-19300	-18766
-7845	-19250	-18724
-7845	-19250	-18685
-7845	-19055	-18657
-7845	-19055	-18657
-7845	-19055	-18657
4030	-19055	-18196
4030	-19055	-18190
4030	-19055	-18179
4030	-19055	-18108
4030	-19055	-17701
4030	-19055	-17611
4030	-19055	-17481
4030	-18775	-17347
4030	-18775	-17152
4030	-18195	-17025
4030	-18195	-17004
4030	-18195	-16717
4030	-18195	-16411
4030	-18195	-16156
4030	-18195	-15875
4030	-17670	-15596
4030	-17670	-15067
4030	-17085	-14742
4030	-16465	-14521
4030	-16465	-14288
4030	-15730	-14112
4030	-15730	-13933
4030	-15705	-13755
4030	-14835	-13633
4030	-14835	-13356
4030	-14835	-13341
4030	-14835	-13312
4030	-14835	-13254
4030	-14835	-13097
4030	-14835	-12924
4030	-14835	-12725
4030	-14110	-12529
4030	-14110	-12310
4030	-14110	-12037
4030	-14110	-11605
4030	-12745	-11179
4030	-12745	-10921
4030	-12745	-10333
4030	-12745	-9723
4030	-12745	-9066
4030	-9935	-8717
4030	-9935	-8482
4030	-9555	-8355
4030	-9555	-8223
4030	-9085	-8092
16445	-9085	-7432
16445	-9085	-7239
16445	-9085	-7039
16445	-8150	-6903
16445	-8150	-6854
16445	-8150	-6793
16445	-8150	-6732
16445	-7845	-6689
16445	-7845	-6689
16445	-7845	-6689
16445	-7845	-6689
16445	-7845	-6689
16445	-7845	-6689
16445	-7845	-6689
16445	-7845	-6689
16445	-7845	-6585
16445	-7845	-6546
16445	-7845	-6469
16445	-7845	-6314
16445	-7845	-6006
16445	-7845	-5620
16445	-7845	-5234
16445	-5915	-4963
16445	-5915	-4963
16445	-5915	-4963
16445	-5915	-4963
16445	-5915	-4963
16445	-5915	-4628
16445	-5915	-4625
16445	-5915	-4535
16445	-5915	-4191
16445	-5915	-3991
16445	-5915	-3624
16445	-5915	-3026
16445	-5755	-2411
16445	-5755	-1782
16445	-3135	-1625
16445	-2610	-1552
16445	-2610	-1552
16445	-2610	-1552
16445	-2610	-1552
16445	-2610	-1552
16445	-2610	-1552
16445	-2610	-1552
16445	-2610	-1552
16445	-2610	-1552
16445	-2610	-1552
16445	-2610	-1552
16445	-2610	-1552
16445	-2610	-1552
16445	-2610	-1552
16445	-2610	-1241
16445	-2610	-1198
16445	-2610	-1149
16445	-2610	-1051
16445	-2610	-886
16445	-2610	-711
16445	-2610	-531
16445	-1835	-490
16445	-1710	-473
16445	-1710	-473
16445	-1710	-473
16445	-1710	-473
16445	-1710	-473
16445	-1710	-473
16445	-1710	-473
16445	-1710	-473
16445	-1710	-473
16445	-1710	-473
16445	-1710	-473
16445	-1710	-473
16445	-1710	-473
16445	-1710	-473
16445	-1710	-473
16445	-1710	-473
16445	-1710	-473
16445	-1710	-473
16445	-1710	-473
16445	-1710	-473
16445	-1710	-473
16445	-1710	-473
16445	-1710	-473
16445	-1710	-473
16445	-1710	-473
16445	-1710	220
16445	-1710	244
16445	-1710	293
16445	-1710	391
16445	-1710	530
16445	-1710	679
16445	-1230	799
16445	-965	836
16445	-965	836
16445	-965	836
16445	-965	836
16445	-965	836
16445	-965	836
16445	-965	836
16445	-965	836
16445	-965	965
16445	-965	1065
16445	-965	1265
16445	-965	1665
16445	-965	2464
16445	-965	3463
16445	-965	4462
16445	4030	5161
16445	4030	5161
16445	4030	5161
16445	4030	5161
16445	4030	5161
16445	4030	5161
16445	4030	5161
16445	4030	5161
16445	4030	5161
16445	4030	5161
16445	4030	5300
16445	4030	5330
16445	4030	5389
16445	4030	5507
16445	4030	5743
16445	4030	6038
16445	4030	6333
16445	5505	6539
16445	5505	6539
16445	5505	6539
16445	5505	6539
16445	5505	6539
16445	5505	6539
16445	5505	6539
16445	5505	6539
16445	5505	6539
16445	5505	6539
16445	5505	6539
16445	5505	6539
16445	5505	6539
16445	5505	6539
16445	5505	6539
16445	5505	6539
16445	5505	6539
16445	5505	6539
16445	5505	6539
16445	5505	6539
16445	5505	6539
16445	5505	6559
16445	5505	6579
16445	5505	6618
16445	5505	6698
16445	5505	6856
16445	5505	7054
16445	5505	7252
16445	6495	7391
16445	6495	7391
16445	6495	7391
16445	6495	7391
16445	6495	7476
16445	6495	7503
16445	6495	7557
16445	6495	7665
16445	6495	7944
16445	6495	8250
16445	6495	8591
16445	7845	8895
16445	7845	9180
16445	7845	9536
16445	7845	10040
16445	9625	10277
16445	9625	10324
16445	9625	10417
16445	9625	10603
16445	9625	10836
16445	9625	11069
16445	10790	11232
16445	10790	11232
16445	10790	11232
16445	10790	11232
16445	10790	11232
16445	10790	11232
16445	10790	11232
16445	10790	11232
16445	10790	11232
16445	10790	11232
16445	10790	11232
16445	10790	11232
16445	10790	11232
16445	10790	11341
16445	10790	11343
16445	10790	11345
16445	10790	11349
16445	10790	11437
16445	10790	11451
16445	10790	11468
16445	10845	11486
16445	10845	11508
16445	10845	11536
16445	10845	11564
16445	10985	11584
16445	10985	11584
16445	10985	11584
16445	10985	11665
16445	10985	11704
16445	10985	11781
16445	10985	11937
16445	10985	12247
16445	10985	12635
42165	10985	13647
42165	12925	13916
42165	12925	13989
42165	12925	14136
42165	12925	14580
42165	12925	15053
42165	12925	15455
42165	14760	15672
42165	14760	15750
42165	14760	15832
42165	15055	15873
42165	15135	15883
42165	15175	15932
42165	15175	15934
42165	15175	15937
42165	15175	15943
42165	15175	15956
42165	15175	15972
42165	15175	16054
42165	15255	16080
42165	15255	16112
42165	15255	16177
42165	15255	16305
42165	15255	16466
42165	15255	16627
42165	16060	16740
42165	16060	16904
42165	16060	16907
42165	16060	16914
42165	16060	17053
42165	16060	17089
42165	16060	17134
42165	16060	17186
42165	16240	17237
42165	16240	17278
42165	16240	17335
42165	16445	17372
42165	16445	17396
42165	16445	17445
42165	16445	17594
42165	16445	17734
42165	16445	17869
42165	17055	17954
42165	17055	18002
42165	17055	18061
42165	17055	18120
42165	17350	18159
42165	17350	18159
42165	17350	18159
42165	17350	18195
42165	17350	18211
42165	17350	18231
42165	17350	18271
42165	17350	18343
42165	17350	18445
42165	17350	18563
42165	17555	18645
42165	17940	18703
42165	17940	18707
42165	17940	18716
42165	17940	18733
42165	17940	18767
42165	17940	18810
42165	17940	18853
42165	18155	18883
42165	18155	18883
42165	18155	19088
42165	18155	19088
42165	18155	19089
42165	18155	19091
42165	18155	19095
42165	18155	19100
42165	18155	19138
42165	18180	19147
42165	18180	19283
42165	18180	19324
42165	18180	19406
42165	18180	19509
42165	18180	19654
42165	18485	19777
42165	18485	19882
42165	19010	19956
42165	19010	19956
42165	19010	20158
42165	19010	20161
42165	19010	20166
42165	19010	20178
42165	19010	20201
42165	19010	20230
42165	19010	20259
42165	19155	20280
42165	19155	20280
42165	19155	20280
42165	19155	20280
42165	19155	20280
42165	19155	20280
42165	19155	20280
42165	19155	20422
42165	19155	20434
42165	19155	20459
42165	19155	20509
42165	19155	20608
42165	19155	20732
42165	19155	20856
42165	19775	20943
42165	19775	20943
42165	19775	20943
42165	19775	20943
42165	19775	20943
42165	19775	20943
42165	19775	20943
42165	19775	20943
42165	19775	20943
42165	19775	20943
42165	19775	20943
42165	19775	20943
42165	19775	20943
42165	19775	20943
42165	19775	20943
42165	19775	20943
42165	19775	20943
42165	19775	20943
42165	19775	20943
42165	19775	20943
42165	19775	20943
42165	19775	20943
42165	19775	20943
42165	19775	20943
42165	19775	20943
42165	19775	20943
42165	19775	20943
42165	19775	20943
42165	19775	20943
42165	19775	20943
42165	19775	20943
42165	19775	20943
42165	19775	20943
42165	19775	20943
42165	19775	20943
42165	19775	20943
42165	19775	20957
42165	19775	20972
42165	19775	21001
42165	19775	21060
42165	19775	21176
42165	19775	21322
42165	19775	21468
42165	20505	21571
42165	20505	21571
42165	20505	21571
42165	20505	21571
42165	20505	21571
42165	20505	21571
42165	20505	21571
42165	20505	21571
42165	20505	21945
42165	20505	21980
42165	20505	22051
42165	20505	22192
42165	20505	22475
42165	20505	22828
42165	20505	23181
42165	22270	23428
42165	22270	23428
42165	22270	23428
42165	22270	23428
42165	22270	23428
42165	22270	23428
42165	22270	23428
42165	22270	23428
42165	22270	23428
42165	22270	23428
42165	22270	23428
42165	22270	23428
42165	22270	23428
42165	22270	23428
42165	22270	23428
42165	22270	23428
42165	22270	23428
42165	22270	23428
42165	22270	23428
42165	22270	23428
42165	22270	23428
42165	22270	23428
42165	22270	23428
42165	22270	23428
42165	22270	23428
42165	22270	23428
42165	22270	23428
42165	22270	23428
42165	22270	23428
42165	22270	23428
42165	22270	23428
42165	22270	23583
42165	22270	23623
42165	22270	23701
42165	22270	23858
42165	22270	24173
42165	22270	24566
42165	22270	24959
42165	24235	25234
42165	24235	25234
42165	24235	25234
42165	24235	25234
42165	24235	25234
42165	24235	25234
42165	24235	25460
42165	24235	25463
42165	24235	25469
49295	24235	25982
49295	24235	26047
49295	24235	26153
49295	24235	26335
49295	24385	26653
49295	24385	27032
49295	24385	27411
49295	26280	27676
49295	26280	27676
49295	26280	27676
49295	26280	27676
49295	26280	27676
49295	26280	27676
49295	26280	27676
49295	26280	27676
49295	26280	27676
49295	26280	27676
49295	26280	27676
49295	26280	27676
49295	26280	27676
49295	26280	27676
49295	26280	27676
49295	26280	27676
49295	26280	27676
49295	26280	27676
49295	26280	27676
49295	26280	27676
49295	26280	27676
49295	26280	27676
49295	26280	27676
49295	26280	27676
49295	26280	27676
49295	26280	27676
49295	26280	27676
49295	26280	27676
49295	26280	27676
49295	26280	27815
49295	26280	27857
49295	26280	27941
49295	26280	28109
49295	26280	28445
49295	26280	28865
49295	26280	29388
49295	28380	29654
49295	28380	29683
49295	28380	29741
49295	28380	29856
49295	28380	30000
49295	28380	30144
49295	29100	30245
49295	29100	30245
49295	29100	30245
49295	29100	30245
49295	29100	30245
49295	29100	30245
49295	29100	30245
49295	29100	30245
49295	29100	30245
49295	29100	30245
49295	29100	30245
49295	29100	30245
49295	29100	30245
49295	29100	30245
49295	29100	30245
49295	29100	30245
49295	29100	30245
49295	29100	30245
49295	29100	30245
49295	29100	30245
49295	29100	30245
49295	29100	30278
49295	29100	30297
49295	29100	30335
49295	29100	30411
49295	29100	30563
49295	29100	30753
49295	29100	30943
49295	30050	31076
51605	30050	31507
51605	30050	31594
51605	30050	31651
51605	30050	31764
51605	30050	31961
51605	30050	32211
51605	30050	32488
51605	30770	32636
51605	31435	32729
51605	31435	33168
51605	31435	33242
52275	31435	33805
52275	31435	34561
52275	31435	34999
52275	31435	35495
52275	33205	35882
52275	33335	36256
52275	33335	36699
52275	33685	37079
52275	35550	37340
55065	35550	37730
55065	35550	37804
55065	35550	38353
55065	35550	38797
55065	35550	40031
55065	35550	41564
55065	39225	43457
55065	39225	44989
55065	39225	47180
55065	42165	49018
55065	42185	50886
55065	49295	51470
55065	51505	51780
55065	51505	51780
55065	51505	51780
55065	51505	51780
55065	51505	51780
55065	51505	51780
55065	51505	51780
55065	51505	51780
55065	51505	51838
55065	51505	51840
55065	51505	51844
55065	51505	51852
55065	51505	51868
55065	51505	51888
55065	51505	51908
55065	51605	51922
55065	51605	51922
55065	51605	51922
55065	51605	51922
55065	51605	51922
55065	51605	51922
55065	51605	51922
55065	51605	51991
55065	51605	52074
55065	51605	52180
55065	51605	52301
55065	51605	52557
55065	51605	52909
55065	52275	53323
55065	52275	53696
55065	52275	54200
55065	53605	54436
55065	54415	54652
55065	54415	54711
55065	54665	54753
55065	54665	54775
55065	54665	54797
55065	54775	54813
55065	54775	54813
55065	54775	54813
55065	54775	54813
55065	54775	54813
55065	54775	54813
55065	54775	54813
55065	54775	54813
55065	54775	54813
55065	54775	54813
55065	54775	54813
55065	54775	54813
55065	54775	54813
55065	54775	54813
55065	54775	54813
55065	54775	54813
55065	54775	54813
55065	54775	54813
55065	54775	54813
55065	54775	54813
55325	54775	54824
55325	54775	54827
55325	54775	54833
55325	54775	54845
55325	54775	54880
55325	54775	54913
55325	54775	54948
55325	54925	54977
55325	54925	55000
55325	54925	55028
55325	54925	55056
55325	55065	55075
55325	55065	55075
55325	55065	55075
55325	55065	55075
55325	55065	55081
55325	55065	55081
55325	55065	55081
55325	55065	55086
55325	55065	55091
55325	55065	55091
55325	55065	55091
55325	55065	55091
55325	55065	55091
55325	55065	55091
55325	55065	55091
55325	55065	55091
55325	55065	55091
55325	55065	55091
55325	55065	55091
55325	55065	55091
55325	55065	55091
55325	55065	55091
55325	55065	55096
55325	55065	55096
55325	55065	55101
55325	55065	55101
55325	55065	55101
55325	55065	55107
55325	55065	55112
55325	55065	55122
55325	55065	55143
55325	55065	55185
55325	55065	55237
55325	55065	55289
55325	55325	55325
55325	55325	55325
55325	55325	55325
55325	55325	55325
55325	55325	55325
55325	55325	55325
55325	55325	55325
55325	55325	55325
55325	55325	55325
55325	55325	55325
55325	55325	55325
55325	55325	55325
55325	55325	55325
55325	55325	55325
55325	55325	55325
55325	55325	55325
55325	55325	55325
55325	55325	55325
55325	55325	55325
55325	55325	55325
55325	55325	55325
55325	55325	55325
55325	55325	55325
55325	55325	55325
55325	55325	55325
55325	55325	55325
55325	55325	55325
55325	55325	55325
55325	55325	55325
55325	55325	55325
55325	55325	55325
55325	55325	55325
55325	55325	55325
55325	55325	55325
55325	55325	55325
55325	55325	55325
55325	55325	55325
55325	55325	55325
55325	55325	55325
55325	55325	55325
55325	55325	55325
55325	55325	55325
55325	55325	55325
55325	55325	55325
55325	55325	55325
55325	55325	55325
55325	55325	55325
55325	55325	55325
55325	55325	55325
55325	55325	55325
55325	55325	55325
55325	55325	55325
55325	55325	55325
55325	55325	55325
55325	55325	55325
55325	55325	55325
55325	55325	55325
55325	55325	55325
55325	55325	55325
55325	55325	55325
55325	55325	55325
55325	55325	55325
55325	55325	55325
55325	55325	55325
55325	55325	55325
55325	55325	55325
55325	55325	55325
55325	55325	55325
55325	55325	55325
55325	55325	55325
55325	55325	55325
55325	55325	55325
55325	55325	55325
55325	55325	55325
55325	55325	55325
55325	55325	55325
55325	55325	55325
55325	55325	55325
55325	55325	55325
55325	55325	55325
55325	55325	55325
55325	55325	55325
55325	55325	55325
55325	55325	55325
55325	55325	55325
55325	55325	55325
55325	55325	55325
55325	55325	55325
55325	55325	55325
55325	55325	55325
55325	55325	55325
55325	55325	55325
55325	55325	55325
55325	55325	55325
55325	55325	55325
55325	55325	55325
55325	55325	55325
55325	55325	55325
55325	55325	55325
55325	55325	55325
55325	55325	55325
55325	55325	55325
55325	55325	55325
55325	55325	55325
55325	55325	55325
55325	55325	55325
55325	55325	55325
55325	55325	55325
55325	55325	55325
55325	55325	55325
55325	55325	55325
55325	55325	55325
55325	55325	55325
55325	55325	55325
55325	55325	55325
55325	55325	55325
55325	55325	55325
55325	55325	55325
55325	55325	55325
55325	55325	55325
55325	55325	55325
55325	55325	55325
55325	55325	55325
55325	55325	55325
55325	55325	55325
55325	55325	55325
55325	55325	55325
55325	55325	55325
55325	55325	55325
55325	55325	55325
55325	55325	55325
55325	55325	55325
55325	55325	55325
55325	55325	55325
55325	55325	55325
55325	55325	55325
55325	55325	55325
55325	55325	55325
55325	55325	55325
55325	55325	55325
55325	55325	55325
55325	55325	55325
55325	55325	55325
55325	55325	55325
55325	55325	55325
55325	55325	55325
55325	55325	55325
55325	55325	55325
55325	55325	55325
55325	55325	55325
55325	55325	55325
55325	55325	55325
55325	55325	55325
55325	55325	55325
55325	55325	55325
55325	55325	55325
55325	55325	55325
55325	55325	55325
55325	55325	55325
55325	55325	55325
55325	55325	55325
55325	55325	55325
55325	55325	55325
55325	55325	55325
55325	55325	55325
55325	55325	55325
55325	55325	55325
55325	55325	55325
55325	55325	55325
55325	55325	55325
55325	55325	55325
55325	55325	55325
55325	55325	55325
55325	55325	55325
55325	55325	55325
55325	55325	55325
55325	55325	55325
55325	55325	55325
55325	55325	55325
55325	55325	55325
55325	55325	55325
55325	55325	55325
55325	55325	55325
55325	55325	55325
55325	55325	55325
55325	55325	55325
55325	55325	55325
55325	55325	55325
55325	55325	55325
55325	55325	55325
55325	55325	55325
55325	55325	55325
55325	55325	55325
55325	55325	55325
55325	55325	55325
55325	55325	55325
55325	55325	55325
55325	55325	55325
55325	55325	55325
55325	55325	55325
55325	55325	55325
55325	55325	55325
55325	55325	55325
55325	55325	55325
55325	55325	55325
55325	55325	55325
55325	55325	55325
55325	55325	55325
55325	55325	55325
55325	55325	55325
55325	55325	55325
55325	55325	55325
55325	55325	55325
55325	55325	55325
55325	55325	55325
55325	55325	55325
55325	55325	55325
55325	55325	55325
55325	55325	55325
55325	55325	55325
55325	55325	55325
55325	55325	55325
55325	55325	55325
55325	55325	55325
55325	55325	55325
55325	55325	55325
55325	55325	55325
55325	55325	55325
55325	55325	55325
55325	55325	55325
55325	55325	55325
55325	55325	55325
55325	55325	55325
55325	55325	55325
55325	55325	55325
55325	55325	55325
55325	55325	55325
55325	55325	55325
55325	55325	55325
55325	55325	55325
55325	55325	55325
55325	55325	55325
55325	55325	55325
55325	55325	55325
55325	55325	55325
55325	55325	55325
55325	55325	55325
55325	55325	55325
55325	55325	55325
55325	55325	55325
55325	55325	55325
55325	55325	55325
55325	55325	55325
55325	55325	55325
55325	55325	55325
55325	55325	55325
55325	55325	55325
55325	55325	55325
55325	55325	55325
55325	55325	55325
55325	55325	55325
55325	55325	55325
55325	55325	55325
55325	55325	55325
55325	55325	55325
55325	55325	55325
55325	55325	55325
55325	55325	55325
55325	55325	55325
55325	55325	55325
55325	55325	55325
55325	55325	55325
55325	55325	55325
55325	55325	55325
55325	55325	55325
55325	55325	55325
55325	55325	55325
55325	55325	55325
55325	55325	55325
55325	55325	55325
55325	55325	55325
55325	55325	55325
55325	55325	55325
55325	55325	55325
55325	55325	55325
55325	55325	55325
55325	55325	55325
55325	55325	55325
55325	55325	55325
55325	55325	55325
55325	55325	55325
55325	55325	55325
55325	55325	55325
55325	55325	55325
55325	55325	55325
55325	55325	55325
55325	55325	55325
55325	55325	55325
55325	55325	55325
55325	55325	55325
55325	55325	55325
55325	55325	55325
55325	55325	55325
55325	55325	55325
55325	55325	55325
55325	55325	55325
55325	55325	55325
55325	55325	55325
55325	55325	55325
55325	55325	55325
55325	55325	55325
55325	55325	55325
55325	55325	55325
55325	55325	55325
55325	55325	55325
55325	55325	55325
55325	55325	55325
55325	55325	55325
55325	55325	55325
55325	55325	55325
55325	55325	55325
55325	55325	55325
55325	55325	55325
55325	55325	55325
55325	55325	55325
55325	55325	55325
55325	55325	55325
55325	55325	55325
55325	55325	55325
55325	55325	55325
55325	55325	55325
55325	55325	55325
55325	55325	55325
55325	55325	55325
55325	55325	55325
55325	55325	55325
55325	55325	55325
55325	55325	55325
55325	55325	55325
55325	55325	55325
55325	55325	55325
55325	55325	55325
55325	55325	55325
55325	55325	55325
55325	55325	55325
55325	55325	55325
55325	55325	55325
55325	55325	55325
55325	55325	55325
55325	55325	55325
55325	55325	55325
55325	55325	55325
55325	55325	55325
55325	55325	55325
55325	55325	55325
55325	55325	55325
55325	55325	55325
55325	55325	55325
55325	55325	55325
55325	55325	55325
55325	55325	55325
55325	55325	55325
55325	55325	55325
55325	55325	55325
55325	55325	55325
55325	55325	55325
55325	55325	55325
55325	55325	55325
55325	55325	55325
55325	55325	55325
55325	55325	55325
55325	55325	55325
55325	55325	55325
55325	55325	55325
55325	55325	55325
55325	55325	55325
55325	55325	55325
55325	55325	55325
55325	55325	55325
55325	55325	55325
55325	55325	55325
55325	55325	55325
55325	55325	55325
55325	55325	55325
55325	55325	55325
55325	55325	55325
55325	55325	55325
55325	55325	55325
55325	55325	55325
55325	55325	55325
55325	55325	55325
55325	55325	55325
55325	55325	55325
55325	55325	55325
55325	55325	55325
55325	55325	55325
55325	55325	55325
55325	55325	55325
55325	55325	55325
55325	55325	55325
55325	55325	55325
55325	55325	55325
55325	55325	55325
55325	55325	55325
55325	55325	55325
55325	55325	55325
55325	55325	55325
55325	55325	55325
55325	55325	55325
55325	55325	55325
55325	55325	55325
55325	55325	55325
55325	55325	55325
55325	55325	55325
55325	55325	55325
55325	55325	55325
55325	55325	55325
55325	55325	55325
55325	55325	55325
55325	55325	55325
55325	55325	55325
55325	55325	55325
55325	55325	55325
55325	55325	55325
55325	55325	55325
55325	55325	55325
55325	55325	55325
55325	55325	55325
55325	55325	55325
55325	55325	55325
55325	55325	55325
55325	55325	55325
55325	55325	55325
55325	55325	55325
55325	55325	55325
55325	55325	55325
55325	55325	55325
55325	55325	55325
55325	55325	55325
55325	55325	55325
55325	55325	55325
55325	55325	55325
55325	55325	55325
55325	55325	55325
55325	55325	55325
55325	55325	55325
55325	55325	55325
55325	55325	55325
55325	55325	55325
55325	55325	55325
55325	55325	55325
55325	55325	55325
55325	55325	55325
55325	55325	55325
55325	55325	55325
55325	55325	55325
55325	55325	55325
55325	55325	55325
55325	55325	55325
55325	55325	55325
55325	55325	55325
55325	55325	55325
55325	55325	55325
55325	55325	55325
55325	55325	55325
55325	55325	55325
55325	55325	55325
55325	55325	55325
55325	55325	55325
55325	55325	55325
55325	55325	55325
55325	55325	55325
55325	55325	55325
55325	55325	55325
55325	55325	55325
55325	55325	55325
55325	55325	55325
55325	55325	55325
55325	55325	55325
55325	55325	55325
55325	55325	55325
55325	55325	55325
55325	55325	55325
55325	55325	55325
55325	55325	55325
55325	55325	55325
55325	55325	55325
55325	55325	55325
55325	55325	55325
55325	55325	55325
55325	55325	55325
55325	55325	55325
55325	55325	55325
55325	55325	55325
55325	55325	55325
55325	55325	55325
55325	55325	55325
55325	55325	55325
55325	55325	55325
55325	55325	55325
55325	55325	55325
55325	55325	55325
55325	55325	55325
55325	55325	55325
55325	55325	55325
55325	55325	55325
55325	55325	55325
55325	55325	55325
55325	55325	55325
55325	55325	55325
55325	55325	55325
55325	55325	55325
55325	55325	55325
55325	55325	55325
55325	55325	55325
55325	55325	55325
55325	55325	55325
55325	55325	55325
55325	55325	55325
55325	55325	55325
55325	55325	55325
55325	55325	55325
55325	55325	55325
55325	55325	55325
55325	55325	55325
55325	55325	55325
55325	55325	55325
55325	55325	55325
55325	55325	55325
55325	55325	55325
55325	55325	55325
55325	55325	55325
55325	55325	55325
55325	55325	55325
55325	55325	55325
55325	55325	55325
55325	55325	55325
55325	55325	55325
55325	55325	55325
55325	55325	55325
55325	55325	55325
55325	55325	55325
55325	55325	55325
55325	55325	55325
55325	55325	55325
55325	55325	55325
55325	55325	55325
55325	55325	55325
55325	55325	55325
55325	55325	55325
55325	55325	55325
55325	55325	55325
55325	55325	55325
55325	55325	55325
55325	55325	55325
55325	55325	55325
55325	55325	55325
55325	55325	55325
55325	55325	55325
55325	55325	55325
55325	55325	55325
55325	55325	55325
55325	55325	55325
55325	55325	55325
55325	55325	55325
55325	55325	55325
55325	55325	55325
55325	55325	55325
55325	55325	55325
55325	55325	55325
55325	55325	55325
55325	55325	55325
55325	55325	55325
55325	55325	55325
55325	55325	55325
55325	55325	55325
55325	55325	55325
55325	55325	55325
55325	55325	55325
55325	55325	55325
55325	55325	55325
55325	55325	55325
55325	55325	55325
55325	55325	55325
55325	55325	55325
55325	55325	55325
55325	55325	55325
55325	55325	55325
55325	55325	55325
55325	55325	55325
55325	55325	55325
55325	55325	55325
55325	55325	55325
55325	55325	55325
55325	55325	55325
55325	55325	55325
55325	55325	55325
55325	55325	55325
55325	55325	55325
55325	55325	55325
55325	55325	55325
55325	55325	55325
55325	55325	55325
55325	55325	55325
55325	55325	55325
55325	55325	55325
55325	55325	55325
55325	55325	55325
55325	55325	55325
55325	55325	55325
55325	55325	55325
55325	55325	55325
55325	55325	55325
55325	55325	55325
55325	55325	55325
55325	55325	55325
55325	55325	55325
55325	55325	55325
55325	55325	55325
55325	55325	55325
55325	55325	55325
55325	55325	55325
55325	55325	55325
55325	55325	55325
55325	55325	55325
55325	55325	55325
55325	55325	55325
55325	55325	55325
55325	55325	55325
55325	55325	55325
55325	55325	55325
55325	55325	55325
55325	55325	55325
55325	55325	55325
55325	55325	55325
55325	55325	55325
55325	55325	55325
55325	55325	55325
55325	55325	55325
55325	55325	55325
55325	55325	55325
55325	55325	55325
55325	55325	55325
55325	55325	55325
55325	55325	55325
55325	55325	55325
55325	55325	55325
55325	55325	55325
55325	55325	55325
55325	55325	55325
55325	55325	55325
55325	55325	55325
55325	55325	55325
55325	55325	55325
55325	55325	55325
55325	55325	55325
55325	55325	55325
55325	55325	55325
55325	55325	55325
55325	55325	55325
55325	55325	55325
55325	55325	55325
55325	55325	55325
55325	55325	55325
55325	55325	55325
55325	55325	55325
55325	55325	55325
55325	55325	55325
55325	55325	55325
55325	55325	55325
55325	55325	55325
55325	55325	55325
55325	55325	55325
55325	55325	55325
55325	55325	55325
55325	55325	55325
55325	55325	55325
55325	55325	55325
55325	55325	55325
55325	55325	55325
55325	55325	55325
55325	55325	55325
55325	55325	55325
55325	55325	55325
55325	55325	55325
55325	55325	55325
55325	55325	55325
55325	55325	55325
55325	55325	55325
55325	55325	55325
55325	55325	55325
55325	55325	55325
55325	55325	55325
55325	55325	55325
55325	55325	55325
55325	55325	55325
55325	55325	55325
55325	55325	55325
55325	55325	55325
55325	55325	55325
55325	55325	55325
55325	55325	55325
55325	55325	55325
55325	55325	55325
55325	55325	55325
55325	55325	55325
55325	55325	55325
55325	55325	55325
55325	55325	55325
55325	55325	55325
55325	55325	55325
55325	55325	55325
55325	55325	55325
55325	55325	55325
55325	55325	55325
55325	55325	55325
55325	55325	55325
55325	55325	55325
55325	55325	55325
55325	55325	55325
55325	55325	55325
55325	55325	55325
55325	55325	55325
55325	55325	55325
55325	55325	55325
55325	55325	55325
55325	55325	55325
55325	55325	55325
55325	55325	55325
55325	55325	55325
55325	55325	55325
55325	55325	55325
55325	55325	55325
55325	55325	55325
55325	55325	55325
55325	55325	55325
55325	55325	55325
55325	55325	55325
55325	55325	55325
55325	55325	55325
55325	55325	55325
55325	55325	55325
55325	55325	55325
55325	55325	55325
55325	55325	55325
55325	55325	55325
55325	55325	55325
55325	55325	55325
55325	55325	55325
55325	55325	55325
55325	55325	55325
55325	55325	55325
55325	55325	55325
55325	55325	55325
55325	55325	55325
55325	55325	55325
55325	55325	55325
55325	55325	55325
55325	55325	55325
55325	55325	55325
55325	55325	55325
55325	55325	55325
55325	55325	55325
55325	55325	55325
55325	55325	55325
55325	55325	55325
55325	55325	55325
55325	55325	55325
55325	55325	55325
55325	55325	55325
55325	55325	55325
55325	55325	55325
55325	55325	55325
55325	55325	55325
55325	55325	55325
55325	55325	55325
55325	55325	55325
55325	55325	55325
55325	55325	55325
55325	55325	55325
55325	55325	55325
55325	55325	55325
55325	55325	55325
55325	55325	55325
55325	55325	55325
55325	55325	55325
55325	55325	55325
55325	55325	55325
55325	55325	55325
55325	55325	55325
55325	55325	55325
55325	55325	55325
55325	55325	55325
55325	55325	55325
55325	55325	55325
55325	55325	55325
55325	55325	55325
55325	55325	55325
55325	55325	55325
55325	55325	55325
55325	55325	55325
55325	55325	55325
55325	55325	55325
55325	55325	55325
55325	55325	55325
55325	55325	55325
55325	55325	55325
55325	55325	55325
55325	55325	55325
55325	55325	55325
55325	55325	55325
55325	55325	55325
55325	55325	55325
55325	55325	55325
55325	55325	55325
55325	55325	55325
55325	55325	55325
55325	55325	55325
55325	55325	55325
55325	55325	55325
55325	55325	55325
55325	55325	55325
55325	55325	55325
55325	55325	55325
55325	55325	55325
55325	55325	55325
55325	55325	55325
55325	55325	55325
55325	55325	55325
55325	55325	55325
55325	55325	55325
55325	55325	55325
55325	55325	55325
55325	55325	55325
55325	55325	55325
55325	55325	55325
55325	55325	55325
55325	55325	55325
55325	55325	55325
55325	55325	55325
55325	55325	55325
55325	55325	55325
55325	55325	55325
55325	55325	55325
55325	55325	55325
55325	55325	55325
55325	55325	55325
55325	55325	55325
55325	55325	55325
55325	55325	55325
55325	55325	55325
55325	55325	55325
55325	55325	55325
55325	55325	55325
55325	55325	55325
55325	55325	55325
55325	55325	55325
55325	55325	55325
55325	55325	55325
55325	55325	55325
55325	55325	55325
55325	55325	55325
55325	55325	55325
55325	55325	55325
55325	55325	55325
55325	55325	55325
55325	55325	55325
55325	55325	55325
55325	55325	55325
55325	55325	55325
55325	55325	55325
55325	55325	55325
55325	55325	55325
55325	55325	55325
55325	55325	55325
55325	55325	55325
55325	55325	55325
55325	55325	55325
55325	55325	55325
55325	55325	55325
55325	55325	55325
55325	55325	55325
55325	55325	55325
55325	55325	55325
55325	55325	55325
55325	55325	55325
55325	55325	55325
55325	55325	55325
55325	55325	55325
55325	55325	55325
55325	55325	55325
55325	55325	55325
55325	55325	55325
55325	55325	55325
55325	55325	55325
55325	55325	55325
55325	55325	55325
55325	55325	55325
55325	55325	55325
55325	55325	55325
55325	55325	55325
55325	55325	55325
55325	55325	55325
55325	55325	55325
55325	55325	55325
55325	55325	55325
55325	55325	55325
55325	55325	55325
55325	55325	55325
55325	55325	55325
55325	55325	55325
55325	55325	55325
55325	55325	55325
55325	55325	55325
55325	55325	55325
55325	55325	55325
55325	55325	55325
55325	55325	55325
55325	55325	55325
55325	55325	55325
55325	55325	55325
55325	55325	55325
55325	55325	55325
55325	55325	55325
55325	55325	55325
55325	55325	55325
55325	55325	55325
55325	55325	55325
55325	55325	55325
55325	55325	55325
55325	55325	55325
55325	55325	55325
55325	55325	55325
55325	55325	55325
55325	55325	55325
55325	55325	55325
55325	55325	55325
55325	55325	55325
55325	55325	55325
55325	55325	55325
55325	55325	55325
55325	55325	55325
55325	55325	55325
55325	55325	55325
55325	55325	55325
55325	55325	55325
55325	55325	55325
55325	55325	55325
55325	55325	55325
55325	55325	55325
55325	55325	55325
55325	55325	55325
55325	55325	55325
55325	55325	55325
55325	55325	55325
55325	55325	55325
55325	55325	55325
55325	55325	55325
55325	55325	55325
55325	55325	55325
55325	55325	55325
55325	55325	55325
55325	55325	55325
55325	55325	55325
55325	55325	55325
55325	55325	55325
55325	55325	55325
55325	55325	55325
55325	55325	55325
55325	55325	55325
55325	55325	55325
55325	55325	55325
55325	55325	55325
55325	55325	55325
55325	55325	55325
55325	55325	55325
55325	55325	55325
55325	55325	55325
55325	55325	55325
55325	55325	55325
55325	55325	55325
55325	55325	55325
55325	55325	55325
55325	55325	55325
55325	55325	55325
55325	55325	55325
55325	55325	55325
55325	55325	55325
55325	55325	55325
55325	55325	55325
55325	55325	55325
55325	55325	55325
55325	55325	55325
55325	55325	55325
55325	55325	55325
55325	55325	55325
55325	55325	55325
55325	55325	55325
55325	55325	55325
55325	55325	55325
55325	55325	55325
55325	55325	55325
55325	55325	55325
55325	55325	55325
55325	55325	55325
55325	55325	55325
55325	55325	55325
55325	55325	55325
55325	55325	55325
55325	55325	55325
55325	55325	55325
55325	55325	55325
55325	55325	55325
55325	55325	55325
55325	55325	55325
55325	55325	55325
55325	55325	55325
55325	55325	55325
55325	55325	55325
55325	55325	55325
55325	55325	55325
55325	55325	55325
55325	55325	55325
55325	55325	55325
55325	55325	55325
55325	55325	55325
55325	55325	55325
55325	55325	55325
55325	55325	55325
55325	55325	55325
55325	55325	55325
55325	55325	55325
55325	55325	55325
55325	55325	55325
55325	55325	55325
55325	55325	55325
55325	55325	55325
55325	55325	55325
55325	55325	55325
55325	55325	55325
55325	55325	55325
55325	55325	55325
55325	55325	55325
55325	55325	55325
55325	55325	55325
55325	55325	55325
55325	55325	55325
55325	55325	55325
55325	55325	55325
55325	55325	55325
55325	55325	55325
55325	55325	55325
55325	55325	55325
55325	55325	55325
55325	55325	55325
55325	55325	55325
55325	55325	55325
55325	55325	55325
55325	55325	55325
55325	55325	55325
55325	55325	55325
55325	55325	55325
55325	55325	55325
55325	55325	55325
55325	55325	55325
55325	55325	55325
55325	55325	55325
55325	55325	55325
55325	55325	55325
55325	55325	55325
55325	55325	55325
55325	55325	55325
55325	55325	55325
55325	55325	55325
55325	55325	55325
55325	55325	55325
55325	55325	55325
55325	55325	55325
55325	55325	55325
55325	55325	55325
55325	55325	55325
55325	55325	55325
55325	55325	55325
55325	55325	55325
55325	55325	55325
55325	55325	55325
55325	55325	55325
55325	55325	55325
55325	55325	55325
55325	55325	55325
55325	55325	55325
55325	55325	55325
55325	55325	55325
55325	55325	55325
55325	55325	55325
55325	55325	55325
55325	55325	55325
55325	55325	55325
55325	55325	55325
55325	55325	55325
55325	55325	55325
55325	55325	55325
55325	55325	55325
55325	55325	55325
55325	55325	55325
55325	55325	55325
55325	55325	55325
55325	55325	55325
55325	55325	55325
55325	55325	55325
55325	55325	55325
55325	55325	55325
55325	55325	55325
55325	55325	55325
55325	55325	55325
55325	55325	55325
55325	55325	55325
55325	55325	55325
55325	55325	55325
55325	55325	55325
55325	55325	55325
55325	55325	55325
55325	55325	55325
55325	55325	55325
55325	55325	55325
55325	55325	55325
55325	55325	55325
55325	55325	55325
55325	55325	55325
55325	55325	55325
55325	55325	55325
55325	55325	55325
55325	55325	55325
55325	55325	55325
55325	55325	55325
55325	55325	55325
55325	55325	55325
55325	55325	55325
55325	55325	55325
55325	55325	55325
55325	55325	55325
55325	55325	55325
55325	55325	55325
55325	55325	55325
55325	55325	55325
55325	55325	55325
55325	55325	55325
55325	55325	55325
55325	55325	55325
55325	55325	55325
55325	55325	55325
55325	55325	55325
55325	55325	55325
55325	55325	55325
55325	55325	55325
55325	55325	55325
55325	55325	55325
55325	55325	55325
55325	55325	55325
55325	55325	55325
55325	55325	55325
55325	55325	55325
55325	55325	55325
55325	55325	55325
55325	55325	55325
55325	55325	55325
55325	55325	55325
55325	55325	55325
55325	55325	55325
55325	55325	55325
55325	55325	55325
55325	55325	55325
55325	55325	55325
55325	55325	55325
55325	55325	55325
55325	55325	55325
55325	55325	55325
55325	55325	55325
55325	55325	55325
55325	55325	55325
55325	55325	55325
55325	55325	55325
55325	55325	55325
55325	55325	55325
55325	55325	55325
55325	55325	55325
55325	55325	55325
55325	55325	55325
55325	55325	55325
55325	55325	55325
55325	55325	55325
55325	55325	55325
55325	55325	55325
55325	55325	55325
55325	55325	55325
55325	55325	55325
55325	55325	55325
55325	55325	55325
55325	55325	55325
55325	55325	55325
55325	55325	55325
55325	55325	55325
55325	55325	55325
55325	55325	55325
55325	55325	55325
55325	55325	55325
55325	55325	55325
55325	55325	55325
55325	55325	55325
55325	55325	55325
55325	55325	55325
55325	55325	55325
55325	55325	55325
55325	55325	55325
55325	55325	55325
55325	55325	55325
55325	55325	55325
55325	55325	55325
55325	55325	55325
55325	55325	55325
55325	55325	55325
55325	55325	55325
55325	55325	55325
55325	55325	55325
55325	55325	55325
55325	55325	55325
55325	55325	55325
55325	55325	55325
55325	55325	55325
55325	55325	55325
55325	55325	55325
55325	55325	55325
55325	55325	55325
55325	55325	55325
55325	55325	55325
55325	55325	55325
55325	55325	55325
55325	55325	55325
55325	55325	55325
55325	55325	55325
55325	55325	55325
55325	55325	55325
55325	55325	55325
55325	55325	55325
55325	55325	55325
55325	55325	55325
55325	55325	55325
55325	55325	55325
55325	55325	55325
55325	55325	55325
55325	55325	55325
55325	55325	55325
55325	55325	55325
55325	55325	55325
55325	55325	55325
55325	55325	55325
55325	55325	55325
55325	55325	55325
55325	55325	55325
55325	55325	55325
55325	55325	55325
55325	55325	55325
55325	55325	55325
55325	55325	55325
55325	55325	55325
55325	55325	55325
55325	55325	55325
55325	55325	55325
55325	55325	55325
55325	55325	55325
55325	55325	55325
55325	55325	55325
55325	55325	55325
55325	55325	55325
55325	55325	55325
55325	55325	55325
55325	55325	55325
55325	55325	55325
55325	55325	55325
55325	55325	55325
55325	55325	55325
55325	55325	55325
55325	55325	55325
55325	55325	55325
55325	55325	55325
55325	55325	55325
